errors	shape		t		lossrate	PM

0	1111111111		50		0		27530
1	1111111111		41		0		45495
2	1111111111		33		0.168028		48711
2	1111111111		32		0.134034		48923
2	1111111111		31		0		49593
3	1111111111		28		0.154228		49801
3	1111111111		27		0.115493		49844
3	1111111111		26		0.0844003		49882
3	1111111111		25		0.0595289		49910
3	1111111111		24		0.0408294		49934
3	1111111111		23		0.0270269		49960
3	1111111111		22		0.0166167		49972
3	1111111111		21		0		49990
4	1111111111		24		0.182762		49934
4	1111111111		23		0.144163		49960
4	1111111111		22		0.111385		49972
4	1111111111		21		0.0836038		49990
4	1111111111		20		0.0573751		49996
4	1111111111		19		0.0388907		49996
4	1111111111		18		0.025763		49996
4	1111111111		17		0.0165198		49996
4	1111111111		16		0.0100618		49997
4	1111111111		15		0.00568628		49998
4	1111111111		14		0.00296438		49999
4	1111111111		13		0.00137091		50000
4	1111111111		12		0.000493407		50000
4	1111111111		11		0		50001
5	1111111111		20		0.177328		49996
5	1111111111		19		0.140168		49996
5	1111111111		18		0.107994		49996
5	1111111111		17		0.0810374		49996
5	1111111111		16		0.0589343		49997
5	1111111111		15		0.0412754		49998
5	1111111111		14		0.027988		49999
5	1111111111		13		0.0184042		50000
5	1111111111		12		0.0115476		50000
5	1111111111		11		0.00686187		50001
5	1111111111		10		0.00380361		50002
5	1111111111		9		0.00200355		50038
5	1111111111		8		0.00099802		50099
5	1111111111		7		0.000436664		50324
5	1111111111		6		0.0001688		51755
5	1111111111		5		4.86374e-05		57472
5	1111111111		4		1.14441e-05		78220
5	1111111111		3		2.86102e-06		162018
5	1111111111		2		0		502097
6	1111111111		17		0.187609		49996
6	1111111111		16		0.149451		49997
6	1111111111		15		0.115758		49998
6	1111111111		14		0.0874007		49999
6	1111111111		13		0.0644252		50000
6	1111111111		12		0.0460709		50000
6	1111111111		11		0.0318033		50001
6	1111111111		10		0.021147		50002
6	1111111111		9		0.0134772		50038
6	1111111111		8		0.0081529		50099
6	1111111111		7		0.004664		50324
6	1111111111		6		0.00248218		51755
6	1111111111		5		0.00121522		57472
6	1111111111		4		0.000535846		78220
6	1111111111		3		0.000193596		162018
6	1111111111		2		5.81741e-05		502097
6	1111111111		1		1.33514e-05		1885596
7	1111111111		14		0.177467		49999
7	1111111111		13		0.140232		50000
7	1111111111		12		0.108049		50000
7	1111111111		11		0.0809515		50001
7	1111111111		10		0.0588168		50002
7	1111111111		9		0.0413157		50038
7	1111111111		8		0.0278443		50099
7	1111111111		7		0.0178995		50324
7	1111111111		6		0.0108818		51755
7	1111111111		5		0.00617021		57472
7	1111111111		4		0.00321442		78220
7	1111111111		3		0.00147998		162018
7	1111111111		2		0.000563443		502097
7	1111111111		1		0.00015831		1885596
0	111001001010011101		42		0		27530
1	111001001010011101		33		0		46737
2	111001001010011101		29		0.174559		48618
2	111001001010011101		28		0.125928		48926
2	111001001010011101		27		0.0700138		49264
2	111001001010011101		26		0.0346004		49505
2	111001001010011101		25		0.0174173		49660
2	111001001010011101		24		0.00635552		49780
2	111001001010011101		23		0		49861
3	111001001010011101		24		0.155017		49780
3	111001001010011101		23		0.104786		49861
3	111001001010011101		22		0.065708		49907
3	111001001010011101		21		0.0362847		49941
3	111001001010011101		20		0.0169182		49961
3	111001001010011101		19		0.00774634		49975
3	111001001010011101		18		0.00283933		49984
3	111001001010011101		17		0.000455737		49988
3	111001001010011101		16		5.50747e-05		49993
3	111001001010011101		15		0		49997
4	111001001010011101		20		0.144335		49961
4	111001001010011101		19		0.0974283		49975
4	111001001010011101		18		0.0615119		49984
4	111001001010011101		17		0.0347498		49988
4	111001001010011101		16		0.0175875		49993
4	111001001010011101		15		0.00773096		49997
4	111001001010011101		14		0.00271189		49997
4	111001001010011101		13		0.000804126		49999
4	111001001010011101		12		0.000192642		49999
4	111001001010011101		11		2.6226e-05		50000
4	111001001010011101		10		0		50000
5	111001001010011101		17		0.154574		49988
5	111001001010011101		16		0.105758		49993
5	111001001010011101		15		0.067251		49997
5	111001001010011101		14		0.0388522		49997
5	111001001010011101		13		0.0198579		49999
5	111001001010011101		12		0.00882524		49999
5	111001001010011101		11		0.00341117		50000
5	111001001010011101		10		0.00109518		50000
5	111001001010011101		9		0.000266016		50000
5	111001001010011101		8		3.62396e-05		50000
5	111001001010011101		7		2.86102e-06		50000
5	111001001010011101		6		0		50000
6	111001001010011101		15		0.195107		49997
6	111001001010011101		14		0.138481		49997
6	111001001010011101		13		0.0913113		49999
6	111001001010011101		12		0.0549078		49999
6	111001001010011101		11		0.0297069		50000
6	111001001010011101		10		0.0142033		50000
6	111001001010011101		9		0.00582993		50000
6	111001001010011101		8		0.00197977		50000
6	111001001010011101		7		0.000550091		50000
6	111001001010011101		6		0.000108719		50000
6	111001001010011101		5		1.23978e-05		50000
6	111001001010011101		4		2.86102e-06		50001
6	111001001010011101		3		0		50082
7	111001001010011101		12		0.15333		49999
7	111001001010011101		11		0.100855		50000
7	111001001010011101		10		0.0604436		50000
7	111001001010011101		9		0.0324171		50000
7	111001001010011101		8		0.0150631		50000
7	111001001010011101		7		0.00584984		50000
7	111001001010011101		6		0.00179797		50000
7	111001001010011101		5		0.000410974		50000
7	111001001010011101		4		7.43866e-05		50001
7	111001001010011101		3		7.62939e-06		50082
7	111001001010011101		2		0		53173
0	1111111000111		47		0		27530
1	1111111000111		38		0		46070
2	1111111000111		32		0.157254		48739
2	1111111000111		31		0.100279		49074
2	1111111000111		30		0.0780695		49256
2	1111111000111		29		0.0597253		49398
2	1111111000111		28		0		49732
3	1111111000111		27		0.161135		49793
3	1111111000111		26		0.117651		49851
3	1111111000111		25		0.0736154		49895
3	1111111000111		24		0.0494666		49926
3	1111111000111		23		0.0354922		49947
3	1111111000111		22		0.0173432		49967
3	1111111000111		21		0.0064941		49978
3	1111111000111		20		0.00353473		49985
3	1111111000111		19		0.00159711		49990
3	1111111000111		18		0		49995
4	1111111000111		23		0.17163		49947
4	1111111000111		22		0.129459		49967
4	1111111000111		21		0.0925177		49978
4	1111111000111		20		0.0639437		49985
4	1111111000111		19		0.0408539		49990
4	1111111000111		18		0.0246995		49995
4	1111111000111		17		0.0146009		49998
4	1111111000111		16		0.00784642		49999
4	1111111000111		15		0.00313836		49999
4	1111111000111		14		0.00109422		49999
4	1111111000111		13		0.000331819		49999
4	1111111000111		12		1.57356e-05		49999
4	1111111000111		11		0		49999
5	1111111000111		19		0.155022		49990
5	1111111000111		18		0.115026		49995
5	1111111000111		17		0.0820841		49998
5	1111111000111		16		0.0564181		49999
5	1111111000111		15		0.0363539		49999
5	1111111000111		14		0.0216182		49999
5	1111111000111		13		0.0117456		49999
5	1111111000111		12		0.00564218		49999
5	1111111000111		11		0.0024156		49999
5	1111111000111		10		0.000853181		49999
5	1111111000111		9		0.000213623		50000
5	1111111000111		8		3.8147e-05		50001
5	1111111000111		7		4.76837e-06		50009
5	1111111000111		6		0		50043
6	1111111000111		16		0.158115		49999
6	1111111000111		15		0.11816		49999
6	1111111000111		14		0.0844717		49999
6	1111111000111		13		0.0571323		49999
6	1111111000111		12		0.0360156		49999
6	1111111000111		11		0.0208594		49999
6	1111111000111		10		0.0109404		49999
6	1111111000111		9		0.00500757		50000
6	1111111000111		8		0.00199407		50001
6	1111111000111		7		0.000656843		50009
6	1111111000111		6		0.00017643		50043
6	1111111000111		5		3.62396e-05		50116
6	1111111000111		4		4.76837e-06		50470
6	1111111000111		3		0		58890
7	1111111000111		14		0.187652		49999
7	1111111000111		13		0.142288		49999
7	1111111000111		12		0.102867		49999
7	1111111000111		11		0.0702626		49999
7	1111111000111		10		0.0447389		49999
7	1111111000111		9		0.0259492		50000
7	1111111000111		8		0.013528		50001
7	1111111000111		7		0.00617403		50009
7	1111111000111		6		0.00240135		50043
7	1111111000111		5		0.000803649		50116
7	1111111000111		4		0.000224113		50470
7	1111111000111		3		5.05447e-05		58890
7	1111111000111		2		9.53674e-06		182819
7	1111111000111		1		1.90735e-06		2194960
0	11111111111		49		0		27530
1	11111111111		39		0		45729
2	11111111111		31		0.164777		48742
2	11111111111		30		0.132492		48944
2	11111111111		29		0.103796		49131
2	11111111111		28		0		49666
3	11111111111		26		0.172528		49774
3	11111111111		25		0.131363		49834
3	11111111111		24		0.0980231		49870
3	11111111111		23		0.0711619		49904
3	11111111111		22		0.0507443		49925
3	11111111111		21		0.0355414		49947
3	11111111111		20		0.0240079		49968
3	11111111111		19		0.0153024		49973
3	11111111111		18		0.00877678		49985
3	11111111111		17		0		49995
4	11111111111		22		0.196004		49925
4	11111111111		21		0.157359		49947
4	11111111111		20		0.124299		49968
4	11111111111		19		0.0962379		49973
4	11111111111		18		0.0727084		49985
4	11111111111		17		0.0534578		49995
4	11111111111		16		0.0365133		49996
4	11111111111		15		0.0244362		49996
4	11111111111		14		0.0158927		49996
4	11111111111		13		0.00988239		49996
4	11111111111		12		0.00577492		49998
4	11111111111		11		0.00318211		50000
4	11111111111		10		0.00163472		50001
4	11111111111		9		0.000744045		50002
4	11111111111		8		0.000274599		50038
4	11111111111		7		6.91414e-05		50098
4	11111111111		6		0		50322
5	11111111111		18		0.189225		49985
5	11111111111		17		0.153257		49995
5	11111111111		16		0.121904		49996
5	11111111111		15		0.0943687		49996
5	11111111111		14		0.0711338		49996
5	11111111111		13		0.0518981		49996
5	11111111111		12		0.0364246		49998
5	11111111111		11		0.0247437		50000
5	11111111111		10		0.0162975		50001
5	11111111111		9		0.010261		50002
5	11111111111		8		0.00614178		50038
5	11111111111		7		0.0034492		50098
5	11111111111		6		0.00179702		50322
5	11111111111		5		0.00085032		51730
5	11111111111		4		0.000368059		57444
5	11111111111		3		0.000132561		78141
5	11111111111		2		3.52859e-05		161805
5	11111111111		1		6.67572e-06		501647
6	11111111111		15		0.198042		49996
6	11111111111		14		0.161141		49996
6	11111111111		13		0.127945		49996
6	11111111111		12		0.0985479		49998
6	11111111111		11		0.0738758		50000
6	11111111111		10		0.0539556		50001
6	11111111111		9		0.0381122		50002
6	11111111111		8		0.0259306		50038
6	11111111111		7		0.0168743		50098
6	11111111111		6		0.0104252		50322
6	11111111111		5		0.00603467		51730
6	11111111111		4		0.00322396		57444
6	11111111111		3		0.00153136		78141
6	11111111111		2		0.000613034		161805
6	11111111111		1		0.000174522		501647
7	11111111111		12		0.186283		49998
7	11111111111		11		0.148675		50000
7	11111111111		10		0.115893		50001
7	11111111111		9		0.0878401		50002
7	11111111111		8		0.0644823		50038
7	11111111111		7		0.0456313		50098
7	11111111111		6		0.030886		50322
7	11111111111		5		0.0198205		51730
7	11111111111		4		0.0118379		57444
7	11111111111		3		0.00645262		78141
7	11111111111		2		0.00303853		161805
7	11111111111		1		0.00109518		501647
0	11111101110101		46		0		27530
1	11111101110101		36		0		46246
2	11111101110101		31		0.194457		48524
2	11111101110101		30		0.151552		48790
2	11111101110101		29		0.118001		49027
2	11111101110101		28		0.094142		49207
2	11111101110101		27		0.0668634		49376
2	11111101110101		26		0.0441628		49523
2	11111101110101		25		0		49786
3	11111101110101		25		0.17863		49786
3	11111101110101		24		0.126469		49844
3	11111101110101		23		0.09069		49890
3	11111101110101		22		0.0643357		49911
3	11111101110101		21		0.0422982		49938
3	11111101110101		20		0.0271883		49957
3	11111101110101		19		0.0164821		49970
3	11111101110101		18		0.00952852		49981
3	11111101110101		17		0.00522602		49985
3	11111101110101		16		0.00195193		49990
3	11111101110101		15		0.000417411		49994
3	11111101110101		14		0		49996
4	11111101110101		21		0.181515		49938
4	11111101110101		20		0.139777		49957
4	11111101110101		19		0.105355		49970
4	11111101110101		18		0.0769324		49981
4	11111101110101		17		0.0542014		49985
4	11111101110101		16		0.0367306		49990
4	11111101110101		15		0.0231925		49994
4	11111101110101		14		0.0135708		49996
4	11111101110101		13		0.00735569		49997
4	11111101110101		12		0.00351572		49999
4	11111101110101		11		0.00137043		49999
4	11111101110101		10		0.000339448		49999
4	11111101110101		9		3.19481e-05		49999
4	11111101110101		8		0		50001
5	11111101110101		17		0.164608		49985
5	11111101110101		16		0.12723		49990
5	11111101110101		15		0.0952595		49994
5	11111101110101		14		0.0684707		49996
5	11111101110101		13		0.0469156		49997
5	11111101110101		12		0.0303581		49999
5	11111101110101		11		0.0182198		49999
5	11111101110101		10		0.00980216		49999
5	11111101110101		9		0.00445324		49999
5	11111101110101		8		0.00159234		50001
5	11111101110101		7		0.000422418		50009
5	11111101110101		6		4.57764e-05		50016
5	11111101110101		5		9.53674e-07		50070
5	11111101110101		4		0		50207
6	11111101110101		14		0.167012		49996
6	11111101110101		13		0.128237		49997
6	11111101110101		12		0.0947624		49999
6	11111101110101		11		0.0668862		49999
6	11111101110101		10		0.0444666		49999
6	11111101110101		9		0.0271505		49999
6	11111101110101		8		0.0146526		50001
6	11111101110101		7		0.00659478		50009
6	11111101110101		6		0.00225383		50016
6	11111101110101		5		0.000540614		50070
6	11111101110101		4		0.000102043		50207
6	11111101110101		3		5.72205e-06		51078
6	11111101110101		2		0		60262
7	11111101110101		12		0.192282		49999
7	11111101110101		11		0.148655		49999
7	11111101110101		10		0.110294		49999
7	11111101110101		9		0.0774671		49999
7	11111101110101		8		0.0503923		50001
7	11111101110101		7		0.0292163		50009
7	11111101110101		6		0.0142437		50016
7	11111101110101		5		0.00545532		50070
7	11111101110101		4		0.00148284		50207
7	11111101110101		3		0.000266016		51078
7	11111101110101		2		2.38419e-05		60262
7	11111101110101		1		1.90735e-06		598636
0	11111110001111		46		0		27530
1	11111110001111		36		0		46275
2	11111110001111		30		0.169719		48673
2	11111110001111		29		0.0971709		49085
2	11111110001111		28		0.0762326		49265
2	11111110001111		27		0.0588859		49395
2	11111110001111		26		0.0441628		49506
2	11111110001111		25		0		49783
3	11111110001111		25		0.174376		49783
3	11111110001111		24		0.132384		49837
3	11111110001111		23		0.0957799		49886
3	11111110001111		22		0.0648165		49912
3	11111110001111		21		0.0390229		49943
3	11111110001111		20		0.0276071		49958
3	11111110001111		19		0.0171801		49973
3	11111110001111		18		0.00484502		49982
3	11111110001111		17		0.00263584		49986
3	11111110001111		16		0.00123233		49992
3	11111110001111		15		0.000417411		49997
3	11111110001111		14		0		49999
4	11111110001111		21		0.18984		49943
4	11111110001111		20		0.146142		49958
4	11111110001111		19		0.110245		49973
4	11111110001111		18		0.0790212		49982
4	11111110001111		17		0.0539001		49986
4	11111110001111		16		0.0350453		49992
4	11111110001111		15		0.0210167		49997
4	11111110001111		14		0.0112643		49999
4	11111110001111		13		0.00608069		49999
4	11111110001111		12		0.00263155		49999
4	11111110001111		11		0.000752151		49999
4	11111110001111		10		0.000243187		49999
4	11111110001111		9		5.43594e-05		49999
4	11111110001111		8		2.38419e-06		49999
4	11111110001111		7		0		50000
5	11111110001111		17		0.172388		49986
5	11111110001111		16		0.131628		49992
5	11111110001111		15		0.0970335		49997
5	11111110001111		14		0.0684201		49999
5	11111110001111		13		0.0456049		49999
5	11111110001111		12		0.0284541		49999
5	11111110001111		11		0.0162422		49999
5	11111110001111		10		0.00834018		49999
5	11111110001111		9		0.00373995		49999
5	11111110001111		8		0.00144947		49999
5	11111110001111		7		0.000490069		50000
5	11111110001111		6		0.000138283		50002
5	11111110001111		5		2.86102e-05		50043
5	11111110001111		4		3.8147e-06		50101
5	11111110001111		3		0		51958
6	11111110001111		14		0.172501		49999
6	11111110001111		13		0.131181		49999
6	11111110001111		12		0.0953519		49999
6	11111110001111		11		0.0657483		49999
6	11111110001111		10		0.0422414		49999
6	11111110001111		9		0.0247083		49999
6	11111110001111		8		0.0132175		49999
6	11111110001111		7		0.00627446		50000
6	11111110001111		6		0.00254875		50002
6	11111110001111		5		0.000939906		50043
6	11111110001111		4		0.000278413		50101
6	11111110001111		3		7.05719e-05		51958
6	11111110001111		2		1.52588e-05		82256
6	11111110001111		1		1.90735e-06		574450
7	11111110001111		12		0.197628		49999
7	11111110001111		11		0.151058		49999
7	11111110001111		10		0.1099		49999
7	11111110001111		9		0.074583		49999
7	11111110001111		8		0.0472537		49999
7	11111110001111		7		0.0271719		50000
7	11111110001111		6		0.0137331		50002
7	11111110001111		5		0.00637114		50043
7	11111110001111		4		0.0024156		50101
7	11111110001111		3		0.000716925		51958
7	11111110001111		2		0.000198364		82256
7	11111110001111		1		3.14713e-05		574450
0	111111111111		48		0		27530
1	111111111111		37		0		45939
2	111111111111		30		0.195537		48556
2	111111111111		29		0.160235		48779
2	111111111111		28		0.129708		48964
2	111111111111		27		0.102544		49148
2	111111111111		26		0.0790843		49329
2	111111111111		25		0		49707
3	111111111111		24		0.187069		49764
3	111111111111		23		0.144134		49818
3	111111111111		22		0.108837		49862
3	111111111111		21		0.080192		49900
3	111111111111		20		0.0585086		49923
3	111111111111		19		0.0422763		49943
3	111111111111		18		0.0297825		49959
3	111111111111		17		0.0202987		49970
3	111111111111		16		0.0131891		49980
3	111111111111		15		0.00789535		49987
3	111111111111		14		0.0041126		49990
3	111111111111		13		0		49995
4	111111111111		19		0.165052		49943
4	111111111111		18		0.132145		49959
4	111111111111		17		0.104031		49970
4	111111111111		16		0.0804391		49980
4	111111111111		15		0.0607782		49987
4	111111111111		14		0.0446615		49990
4	111111111111		13		0.0318453		49995
4	111111111111		12		0.021266		49996
4	111111111111		11		0.0137651		49996
4	111111111111		10		0.00849432		49996
4	111111111111		9		0.00494069		50000
4	111111111111		8		0.00272572		50002
4	111111111111		7		0.00140142		50038
4	111111111111		6		0.000650644		50098
4	111111111111		5		0.000256479		50321
4	111111111111		4		7.86781e-05		51730
4	111111111111		3		1.33514e-05		57434
4	111111111111		2		1.43051e-06		78124
4	111111111111		1		0		161778
5	111111111111		16		0.194148		49980
5	111111111111		15		0.158999		49987
5	111111111111		14		0.127825		49990
5	111111111111		13		0.100848		49995
5	111111111111		12		0.0778972		49996
5	111111111111		11		0.0583041		49996
5	111111111111		10		0.0419993		49996
5	111111111111		9		0.0290358		50000
5	111111111111		8		0.0193567		50002
5	111111111111		7		0.0124003		50038
5	111111111111		6		0.00753981		50098
5	111111111111		5		0.00428993		50321
5	111111111111		4		0.00222057		51730
5	111111111111		3		0.00102752		57434
5	111111111111		2		0.000389993		78124
5	111111111111		1		0.000103951		161778
6	111111111111		13		0.199899		49995
6	111111111111		12		0.164001		49996
6	111111111111		11		0.131775		49996
6	111111111111		10		0.102914		49996
6	111111111111		9		0.0778382		50000
6	111111111111		8		0.0570613		50002
6	111111111111		7		0.0404723		50038
6	111111111111		6		0.0275012		50098
6	111111111111		5		0.0177478		50321
6	111111111111		4		0.0107064		51730
6	111111111111		3		0.00590008		57434
6	111111111111		2		0.00285029		78124
6	111111111111		1		0.001059		161778
7	111111111111		10		0.185729		49996
7	111111111111		9		0.148658		50000
7	111111111111		8		0.115851		50002
7	111111111111		7		0.0876739		50038
7	111111111111		6		0.063953		50098
7	111111111111		5		0.044657		50321
7	111111111111		4		0.0294691		51730
7	111111111111		3		0.0179988		57434
7	111111111111		2		0.00984371		78124
7	111111111111		1		0.00438017		161778
0	1110100111010011101		41		0		27530
1	1110100111010011101		30		0		47045
2	1110100111010011101		26		0.175003		48655
2	1110100111010011101		25		0.133721		48936
2	1110100111010011101		24		0.0985732		49151
2	1110100111010011101		23		0.0679808		49362
2	1110100111010011101		22		0.033277		49556
2	1110100111010011101		21		0.0188539		49688
2	1110100111010011101		20		0.0080049		49799
2	1110100111010011101		19		0.00261325		49872
2	1110100111010011101		18		0		49908
3	1110100111010011101		21		0.180879		49688
3	1110100111010011101		20		0.134901		49799
3	1110100111010011101		19		0.0955721		49872
3	1110100111010011101		18		0.0640082		49908
3	1110100111010011101		17		0.0405641		49931
3	1110100111010011101		16		0.0224826		49960
3	1110100111010011101		15		0.0117472		49976
3	1110100111010011101		14		0.00465		49984
3	1110100111010011101		13		0.00149661		49988
3	1110100111010011101		12		0.000210762		49994
3	1110100111010011101		11		0		49996
4	1110100111010011101		17		0.177198		49931
4	1110100111010011101		16		0.131503		49960
4	1110100111010011101		15		0.0931354		49976
4	1110100111010011101		14		0.0618748		49984
4	1110100111010011101		13		0.0384598		49988
4	1110100111010011101		12		0.0209023		49994
4	1110100111010011101		11		0.00988621		49996
4	1110100111010011101		10		0.00393522		49998
4	1110100111010011101		9		0.00129807		50000
4	1110100111010011101		8		0.000305593		50000
4	1110100111010011101		7		5.24521e-05		50000
4	1110100111010011101		6		2.38419e-06		50000
4	1110100111010011101		5		0		50000
5	1110100111010011101		14		0.186921		49984
5	1110100111010011101		13		0.138907		49988
5	1110100111010011101		12		0.0971971		49994
5	1110100111010011101		11		0.063261		49996
5	1110100111010011101		10		0.0372036		49998
5	1110100111010011101		9		0.0196354		50000
5	1110100111010011101		8		0.00887251		50000
5	1110100111010011101		7		0.00332659		50000
5	1110100111010011101		6		0.000959873		50000
5	1110100111010011101		5		0.000210762		50000
5	1110100111010011101		4		2.57492e-05		50000
5	1110100111010011101		3		9.53674e-07		50018
5	1110100111010011101		2		0		50410
6	1110100111010011101		11		0.166933		49996
6	1110100111010011101		10		0.117443		49998
6	1110100111010011101		9		0.0765191		50000
6	1110100111010011101		8		0.0450887		50000
6	1110100111010011101		7		0.0234398		50000
6	1110100111010011101		6		0.0103403		50000
6	1110100111010011101		5		0.00370389		50000
6	1110100111010011101		4		0.00094372		50000
6	1110100111010011101		3		0.000155449		50018
6	1110100111010011101		2		1.62125e-05		50410
6	1110100111010011101		1		0		174825
7	1110100111010011101		9		0.1729		50000
7	1110100111010011101		8		0.118353		50000
7	1110100111010011101		7		0.0737009		50000
7	1110100111010011101		6		0.0406672		50000
7	1110100111010011101		5		0.0189049		50000
7	1110100111010011101		4		0.00701624		50000
7	1110100111010011101		3		0.00185126		50018
7	1110100111010011101		2		0.000307977		50410
7	1110100111010011101		1		2.28882e-05		174825
0	111111111000111		45		0		27530
1	111111111000111		34		0		46539
2	111111111000111		29		0.197363		48519
2	111111111000111		28		0.147144		48822
2	111111111000111		27		0.1202		49009
2	111111111000111		26		0.0968001		49192
2	111111111000111		25		0.0572532		49429
2	111111111000111		24		0.0433776		49533
2	111111111000111		23		0.0315309		49632
2	111111111000111		22		0		49836
3	111111111000111		23		0.17986		49632
3	111111111000111		22		0.135119		49836
3	111111111000111		21		0.100165		49875
3	111111111000111		20		0.072111		49906
3	111111111000111		19		0.0462944		49935
3	111111111000111		18		0.032326		49953
3	111111111000111		17		0.0225637		49963
3	111111111000111		16		0.0110712		49978
3	111111111000111		15		0.00648606		49984
3	111111111000111		14		0.00324696		49989
3	111111111000111		13		0.000691891		49996
3	111111111000111		12		0.00021553		49999
3	111111111000111		11		2.93255e-05		49999
3	111111111000111		10		0		49999
4	111111111000111		19		0.187324		49935
4	111111111000111		18		0.146491		49953
4	111111111000111		17		0.113075		49963
4	111111111000111		16		0.0839075		49978
4	111111111000111		15		0.0596982		49984
4	111111111000111		14		0.0408219		49989
4	111111111000111		13		0.0255455		49996
4	111111111000111		12		0.0152505		49999
4	111111111000111		11		0.008448		49999
4	111111111000111		10		0.00397938		49999
4	111111111000111		9		0.00154281		49999
4	111111111000111		8		0.000423312		49999
4	111111111000111		7		3.48091e-05		49999
4	111111111000111		6		0		50000
5	111111111000111		15		0.169685		49984
5	111111111000111		14		0.131902		49989
5	111111111000111		13		0.0992568		49996
5	111111111000111		12		0.0711825		49999
5	111111111000111		11		0.0486419		49999
5	111111111000111		10		0.0311549		49999
5	111111111000111		9		0.0178798		49999
5	111111111000111		8		0.00913334		49999
5	111111111000111		7		0.00389296		49999
5	111111111000111		6		0.00133902		50000
5	111111111000111		5		0.000430942		50009
5	111111111000111		4		9.05991e-05		50043
5	111111111000111		3		7.62939e-06		50464
5	111111111000111		2		0		57865
6	111111111000111		12		0.167851		49999
6	111111111000111		11		0.128485		49999
6	111111111000111		10		0.0941735		49999
6	111111111000111		9		0.0646152		49999
6	111111111000111		8		0.0411063		49999
6	111111111000111		7		0.0233103		49999
6	111111111000111		6		0.0111375		50000
6	111111111000111		5		0.00496393		50009
6	111111111000111		4		0.00173134		50043
6	111111111000111		3		0.000437617		50464
6	111111111000111		2		0.000120163		57865
6	111111111000111		1		1.43051e-05		179936
7	111111111000111		10		0.187953		49999
7	111111111000111		9		0.142633		49999
7	111111111000111		8		0.102512		49999
7	111111111000111		7		0.0679837		49999
7	111111111000111		6		0.0393791		50000
7	111111111000111		5		0.0210779		50009
7	111111111000111		4		0.00939977		50043
7	111111111000111		3		0.00302333		50464
7	111111111000111		2		0.000977993		57865
7	111111111000111		1		0.000189781		179936
0	1111111111111		47		0		27530
1	1111111111111		35		0		46106
2	1111111111111		28		0.188085		48610
2	1111111111111		27		0.154831		48814
2	1111111111111		26		0.126031		48996
2	1111111111111		25		0.100279		49172
2	1111111111111		24		0.0780695		49339
2	1111111111111		23		0.0597253		49455
2	1111111111111		22		0		49763
3	1111111111111		22		0.197927		49763
3	1111111111111		21		0.15356		49808
3	1111111111111		20		0.116935		49857
3	1111111111111		19		0.086943		49896
3	1111111111111		18		0.06418		49922
3	1111111111111		17		0.0472312		49939
3	1111111111111		16		0.0340847		49956
3	1111111111111		15		0.0239749		49964
3	1111111111111		14		0.01637		49977
3	1111111111111		13		0.0107		49983
3	1111111111111		12		0.0064941		49989
3	1111111111111		11		0.00353473		49990
3	1111111111111		10		0.00159711		49993
3	1111111111111		9		0		49996
4	1111111111111		17		0.167728		49939
4	1111111111111		16		0.135552		49956
4	1111111111111		15		0.107753		49964
4	1111111111111		14		0.0843058		49977
4	1111111111111		13		0.0647557		49983
4	1111111111111		12		0.0484586		49989
4	1111111111111		11		0.0352459		49990
4	1111111111111		10		0.0248548		49993
4	1111111111111		9		0.0167913		49996
4	1111111111111		8		0.0105573		49997
4	1111111111111		7		0.00629061		50001
4	1111111111111		6		0.00350052		50037
4	1111111111111		5		0.00182462		50098
4	1111111111111		4		0.000857949		50321
4	1111111111111		3		0.000350893		51730
4	1111111111111		2		0.00011158		57434
4	1111111111111		1		1.90735e-05		78120
5	1111111111111		14		0.193032		49977
5	1111111111111		13		0.159125		49983
5	1111111111111		12		0.128728		49989
5	1111111111111		11		0.102108		49990
5	1111111111111		10		0.0793014		49993
5	1111111111111		9		0.0599632		49996
5	1111111111111		8		0.0437637		49997
5	1111111111111		7		0.0305588		50001
5	1111111111111		6		0.0203195		50037
5	1111111111111		5		0.0128269		50098
5	1111111111111		4		0.0076136		50321
5	1111111111111		3		0.00410664		51730
5	1111111111111		2		0.00192267		57434
5	1111111111111		1		0.00070262		78120
6	1111111111111		11		0.195478		49990
6	1111111111111		10		0.160392		49993
6	1111111111111		9		0.128802		49996
6	1111111111111		8		0.100653		49997
6	1111111111111		7		0.0761068		50001
6	1111111111111		6		0.0554025		50037
6	1111111111111		5		0.0386285		50098
6	1111111111111		4		0.0255367		50321
6	1111111111111		3		0.0156651		51730
6	1111111111111		2		0.00861537		57434
6	1111111111111		1		0.00393474		78120
7	1111111111111		8		0.177074		49997
7	1111111111111		7		0.14097		50001
7	1111111111111		6		0.108709		50037
7	1111111111111		5		0.0808148		50098
7	1111111111111		4		0.0573562		50321
7	1111111111111		3		0.0382085		51730
7	1111111111111		2		0.0232525		57434
7	1111111111111		1		0.0120876		78120
0	110101111001100010111		39		0		27530
1	110101111001100010111		29		0.197014		43410
1	110101111001100010111		28		0.176172		44063
1	110101111001100010111		27		0		47345
2	110101111001100010111		23		0.141177		48861
2	110101111001100010111		22		0.112178		49068
2	110101111001100010111		21		0.078752		49280
2	110101111001100010111		20		0.0501267		49451
2	110101111001100010111		19		0.0261875		49622
2	110101111001100010111		18		0.0132307		49746
2	110101111001100010111		17		0.00371528		49846
2	110101111001100010111		16		0		49912
3	110101111001100010111		18		0.151829		49746
3	110101111001100010111		17		0.108461		49846
3	110101111001100010111		16		0.0687352		49912
3	110101111001100010111		15		0.0409789		49941
3	110101111001100010111		14		0.0232318		49958
3	110101111001100010111		13		0.0117773		49973
3	110101111001100010111		12		0.00480801		49983
3	110101111001100010111		11		0.00128949		49990
3	110101111001100010111		10		0.000152111		49993
3	110101111001100010111		9		6.19888e-06		49995
3	110101111001100010111		8		0		49998
4	110101111001100010111		15		0.186497		49941
4	110101111001100010111		14		0.135326		49958
4	110101111001100010111		13		0.0933961		49973
4	110101111001100010111		12		0.0598834		49983
4	110101111001100010111		11		0.0341693		49990
4	110101111001100010111		10		0.016728		49993
4	110101111001100010111		9		0.00706029		49995
4	110101111001100010111		8		0.00244844		49998
4	110101111001100010111		7		0.000663042		49999
4	110101111001100010111		6		0.000121593		49999
4	110101111001100010111		5		1.00136e-05		49999
4	110101111001100010111		4		0		50000
5	110101111001100010111		12		0.185349		49983
5	110101111001100010111		11		0.132991		49990
5	110101111001100010111		10		0.0878131		49993
5	110101111001100010111		9		0.0523392		49995
5	110101111001100010111		8		0.0274363		49998
5	110101111001100010111		7		0.0121799		49999
5	110101111001100010111		6		0.00442189		49999
5	110101111001100010111		5		0.00122947		49999
5	110101111001100010111		4		0.000235558		50000
5	110101111001100010111		3		2.00272e-05		50000
5	110101111001100010111		2		1.90735e-06		50010
5	110101111001100010111		1		0		79728
6	110101111001100010111		9		0.14945		49995
6	110101111001100010111		8		0.0975837		49998
6	110101111001100010111		7		0.0568265		49999
6	110101111001100010111		6		0.0283698		49999
6	110101111001100010111		5		0.0114825		49999
6	110101111001100010111		4		0.00357652		50000
6	110101111001100010111		3		0.00073123		50000
6	110101111001100010111		2		7.62939e-05		50010
6	110101111001100010111		1		3.8147e-06		79728
7	110101111001100010111		7		0.140579		49999
7	110101111001100010111		6		0.0853653		49999
7	110101111001100010111		5		0.0442204		49999
7	110101111001100010111		4		0.0184051		50000
7	110101111001100010111		3		0.00552076		50000
7	110101111001100010111		2		0.000972271		50010
7	110101111001100010111		1		9.25064e-05		79728
0	11111111110000111		43		0		27530
1	11111111110000111		31		0		46953
2	11111111110000111		27		0.189428		48541
2	11111111110000111		26		0.162689		48746
2	11111111110000111		25		0.134039		48960
2	11111111110000111		24		0.0973504		49199
2	11111111110000111		23		0.0781102		49321
2	11111111110000111		22		0.0609275		49442
2	11111111110000111		21		0.0291388		49647
2	11111111110000111		20		0.0201768		49743
2	11111111110000111		19		0.0123667		49816
2	11111111110000111		18		0		49900
3	11111111110000111		21		0.186512		49647
3	11111111110000111		20		0.1481		49743
3	11111111110000111		19		0.11396		49816
3	11111111110000111		18		0.0785361		49900
3	11111111110000111		17		0.0565744		49920
3	11111111110000111		16		0.0398249		49943
3	11111111110000111		15		0.0266246		49960
3	11111111110000111		14		0.016219		49973
3	11111111110000111		13		0.0100063		49981
3	11111111110000111		12		0.00477624		49987
3	11111111110000111		11		0.00107992		49996
3	11111111110000111		10		0.000263155		49999
3	11111111110000111		9		1.97887e-05		49999
3	11111111110000111		8		0		49999
4	11111111110000111		17		0.192634		49920
4	11111111110000111		16		0.152853		49943
4	11111111110000111		15		0.119086		49960
4	11111111110000111		14		0.0897184		49973
4	11111111110000111		13		0.065358		49981
4	11111111110000111		12		0.0442191		49987
4	11111111110000111		11		0.0267821		49996
4	11111111110000111		10		0.0152073		49999
4	11111111110000111		9		0.0079751		49999
4	11111111110000111		8		0.00378323		49999
4	11111111110000111		7		0.00164229		50000
4	11111111110000111		6		0.000519156		50000
4	11111111110000111		5		7.15256e-05		50000
4	11111111110000111		4		0		50012
5	11111111110000111		13		0.172165		49981
5	11111111110000111		12		0.13341		49987
5	11111111110000111		11		0.0987774		49996
5	11111111110000111		10		0.0687442		49999
5	11111111110000111		9		0.0446953		49999
5	11111111110000111		8		0.0263198		49999
5	11111111110000111		7		0.0147775		50000
5	11111111110000111		6		0.00722647		50000
5	11111111110000111		5		0.00285596		50000
5	11111111110000111		4		0.000919878		50012
5	11111111110000111		3		0.000332773		50119
5	11111111110000111		2		8.58307e-05		51922
5	11111111110000111		1		7.62939e-06		80817
6	11111111110000111		10		0.161556		49999
6	11111111110000111		9		0.119664		49999
6	11111111110000111		8		0.0815447		49999
6	11111111110000111		7		0.0530845		50000
6	11111111110000111		6		0.0312944		50000
6	11111111110000111		5		0.0159259		50000
6	11111111110000111		4		0.00669044		50012
6	11111111110000111		3		0.002855		50119
6	11111111110000111		2		0.000941813		51922
6	11111111110000111		1		0.00017643		80817
7	11111111110000111		8		0.168022		49999
7	11111111110000111		7		0.12118		50000
7	11111111110000111		6		0.0807464		50000
7	11111111110000111		5		0.047914		50000
7	11111111110000111		4		0.023585		50012
7	11111111110000111		3		0.0116362		50119
7	11111111110000111		2		0.00455296		51922
7	11111111110000111		1		0.00104374		80817
0	11111111111111		46		0		27530
1	11111111111111		33		0		46317
2	11111111111111		26		0.180071		48665
2	11111111111111		25		0.148811		48859
2	11111111111111		24		0.12151		49031
2	11111111111111		23		0.0971709		49200
2	11111111111111		22		0.0762326		49365
2	11111111111111		21		0.0588859		49471
2	11111111111111		20		0.0441628		49576
2	11111111111111		19		0		49807
3	11111111111111		20		0.190403		49576
3	11111111111111		19		0.159628		49807
3	11111111111111		18		0.12223		49858
3	11111111111111		17		0.0914459		49896
3	11111111111111		16		0.0679359		49918
3	11111111111111		15		0.0504274		49937
3	11111111111111		14		0.0368866		49954
3	11111111111111		13		0.0264078		49963
3	11111111111111		12		0.0184494		49975
3	11111111111111		11		0.0125004		49984
3	11111111111111		10		0.00806427		49988
3	11111111111111		9		0.00484502		49990
3	11111111111111		8		0.00263584		49990
3	11111111111111		7		0.00123233		49995
3	11111111111111		6		0.000417411		49999
3	11111111111111		5		0		50037
4	11111111111111		15		0.165898		49937
4	11111111111111		14		0.134869		49954
4	11111111111111		13		0.107827		49963
4	11111111111111		12		0.0848261		49975
4	11111111111111		11		0.0655808		49984
4	11111111111111		10		0.0495152		49988
4	11111111111111		9		0.0362891		49990
4	11111111111111		8		0.0257314		49990
4	11111111111111		7		0.0175472		49995
4	11111111111111		6		0.0113058		49999
4	11111111111111		5		0.00677949		50037
4	11111111111111		4		0.00369197		50097
4	11111111111111		3		0.00180942		50320
4	11111111111111		2		0.000753105		51730
4	11111111111111		1		0.000235558		57434
5	11111111111111		12		0.18695		49975
5	11111111111111		11		0.154316		49984
5	11111111111111		10		0.125048		49988
5	11111111111111		9		0.0990953		49990
5	11111111111111		8		0.0766476		49990
5	11111111111111		7		0.0576214		49995
5	11111111111111		6		0.0417069		49999
5	11111111111111		5		0.0287839		50037
5	11111111111111		4		0.0187178		50097
5	11111111111111		3		0.0112261		50320
5	11111111111111		2		0.0060271		51730
5	11111111111111		1		0.00267529		57434
6	11111111111111		9		0.185506		49990
6	11111111111111		8		0.151228		49990
6	11111111111111		7		0.120415		49995
6	11111111111111		6		0.0929131		49999
6	11111111111111		5		0.0690914		50037
6	11111111111111		4		0.0489821		50097
6	11111111111111		3		0.0326284		50320
6	11111111111111		2		0.0198897		51730
6	11111111111111		1		0.0104696		57434
7	11111111111111		6		0.161686		49999
7	11111111111111		5		0.126408		50037
7	11111111111111		4		0.0949748		50097
7	11111111111111		3		0.0677242		50320
7	11111111111111		2		0.044862		51730
7	11111111111111		1		0.0263681		57434
0	1111011010001110011011		38		0		27530
1	1111011010001110011011		27		0.176172		44034
1	1111011010001110011011		26		0.15664		44600
1	1111011010001110011011		25		0		47572
2	1111011010001110011011		22		0.19276		48598
2	1111011010001110011011		21		0.132592		48940
2	1111011010001110011011		20		0.101361		49138
2	1111011010001110011011		19		0.0722851		49321
2	1111011010001110011011		18		0.0425551		49517
2	1111011010001110011011		17		0.0217377		49652
2	1111011010001110011011		16		0.00993341		49779
2	1111011010001110011011		15		0.0022139		49867
2	1111011010001110011011		14		0		49918
3	1111011010001110011011		17		0.182579		49652
3	1111011010001110011011		16		0.135685		49779
3	1111011010001110011011		15		0.0918703		49867
3	1111011010001110011011		14		0.0582204		49918
3	1111011010001110011011		13		0.0350487		49946
3	1111011010001110011011		12		0.0185153		49968
3	1111011010001110011011		11		0.00780451		49980
3	1111011010001110011011		10		0.0023973		49986
3	1111011010001110011011		9		0.000474811		49988
3	1111011010001110011011		8		6.36578e-05		49993
3	1111011010001110011011		7		0		49998
4	1111011010001110011011		13		0.161404		49946
4	1111011010001110011011		12		0.115012		49968
4	1111011010001110011011		11		0.0762627		49980
4	1111011010001110011011		10		0.0454156		49986
4	1111011010001110011011		9		0.0235785		49988
4	1111011010001110011011		8		0.0103002		49993
4	1111011010001110011011		7		0.00358272		49998
4	1111011010001110011011		6		0.000888884		50000
4	1111011010001110011011		5		0.000146389		50000
4	1111011010001110011011		4		1.00136e-05		50000
4	1111011010001110011011		3		4.76837e-07		50000
4	1111011010001110011011		2		0		50000
5	1111011010001110011011		10		0.152881		49986
5	1111011010001110011011		9		0.10333		49988
5	1111011010001110011011		8		0.0633672		49993
5	1111011010001110011011		7		0.0338547		49998
5	1111011010001110011011		6		0.0149701		50000
5	1111011010001110011011		5		0.00515181		50000
5	1111011010001110011011		4		0.00126761		50000
5	1111011010001110011011		3		0.000205994		50000
5	1111011010001110011011		2		1.71661e-05		50000
5	1111011010001110011011		1		0		57100
6	1111011010001110011011		8		0.164955		49993
6	1111011010001110011011		7		0.108678		49998
6	1111011010001110011011		6		0.0629125		50000
6	1111011010001110011011		5		0.0303664		50000
6	1111011010001110011011		4		0.0115259		50000
6	1111011010001110011011		3		0.00314599		50000
6	1111011010001110011011		2		0.000528216		50000
6	1111011010001110011011		1		4.1008e-05		57100
7	1111011010001110011011		6		0.147376		50000
7	1111011010001110011011		5		0.086597		50000
7	1111011010001110011011		4		0.0421226		50000
7	1111011010001110011011		3		0.0154801		50000
7	1111011010001110011011		2		0.00360698		50000
7	1111011010001110011011		1		0.000416696		57100
0	11101110110001110110001		37		0		27530
1	11101110110001110110001		27		0.193586		43757
1	11101110110001110110001		26		0.174054		44332
1	11101110110001110110001		25		0.138375		45153
1	11101110110001110110001		24		0		47847
2	11101110110001110110001		22		0.193208		48598
2	11101110110001110110001		21		0.150228		48865
2	11101110110001110110001		20		0.12001		49065
2	11101110110001110110001		19		0.0862459		49272
2	11101110110001110110001		18		0.0587465		49448
2	11101110110001110110001		17		0.0395701		49585
2	11101110110001110110001		16		0.0215373		49705
2	11101110110001110110001		15		0.0114941		49803
2	11101110110001110110001		14		0.00400525		49883
2	11101110110001110110001		13		0.000575364		49935
2	11101110110001110110001		12		0.000143528		49951
2	11101110110001110110001		11		0		49969
3	11101110110001110110001		17		0.183807		49585
3	11101110110001110110001		16		0.142216		49705
3	11101110110001110110001		15		0.103331		49803
3	11101110110001110110001		14		0.0719677		49883
3	11101110110001110110001		13		0.0465495		49935
3	11101110110001110110001		12		0.0283635		49951
3	11101110110001110110001		11		0.016075		49969
3	11101110110001110110001		10		0.00832814		49976
3	11101110110001110110001		9		0.00347865		49986
3	11101110110001110110001		8		0.00112087		49991
3	11101110110001110110001		7		0.000262201		49993
3	11101110110001110110001		6		1.0252e-05		49996
3	11101110110001110110001		5		0		50000
4	11101110110001110110001		13		0.163793		49935
4	11101110110001110110001		12		0.120384		49951
4	11101110110001110110001		11		0.0842887		49969
4	11101110110001110110001		10		0.0556439		49976
4	11101110110001110110001		9		0.0339164		49986
4	11101110110001110110001		8		0.018415		49991
4	11101110110001110110001		7		0.0087893		49993
4	11101110110001110110001		6		0.00351429		49996
4	11101110110001110110001		5		0.0011695		50000
4	11101110110001110110001		4		0.000290334		50000
4	11101110110001110110001		3		4.57764e-05		50000
4	11101110110001110110001		2		9.53674e-07		50006
4	11101110110001110110001		1		0		57166
5	11101110110001110110001		10		0.154402		49976
5	11101110110001110110001		9		0.109562		49986
5	11101110110001110110001		8		0.072297		49991
5	11101110110001110110001		7		0.0434591		49993
5	11101110110001110110001		6		0.0231659		49996
5	11101110110001110110001		5		0.0105988		50000
5	11101110110001110110001		4		0.00394517		50000
5	11101110110001110110001		3		0.00108564		50000
5	11101110110001110110001		2		0.000175476		50006
5	11101110110001110110001		1		8.58307e-06		57166
6	11101110110001110110001		8		0.166245		49991
6	11101110110001110110001		7		0.114503		49993
6	11101110110001110110001		6		0.0721024		49996
6	11101110110001110110001		5		0.0401694		50000
6	11101110110001110110001		4		0.0187898		50000
6	11101110110001110110001		3		0.00684202		50000
6	11101110110001110110001		2		0.00163233		50006
6	11101110110001110110001		1		0.000177383		57166
7	11101110110001110110001		6		0.150859		49996
7	11101110110001110110001		5		0.0960358		50000
7	11101110110001110110001		4		0.0528831		50000
7	11101110110001110110001		3		0.023369		50000
7	11101110110001110110001		2		0.00721699		50006
7	11101110110001110110001		1		0.00106376		57166
0	1111111111100000111		41		0		27530
1	1111111111100000111		28		0		47338
2	1111111111100000111		25		0.184826		48573
2	1111111111100000111		24		0.155435		48779
2	1111111111100000111		23		0.131759		48975
2	1111111111100000111		22		0.10842		49153
2	1111111111100000111		21		0.0881975		49278
2	1111111111100000111		20		0.0602151		49459
2	1111111111100000111		19		0.0457258		49567
2	1111111111100000111		18		0.0332754		49656
2	1111111111100000111		17		0.0104129		49813
2	1111111111100000111		16		0.00579578		49876
2	1111111111100000111		15		0.00261325		49911
2	1111111111100000111		14		0		49949
3	1111111111100000111		19		0.19377		49567
3	1111111111100000111		18		0.157695		49656
3	1111111111100000111		17		0.117505		49813
3	1111111111100000111		16		0.0874487		49876
3	1111111111100000111		15		0.0619037		49911
3	1111111111100000111		14		0.0391883		49949
3	1111111111100000111		13		0.0271276		49963
3	1111111111100000111		12		0.0181933		49967
3	1111111111100000111		11		0.0113569		49977
3	1111111111100000111		10		0.00562203		49984
3	1111111111100000111		9		0.00165612		49990
3	1111111111100000111		8		0.000440955		49996
3	1111111111100000111		7		5.84126e-05		49999
3	1111111111100000111		6		0		50000
4	1111111111100000111		15		0.194311		49911
4	1111111111100000111		14		0.153273		49949
4	1111111111100000111		13		0.116725		49963
4	1111111111100000111		12		0.0866981		49967
4	1111111111100000111		11		0.0624521		49977
4	1111111111100000111		10		0.0411419		49984
4	1111111111100000111		9		0.0248213		49990
4	1111111111100000111		8		0.0135803		49996
4	1111111111100000111		7		0.00662553		49999
4	1111111111100000111		6		0.00315499		50000
4	1111111111100000111		5		0.00124949		50000
4	1111111111100000111		4		0.000497222		50003
4	1111111111100000111		3		0.00014782		50022
4	1111111111100000111		2		2.0504e-05		50401
4	1111111111100000111		1		2.38419e-06		57523
5	1111111111100000111		11		0.16317		49977
5	1111111111100000111		10		0.121829		49984
5	1111111111100000111		9		0.0876217		49990
5	1111111111100000111		8		0.0586866		49996
5	1111111111100000111		7		0.0356258		49999
5	1111111111100000111		6		0.0203531		50000
5	1111111111100000111		5		0.00963783		50000
5	1111111111100000111		4		0.00478357		50003
5	1111111111100000111		3		0.00201786		50022
5	1111111111100000111		2		0.000599682		50401
5	1111111111100000111		1		0.000160217		57523
6	1111111111100000111		9		0.18718		49990
6	1111111111100000111		8		0.140196		49996
6	1111111111100000111		7		0.0975001		49999
6	1111111111100000111		6		0.063712		50000
6	1111111111100000111		5		0.0351529		50000
6	1111111111100000111		4		0.0198513		50003
6	1111111111100000111		3		0.00982195		50022
6	1111111111100000111		2		0.00361836		50401
6	1111111111100000111		1		0.00119615		57523
7	1111111111100000111		7		0.188497		49999
7	1111111111100000111		6		0.135513		50000
7	1111111111100000111		5		0.083654		50000
7	1111111111100000111		4		0.0524693		50003
7	1111111111100000111		3		0.0290987		50022
7	1111111111100000111		2		0.0123532		50401
7	1111111111100000111		1		0.00469154		57523
