0.005
0.00438
0.00376
0.0035
0.0035
0.0035
0.0035
0.0035
0.0035
0.0035
0.0035
0.0035
0.0035
0.0035
0.0035
0.0035
0.0035
0.0035
0.0035
0.0035
0.0035
0.0035
0.0035
0.0035
0.0035
0.0035
0.0035
0.0035
0.0035
0.0035
0.0037
0.003906667
0.004113333
0.00432
0.004526667
0.004733333
0.00494
0.005146667
0.005353333
0.00556
0.005766667
0.005973333
0.006
0.006
0.006186667
0.0066
0.007006667
0.007213333
0.00742
0.00788
0.0085
0.00908
0.009493333
0.009906667
0.0116
0.01366667
0.01463333
0.0136
0.01256667
0.01327333
0.0141
0.01567333
0.01794667
0.02004
0.02045333
0.02086667
0.02226
0.02412
0.02587333
0.02732
0.02876667
0.03108
0.03356
0.03552
0.03676
0.038
