0.005
0.0045
0.004
0.0035
0.0035
0.0035
0.0035
0.0035
0.0035
0.0035
0.0035
0.0035
0.0035
0.0035
0.0035
0.0035
0.0035
0.0035
0.0035
0.0035
0.0035
0.0035
0.0035
0.0035
0.0035
0.0035
0.0035
0.0035
0.0035
0.0035
0.0035
0.0035
0.0035
0.0035
0.0035
0.0035
0.0035
0.003666667
0.003833333
0.004
0.004166667
0.004333333
0.0045
0.004666667
0.004833333
0.005
0.005166667
0.005333333
0.0055
0.005666667
0.005833333
0.006
0.006
0.006
0.006
0.006333333
0.006666667
0.007
0.007166667
0.007333333
0.0075
0.008
0.0085
0.009
0.009333333
0.009666667
0.01
0.01166667
0.01333333
0.015
0.01416667
0.01333333
0.0125
0.01316667
0.01383333
0.0145
0.01633333
0.01816667
0.02
0.02033333
0.02066667
0.021
0.0225
0.024
0.0255
0.02666667
0.02783333
0.029
0.031
0.033
0.035
0.036
0.037
0.038
