0.005
0.004494565
0.003989130
0.0035
0.0035
0.0035
0.0035
0.0035
0.0035
0.0035
0.0035
0.0035
0.0035
0.0035
0.0035
0.0035
0.0035
0.0035
0.0035
0.0035
0.0035
0.0035
0.0035
0.0035
0.0035
0.0035
0.0035
0.0035
0.0035
0.0035
0.0035
0.0035
0.0035
0.0035
0.0035
0.0035
0.003565217
0.003733696
0.003902174
0.004070652
0.004239130
0.004407609
0.004576087
0.004744565
0.004913043
0.005081522
0.00525
0.005418478
0.005586957
0.005755435
0.005923913
0.006
0.006
0.006
0.006195652
0.006532609
0.006869565
0.007103261
0.007271739
0.007440217
0.007826087
0.008331522
0.008836957
0.00922826
0.009565217
0.009902174
0.01119565
0.01288043
0.01456522
0.014375
0.01353261
0.01269022
0.01302174
0.01369565
0.01436957
0.01599457
0.01784783
0.01970109
0.02028261
0.02061957
0.02095652
0.02232065
0.02383696
0.02535326
0.02656522
0.02774457
0.02892391
0.03089130
0.03291304
0.03493478
0.03597826
0.03698913
0.038
