0.005
0.00434507
0.003690141
0.0035
0.0035
0.0035
0.0035
0.0035
0.0035
0.0035
0.0035
0.0035
0.0035
0.0035
0.0035
0.0035
0.0035
0.0035
0.0035
0.0035
0.0035
0.0035
0.0035
0.0035
0.0035
0.0035
0.0035
0.0035
0.003612676
0.003830986
0.004049296
0.004267606
0.004485915
0.004704225
0.004922535
0.005140845
0.005359155
0.005577465
0.005795775
0.006
0.006
0.006
0.006338028
0.006774648
0.007105634
0.007323944
0.00762676
0.00828169
0.00893662
0.009394366
0.009830986
0.01133803
0.01352113
0.01464789
0.01355634
0.01252817
0.01340141
0.01427465
0.01628169
0.0186831
0.02019718
0.02063380
0.0213169
0.02328169
0.02524648
0.02683099
0.02835915
0.03052113
0.03314085
0.03538028
0.03669014
0.038
