0.005
0.004411392
0.003822785
0.0035
0.0035
0.0035
0.0035
0.0035
0.0035
0.0035
0.0035
0.0035
0.0035
0.0035
0.0035
0.0035
0.0035
0.0035
0.0035
0.0035
0.0035
0.0035
0.0035
0.0035
0.0035
0.0035
0.0035
0.0035
0.0035
0.0035
0.0035
0.003582278
0.003778481
0.003974684
0.004170886
0.004367089
0.004563291
0.004759494
0.004955696
0.005151899
0.005348101
0.005544304
0.005740506
0.005936709
0.006
0.006
0.006050633
0.006443038
0.006835443
0.007113924
0.007310127
0.007518987
0.008107595
0.008696203
0.009189873
0.009582278
0.009974684
0.01183544
0.01379747
0.01462025
0.01363924
0.01265823
0.01315823
0.01394304
0.01512658
0.01728481
0.01944304
0.02029114
0.02068354
0.02134177
0.02310759
0.02487342
0.02638608
0.02775949
0.02922785
0.03158228
0.03393671
0.03564557
0.03682278
0.038
