0.005
0.004184211
0.0035
0.0035
0.0035
0.0035
0.0035
0.0035
0.0035
0.0035
0.0035
0.0035
0.0035
0.0035
0.0035
0.0035
0.0035
0.0035
0.0035
0.0035
0.0035
0.0035
0.0035
0.003754386
0.004026316
0.004298246
0.004570175
0.004842105
0.005114035
0.005385965
0.005657895
0.005929825
0.006
0.006
0.006491228
0.007017544
0.007289474
0.00768421
0.0085
0.009210526
0.009754386
0.01149123
0.01421053
0.01403509
0.01267544
0.01344737
0.01459649
0.01758772
0.02010526
0.02064912
0.02186842
0.02431579
0.02648246
0.02838596
0.03121053
0.03447368
0.03636842
0.038
