errors	shape		t		lossrate	PM

0	1111111111		64		0		23907
1	1111111111		55		0		43115
2	1111111111		45		0		49122
3	1111111111		41		0.183822		49590
3	1111111111		40		0.143486		49665
3	1111111111		39		0.11035		49720
3	1111111111		38		0.0828972		49777
3	1111111111		37		0.0601982		49820
3	1111111111		36		0.0418705		49863
3	1111111111		35		0		49932
4	1111111111		35		0.167445		49932
4	1111111111		34		0.123403		49946
4	1111111111		33		0.0899085		49965
4	1111111111		32		0.0644974		49976
4	1111111111		31		0.0456473		49982
4	1111111111		30		0.0317248		49989
4	1111111111		29		0.0213658		49992
4	1111111111		28		0.0137039		49998
4	1111111111		27		0.00813162		49999
4	1111111111		26		0.00425148		50000
4	1111111111		25		0		50000
5	1111111111		31		0.17953		49982
5	1111111111		30		0.143769		49989
5	1111111111		29		0.113159		49992
5	1111111111		28		0.0872975		49998
5	1111111111		27		0.0656151		49999
5	1111111111		26		0.0478173		50000
5	1111111111		25		0.0337321		50000
5	1111111111		24		0.02226		50000
5	1111111111		23		0.0144063		50000
5	1111111111		22		0.00906861		50000
5	1111111111		21		0.00554591		50000
5	1111111111		20		0.00326055		50000
5	1111111111		19		0.00181079		50000
5	1111111111		18		0.000917971		50000
5	1111111111		17		0.00039953		50000
5	1111111111		16		0.000132561		50000
5	1111111111		15		0		50000
6	1111111111		27		0.17838		49999
6	1111111111		26		0.143848		50000
6	1111111111		25		0.113668		50000
6	1111111111		24		0.0883279		50000
6	1111111111		23		0.0670695		50000
6	1111111111		22		0.0496612		50000
6	1111111111		21		0.0359173		50000
6	1111111111		20		0.0253862		50000
6	1111111111		19		0.017462		50000
6	1111111111		18		0.0116391		50000
6	1111111111		17		0.00745934		50000
6	1111111111		16		0.00456053		50000
6	1111111111		15		0.00264388		50000
6	1111111111		14		0.00147235		50000
6	1111111111		13		0.000775993		50000
6	1111111111		12		0.000388086		50001
6	1111111111		11		0.000181198		50003
6	1111111111		10		7.82013e-05		50004
6	1111111111		9		2.95639e-05		50060
6	1111111111		8		1.14441e-05		50166
6	1111111111		7		1.90735e-06		50490
6	1111111111		6		9.53674e-07		52380
6	1111111111		5		0		59679
7	1111111111		24		0.192417		50000
7	1111111111		23		0.157712		50000
7	1111111111		22		0.126907		50000
7	1111111111		21		0.100177		50000
7	1111111111		20		0.0775744		50000
7	1111111111		19		0.0588374		50000
7	1111111111		18		0.043605		50000
7	1111111111		17		0.0314819		50000
7	1111111111		16		0.0220641		50000
7	1111111111		15		0.0150002		50000
7	1111111111		14		0.00991732		50000
7	1111111111		13		0.00633419		50000
7	1111111111		12		0.00387299		50001
7	1111111111		11		0.0022729		50003
7	1111111111		10		0.001279		50004
7	1111111111		9		0.00065589		50060
7	1111111111		8		0.00032419		50166
7	1111111111		7		0.000145912		50490
7	1111111111		6		5.14984e-05		52380
7	1111111111		5		1.81198e-05		59679
7	1111111111		4		4.76837e-06		86570
7	1111111111		3		2.86102e-06		194573
7	1111111111		2		0		629808
8	1111111111		21		0.193478		50000
8	1111111111		20		0.158801		50000
8	1111111111		19		0.128121		50000
8	1111111111		18		0.101448		50000
8	1111111111		17		0.0786303		50000
8	1111111111		16		0.0595427		50000
8	1111111111		15		0.0440263		50000
8	1111111111		14		0.0317811		50000
8	1111111111		13		0.0223514		50000
8	1111111111		12		0.0152181		50001
8	1111111111		11		0.0100089		50003
8	1111111111		10		0.00634366		50004
8	1111111111		9		0.00384545		50060
8	1111111111		8		0.00222433		50166
8	1111111111		7		0.00120187		50490
8	1111111111		6		0.000607312		52380
8	1111111111		5		0.000281274		59679
8	1111111111		4		0.000119209		86570
8	1111111111		3		3.62396e-05		194573
8	1111111111		2		9.53674e-06		629808
8	1111111111		1		1.90735e-06		2386368
0	111001001010011101		56		0		23907
1	111001001010011101		47		0		44414
2	111001001010011101		41		0.134015		48212
2	111001001010011101		40		0.0793905		48714
2	111001001010011101		39		0.0541035		48987
2	111001001010011101		38		0.0344287		49234
2	111001001010011101		37		0		49531
3	111001001010011101		36		0.158217		49628
3	111001001010011101		35		0.111846		49704
3	111001001010011101		34		0.0728841		49774
3	111001001010011101		33		0.0443627		49830
3	111001001010011101		32		0.0268919		49873
3	111001001010011101		31		0.0114427		49920
3	111001001010011101		30		0.00404871		49945
3	111001001010011101		29		0.00101703		49969
3	111001001010011101		28		8.13007e-05		49976
3	111001001010011101		27		0		49987
4	111001001010011101		32		0.18794		49873
4	111001001010011101		31		0.139736		49920
4	111001001010011101		30		0.0987692		49945
4	111001001010011101		29		0.0667572		49969
4	111001001010011101		28		0.0421171		49976
4	111001001010011101		27		0.0240924		49987
4	111001001010011101		26		0.0125595		49989
4	111001001010011101		25		0.00552076		49991
4	111001001010011101		24		0.00196409		49994
4	111001001010011101		23		0.000556767		49995
4	111001001010011101		22		9.25064e-05		49995
4	111001001010011101		21		6.19888e-06		49997
4	111001001010011101		20		0		49999
5	111001001010011101		28		0.184966		49976
5	111001001010011101		27		0.139033		49987
5	111001001010011101		26		0.0999811		49989
5	111001001010011101		25		0.0684827		49991
5	111001001010011101		24		0.0438904		49994
5	111001001010011101		23		0.0260463		49995
5	111001001010011101		22		0.0140998		49995
5	111001001010011101		21		0.00675154		49997
5	111001001010011101		20		0.00282365		49999
5	111001001010011101		19		0.000990868		49999
5	111001001010011101		18		0.000272214		49999
5	111001001010011101		17		5.19753e-05		50000
5	111001001010011101		16		6.19888e-06		50000
5	111001001010011101		15		0		50000
6	111001001010011101		24		0.159179		49994
6	111001001010011101		23		0.117241		49995
6	111001001010011101		22		0.0823414		49995
6	111001001010011101		21		0.0545923		49997
6	111001001010011101		20		0.0337754		49999
6	111001001010011101		19		0.0192454		49999
6	111001001010011101		18		0.00994188		49999
6	111001001010011101		17		0.00460136		50000
6	111001001010011101		16		0.00184649		50000
6	111001001010011101		15		0.000625432		50000
6	111001001010011101		14		0.000161171		50000
6	111001001010011101		13		3.43323e-05		50000
6	111001001010011101		12		3.8147e-06		50000
6	111001001010011101		11		0		50000
7	111001001010011101		21		0.159393		49997
7	111001001010011101		20		0.117055		49999
7	111001001010011101		19		0.0816979		49999
7	111001001010011101		18		0.0537417		49999
7	111001001010011101		17		0.0329116		50000
7	111001001010011101		16		0.018597		50000
7	111001001010011101		15		0.00950652		50000
7	111001001010011101		14		0.00431365		50000
7	111001001010011101		13		0.00169325		50000
7	111001001010011101		12		0.000589192		50000
7	111001001010011101		11		0.000173569		50000
7	111001001010011101		10		3.62396e-05		50000
7	111001001010011101		9		4.76837e-06		50000
7	111001001010011101		8		9.53674e-07		50000
7	111001001010011101		7		0		50000
8	111001001010011101		19		0.191856		49999
8	111001001010011101		18		0.143958		49999
8	111001001010011101		17		0.102997		50000
8	111001001010011101		16		0.0694563		50000
8	111001001010011101		15		0.0438914		50000
8	111001001010011101		14		0.0254902		50000
8	111001001010011101		13		0.0135328		50000
8	111001001010011101		12		0.00643939		50000
8	111001001010011101		11		0.00270289		50000
8	111001001010011101		10		0.000948429		50000
8	111001001010011101		9		0.000255525		50000
8	111001001010011101		8		6.58035e-05		50000
8	111001001010011101		7		5.72205e-06		50000
8	111001001010011101		6		9.53674e-07		50000
8	111001001010011101		5		0		50000
0	1111111000111		61		0		23907
1	1111111000111		52		0		43750
2	1111111000111		45		0.163065		47977
2	1111111000111		44		0.136329		48246
2	1111111000111		43		0.112015		48532
2	1111111000111		42		0		49347
3	1111111000111		39		0.140162		49651
3	1111111000111		38		0.105306		49719
3	1111111000111		37		0.0838345		49770
3	1111111000111		36		0.048991		49830
3	1111111000111		35		0.0243176		49890
3	1111111000111		34		0.0167405		49921
3	1111111000111		33		0.0107163		49945
3	1111111000111		32		0		49964
4	1111111000111		35		0.196918		49890
4	1111111000111		34		0.152943		49921
4	1111111000111		33		0.112544		49945
4	1111111000111		32		0.0799079		49964
4	1111111000111		31		0.0569831		49975
4	1111111000111		30		0.0388173		49981
4	1111111000111		29		0.0225425		49986
4	1111111000111		28		0.0132994		49991
4	1111111000111		27		0.0083099		49993
4	1111111000111		26		0.00315356		49996
4	1111111000111		25		0.00091511		49998
4	1111111000111		24		0.000413835		49998
4	1111111000111		23		0.000144005		49999
4	1111111000111		22		0		50000
5	1111111000111		30		0.165209		49981
5	1111111000111		29		0.127921		49986
5	1111111000111		28		0.0953463		49991
5	1111111000111		27		0.06921		49993
5	1111111000111		26		0.0478877		49996
5	1111111000111		25		0.0315115		49998
5	1111111000111		24		0.0200999		49998
5	1111111000111		23		0.0118261		49999
5	1111111000111		22		0.00644839		50000
5	1111111000111		21		0.00340974		50000
5	1111111000111		20		0.00153756		50000
5	1111111000111		19		0.00050056		50000
5	1111111000111		18		0.000155449		50000
5	1111111000111		17		3.43323e-05		50000
5	1111111000111		16		1.90735e-06		50000
5	1111111000111		15		0		50000
6	1111111000111		27		0.19689		49993
6	1111111000111		26		0.156445		49996
6	1111111000111		25		0.120822		49998
6	1111111000111		24		0.0906186		49998
6	1111111000111		23		0.0659523		49999
6	1111111000111		22		0.0460363		50000
6	1111111000111		21		0.0307779		50000
6	1111111000111		20		0.0195895		50000
6	1111111000111		19		0.0116447		50000
6	1111111000111		18		0.00646591		50000
6	1111111000111		17		0.0032981		50000
6	1111111000111		16		0.00153613		50000
6	1111111000111		15		0.000616848		50000
6	1111111000111		14		0.000201225		50000
6	1111111000111		13		3.91006e-05		50000
6	1111111000111		12		3.8147e-06		50000
6	1111111000111		11		9.53674e-07		50000
6	1111111000111		10		0		50000
7	1111111000111		23		0.168162		49999
7	1111111000111		22		0.131522		50000
7	1111111000111		21		0.0999172		50000
7	1111111000111		20		0.0734951		50000
7	1111111000111		19		0.0520671		50000
7	1111111000111		18		0.0352827		50000
7	1111111000111		17		0.0227764		50000
7	1111111000111		16		0.0138582		50000
7	1111111000111		15		0.00783789		50000
7	1111111000111		14		0.00404966		50000
7	1111111000111		13		0.00187129		50000
7	1111111000111		12		0.000766456		50000
7	1111111000111		11		0.000274599		50000
7	1111111000111		10		9.25064e-05		50000
7	1111111000111		9		2.47955e-05		50001
7	1111111000111		8		1.90735e-06		50003
7	1111111000111		7		0		50012
8	1111111000111		20		0.164661		50000
8	1111111000111		19		0.128209		50000
8	1111111000111		18		0.0968544		50000
8	1111111000111		17		0.0706615		50000
8	1111111000111		16		0.0494654		50000
8	1111111000111		15		0.0329725		50000
8	1111111000111		14		0.0207277		50000
8	1111111000111		13		0.0121366		50000
8	1111111000111		12		0.00654548		50000
8	1111111000111		11		0.00317639		50000
8	1111111000111		10		0.0013876		50000
8	1111111000111		9		0.000534892		50001
8	1111111000111		8		0.000185013		50003
8	1111111000111		7		5.43594e-05		50012
8	1111111000111		6		1.33514e-05		50063
8	1111111000111		5		3.8147e-06		50189
8	1111111000111		4		0		50644
0	11111111111		63		0		23907
1	11111111111		53		0		43352
2	11111111111		44		0.199073		47824
2	11111111111		43		0.166374		48108
2	11111111111		42		0		49212
3	11111111111		38		0.166003		49629
3	11111111111		37		0.130504		49696
3	11111111111		36		0.101169		49746
3	11111111111		35		0.0766454		49796
3	11111111111		34		0.0563445		49827
3	11111111111		33		0.0401298		49873
3	11111111111		32		0.0275733		49903
3	11111111111		31		0		49949
4	11111111111		33		0.1899		49873
4	11111111111		32		0.154822		49903
4	11111111111		31		0.124616		49949
4	11111111111		30		0.092113		49959
4	11111111111		29		0.0672185		49973
4	11111111111		28		0.0485798		49984
4	11111111111		27		0.0346928		49990
4	11111111111		26		0.0242515		49992
4	11111111111		25		0.016457		49997
4	11111111111		24		0.0106578		50000
4	11111111111		23		0.006455		50000
4	11111111111		22		0.00358176		50000
4	11111111111		21		0.001728		50000
4	11111111111		20		0		50000
5	11111111111		28		0.172591		49984
5	11111111111		27		0.140073		49990
5	11111111111		26		0.111882		49992
5	11111111111		25		0.0877613		49997
5	11111111111		24		0.0673218		50000
5	11111111111		23		0.0503054		50000
5	11111111111		22		0.0365961		50000
5	11111111111		21		0.0260551		50000
5	11111111111		20		0.0180461		50000
5	11111111111		19		0.0117474		50000
5	11111111111		18		0.00746453		50000
5	11111111111		17		0.00463217		50000
5	11111111111		16		0.0027799		50000
5	11111111111		15		0.00159806		50000
5	11111111111		14		0.000859857		50000
5	11111111111		13		0.000423789		50000
5	11111111111		12		0.000181675		50000
5	11111111111		11		6.48499e-05		50001
5	11111111111		10		1.66893e-05		50003
5	11111111111		9		0		50004
6	11111111111		24		0.171264		50000
6	11111111111		23		0.139593		50000
6	11111111111		22		0.111659		50000
6	11111111111		21		0.0879949		50000
6	11111111111		20		0.0682317		50000
6	11111111111		19		0.0517841		50000
6	11111111111		18		0.0382966		50000
6	11111111111		17		0.0276635		50000
6	11111111111		16		0.0195166		50000
6	11111111111		15		0.0133963		50000
6	11111111111		14		0.00890559		50000
6	11111111111		13		0.00571901		50000
6	11111111111		12		0.0034948		50000
6	11111111111		11		0.00204736		50001
6	11111111111		10		0.00115234		50003
6	11111111111		9		0.000598729		50004
6	11111111111		8		0.000297487		50060
6	11111111111		7		0.00014019		50159
6	11111111111		6		5.81741e-05		50480
6	11111111111		5		2.47955e-05		52343
6	11111111111		4		8.58307e-06		59601
6	11111111111		3		3.8147e-06		86421
6	11111111111		2		9.53674e-07		194211
6	11111111111		1		0		629023
7	11111111111		21		0.183247		50000
7	11111111111		20		0.151165		50000
7	11111111111		19		0.122676		50000
7	11111111111		18		0.0977953		50000
7	11111111111		17		0.0765147		50000
7	11111111111		16		0.0586956		50000
7	11111111111		15		0.0440682		50000
7	11111111111		14		0.0322713		50000
7	11111111111		13		0.0230131		50000
7	11111111111		12		0.0159016		50000
7	11111111111		11		0.0106602		50001
7	11111111111		10		0.00689882		50003
7	11111111111		9		0.00430131		50004
7	11111111111		8		0.00255448		50060
7	11111111111		7		0.00143999		50159
7	11111111111		6		0.000754058		50480
7	11111111111		5		0.000359476		52343
7	11111111111		4		0.000156403		59601
7	11111111111		3		5.34058e-05		86421
7	11111111111		2		1.81198e-05		194211
7	11111111111		1		2.86102e-06		629023
8	11111111111		18		0.182213		50000
8	11111111111		17		0.150028		50000
8	11111111111		16		0.121479		50000
8	11111111111		15		0.0966011		50000
8	11111111111		14		0.0752685		50000
8	11111111111		13		0.0573265		50000
8	11111111111		12		0.0425929		50000
8	11111111111		11		0.0308111		50001
8	11111111111		10		0.021677		50003
8	11111111111		9		0.0147653		50004
8	11111111111		8		0.0096463		50060
8	11111111111		7		0.00604415		50159
8	11111111111		6		0.00357372		50480
8	11111111111		5		0.00196928		52343
8	11111111111		4		0.00100183		59601
8	11111111111		3		0.000445247		86421
8	11111111111		2		0.000170708		194211
8	11111111111		1		4.19617e-05		629023
0	11111101110101		60		0		23907
1	11111101110101		50		0		43947
2	11111101110101		43		0.183546		47892
2	11111101110101		42		0.154976		48157
2	11111101110101		41		0.1204		48483
2	11111101110101		40		0.0901862		48776
2	11111101110101		39		0		49423
3	11111101110101		37		0.171599		49608
3	11111101110101		36		0.132894		49676
3	11111101110101		35		0.096339		49751
3	11111101110101		34		0.0682959		49813
3	11111101110101		33		0.046907		49850
3	11111101110101		32		0.0319983		49891
3	11111101110101		31		0.0223092		49914
3	11111101110101		30		0.0126709		49939
3	11111101110101		29		0.00605011		49958
3	11111101110101		28		0		49976
4	11111101110101		32		0.175431		49891
4	11111101110101		31		0.138192		49914
4	11111101110101		30		0.107279		49939
4	11111101110101		29		0.0806631		49958
4	11111101110101		28		0.0583858		49976
4	11111101110101		27		0.0401497		49983
4	11111101110101		26		0.0270814		49987
4	11111101110101		25		0.0174587		49991
4	11111101110101		24		0.0102728		49993
4	11111101110101		23		0.00573128		49996
4	11111101110101		22		0.00292492		49998
4	11111101110101		21		0.00136328		49999
4	11111101110101		20		0.000540137		49999
4	11111101110101		19		0.000135422		50000
4	11111101110101		18		1.81198e-05		50000
4	11111101110101		17		0		50000
5	11111101110101		28		0.190367		49976
5	11111101110101		27		0.153499		49983
5	11111101110101		26		0.121065		49987
5	11111101110101		25		0.0931129		49991
5	11111101110101		24		0.0694886		49993
5	11111101110101		23		0.0500386		49996
5	11111101110101		22		0.0348088		49998
5	11111101110101		21		0.0232772		49999
5	11111101110101		20		0.0148936		49999
5	11111101110101		19		0.00900906		50000
5	11111101110101		18		0.00510389		50000
5	11111101110101		17		0.00268149		50000
5	11111101110101		16		0.00126332		50000
5	11111101110101		15		0.000521064		50000
5	11111101110101		14		0.000165462		50000
5	11111101110101		13		3.29018e-05		50000
5	11111101110101		12		4.76837e-07		50000
5	11111101110101		11		0		50000
6	11111101110101		24		0.182071		49993
6	11111101110101		23		0.146495		49996
6	11111101110101		22		0.11515		49998
6	11111101110101		21		0.0882019		49999
6	11111101110101		20		0.0656717		49999
6	11111101110101		19		0.0473273		50000
6	11111101110101		18		0.0328581		50000
6	11111101110101		17		0.0218748		50000
6	11111101110101		16		0.0138281		50000
6	11111101110101		15		0.00823236		50000
6	11111101110101		14		0.00450355		50000
6	11111101110101		13		0.00221866		50000
6	11111101110101		12		0.000947475		50000
6	11111101110101		11		0.000328004		50000
6	11111101110101		10		8.67844e-05		50000
6	11111101110101		9		1.23978e-05		50000
6	11111101110101		8		0		50006
7	11111101110101		21		0.19285		49999
7	11111101110101		20		0.15608		49999
7	11111101110101		19		0.123377		50000
7	11111101110101		18		0.0950274		50000
7	11111101110101		17		0.0710549		50000
7	11111101110101		16		0.051378		50000
7	11111101110101		15		0.0356801		50000
7	11111101110101		14		0.0236558		50000
7	11111101110101		13		0.0148208		50000
7	11111101110101		12		0.008587		50000
7	11111101110101		11		0.00449598		50000
7	11111101110101		10		0.00204831		50000
7	11111101110101		9		0.00073123		50000
7	11111101110101		8		0.000212669		50006
7	11111101110101		7		3.14713e-05		50018
7	11111101110101		6		4.76837e-06		50030
7	11111101110101		5		0		50109
8	11111101110101		18		0.187692		50000
8	11111101110101		17		0.150829		50000
8	11111101110101		16		0.118153		50000
8	11111101110101		15		0.0898656		50000
8	11111101110101		14		0.0660966		50000
8	11111101110101		13		0.0467102		50000
8	11111101110101		12		0.0314237		50000
8	11111101110101		11		0.0197952		50000
8	11111101110101		10		0.0114901		50000
8	11111101110101		9		0.00587922		50000
8	11111101110101		8		0.00254309		50006
8	11111101110101		7		0.000874162		50018
8	11111101110101		6		0.000228882		50030
8	11111101110101		5		4.29153e-05		50109
8	11111101110101		4		7.62939e-06		50325
8	11111101110101		3		9.53674e-07		51517
8	11111101110101		2		0		63512
0	11111110001111		60		0		23907
1	11111110001111		50		0		43918
2	11111110001111		43		0.159981		47986
2	11111110001111		42		0.134381		48262
2	11111110001111		41		0.111109		48517
2	11111110001111		40		0.0901862		48758
2	11111110001111		39		0		49423
3	11111110001111		37		0.183345		49592
3	11111110001111		36		0.140164		49666
3	11111110001111		35		0.0915409		49752
3	11111110001111		34		0.0726106		49787
3	11111110001111		33		0.0528716		49833
3	11111110001111		32		0.0216632		49903
3	11111110001111		31		0.0151688		49929
3	11111110001111		30		0.0100281		49950
3	11111110001111		29		0.00605011		49956
3	11111110001111		28		0		49974
4	11111110001111		32		0.185123		49903
4	11111110001111		31		0.143572		49929
4	11111110001111		30		0.109802		49950
4	11111110001111		29		0.0816669		49956
4	11111110001111		28		0.0553025		49974
4	11111110001111		27		0.0394826		49979
4	11111110001111		26		0.0262576		49987
4	11111110001111		25		0.0149504		49990
4	11111110001111		24		0.00858796		49993
4	11111110001111		23		0.00517172		49994
4	11111110001111		22		0.00252026		49996
4	11111110001111		21		0.000480533		49998
4	11111110001111		20		0.000207424		49999
4	11111110001111		19		7.29561e-05		50000
4	11111110001111		18		1.81198e-05		50000
4	11111110001111		17		0		50000
5	11111110001111		28		0.199552		49974
5	11111110001111		27		0.158859		49979
5	11111110001111		26		0.124138		49987
5	11111110001111		25		0.0947314		49990
5	11111110001111		24		0.0698644		49993
5	11111110001111		23		0.0499516		49994
5	11111110001111		22		0.0342789		49996
5	11111110001111		21		0.0219765		49998
5	11111110001111		20		0.013696		49999
5	11111110001111		19		0.00798124		50000
5	11111110001111		18		0.00413418		50000
5	11111110001111		17		0.00199974		50000
5	11111110001111		16		0.000919878		50000
5	11111110001111		15		0.000318468		50000
5	11111110001111		14		6.86646e-05		50000
5	11111110001111		13		1.14441e-05		50000
5	11111110001111		12		4.76837e-07		50000
5	11111110001111		11		0		50000
6	11111110001111		24		0.18861		49993
6	11111110001111		23		0.151292		49994
6	11111110001111		22		0.118466		49996
6	11111110001111		21		0.090132		49998
6	11111110001111		20		0.0662141		49999
6	11111110001111		19		0.0470229		50000
6	11111110001111		18		0.0320812		50000
6	11111110001111		17		0.0207912		50000
6	11111110001111		16		0.0126979		50000
6	11111110001111		15		0.00722456		50000
6	11111110001111		14		0.00373524		50000
6	11111110001111		13		0.00177795		50000
6	11111110001111		12		0.000741661		50000
6	11111110001111		11		0.00025934		50000
6	11111110001111		10		8.7738e-05		50000
6	11111110001111		9		2.38419e-05		50000
6	11111110001111		8		6.67572e-06		50001
6	11111110001111		7		0		50003
7	11111110001111		21		0.199681		49998
7	11111110001111		20		0.160973		49999
7	11111110001111		19		0.126433		50000
7	11111110001111		18		0.0966864		50000
7	11111110001111		17		0.0716155		50000
7	11111110001111		16		0.0510622		50000
7	11111110001111		15		0.0347655		50000
7	11111110001111		14		0.0224502		50000
7	11111110001111		13		0.0135958		50000
7	11111110001111		12		0.0076136		50000
7	11111110001111		11		0.00390148		50000
7	11111110001111		10		0.00181413		50000
7	11111110001111		9		0.000726461		50000
7	11111110001111		8		0.000272691		50001
7	11111110001111		7		8.58307e-05		50003
7	11111110001111		6		1.62125e-05		50004
7	11111110001111		5		5.72205e-06		50063
7	11111110001111		4		9.53674e-07		50167
7	11111110001111		3		0		52675
8	11111110001111		18		0.193209		50000
8	11111110001111		17		0.154636		50000
8	11111110001111		16		0.120346		50000
8	11111110001111		15		0.0906776		50000
8	11111110001111		14		0.0657938		50000
8	11111110001111		13		0.0455886		50000
8	11111110001111		12		0.0298411		50000
8	11111110001111		11		0.0183368		50000
8	11111110001111		10		0.0104554		50000
8	11111110001111		9		0.00541741		50000
8	11111110001111		8		0.0025602		50001
8	11111110001111		7		0.00106281		50003
8	11111110001111		6		0.000407159		50004
8	11111110001111		5		0.000124931		50063
8	11111110001111		4		4.00543e-05		50167
8	11111110001111		3		1.04904e-05		52675
8	11111110001111		2		1.90735e-06		91825
8	11111110001111		1		0		732226
0	111111111111		62		0		23907
1	111111111111		51		0		43564
2	111111111111		42		0.196364		47855
2	111111111111		41		0.165223		48126
2	111111111111		40		0.137364		48368
2	111111111111		39		0		49308
3	111111111111		36		0.186087		49607
3	111111111111		35		0.148351		49667
3	111111111111		34		0.117131		49729
3	111111111111		33		0.0910517		49771
3	111111111111		32		0.0691543		49806
3	111111111111		31		0.051257		49848
3	111111111111		30		0.0372885		49884
3	111111111111		29		0.0263759		49912
3	111111111111		28		0.0176648		49932
3	111111111111		27		0		49960
4	111111111111		30		0.171515		49884
4	111111111111		29		0.140909		49912
4	111111111111		28		0.114096		49932
4	111111111111		27		0.090616		49960
4	111111111111		26		0.0668658		49972
4	111111111111		25		0.0489794		49985
4	111111111111		24		0.0355398		49990
4	111111111111		23		0.0253369		49993
4	111111111111		22		0.0176527		49999
4	111111111111		21		0.0119062		49999
4	111111111111		20		0.00766379		50000
4	111111111111		19		0.00466305		50000
4	111111111111		18		0.00266862		50000
4	111111111111		17		0.00137949		50000
4	111111111111		16		0.000590622		50000
4	111111111111		15		0		50000
5	111111111111		26		0.193019		49972
5	111111111111		25		0.16048		49985
5	111111111111		24		0.13149		49990
5	111111111111		23		0.105908		49993
5	111111111111		22		0.0838638		49999
5	111111111111		21		0.0650874		49999
5	111111111111		20		0.0493312		50000
5	111111111111		19		0.0364683		50000
5	111111111111		18		0.0264303		50000
5	111111111111		17		0.0187697		50000
5	111111111111		16		0.0129116		50000
5	111111111111		15		0.00857282		50000
5	111111111111		14		0.00541359		50000
5	111111111111		13		0.00333041		50000
5	111111111111		12		0.00198025		50000
5	111111111111		11		0.00112373		50000
5	111111111111		10		0.000603974		50001
5	111111111111		9		0.000302255		50003
5	111111111111		8		0.000134945		50004
5	111111111111		7		5.24521e-05		50060
5	111111111111		6		1.57356e-05		50159
5	111111111111		5		3.33786e-06		50473
5	111111111111		4		4.76837e-07		52340
5	111111111111		3		0		59592
6	111111111111		22		0.190055		49999
6	111111111111		21		0.158526		49999
6	111111111111		20		0.129917		50000
6	111111111111		19		0.104487		50000
6	111111111111		18		0.0827596		50000
6	111111111111		17		0.0645412		50000
6	111111111111		16		0.0493647		50000
6	111111111111		15		0.0369217		50000
6	111111111111		14		0.026965		50000
6	111111111111		13		0.019179		50000
6	111111111111		12		0.0132815		50000
6	111111111111		11		0.00890273		50000
6	111111111111		10		0.0057503		50001
6	111111111111		9		0.00357467		50003
6	111111111111		8		0.00210255		50004
6	111111111111		7		0.00116187		50060
6	111111111111		6		0.000614941		50159
6	111111111111		5		0.000303209		50473
6	111111111111		4		0.000135422		52340
6	111111111111		3		4.3869e-05		59592
6	111111111111		2		1.71661e-05		86371
6	111111111111		1		2.86102e-06		194154
7	111111111111		18		0.167849		50000
7	111111111111		17		0.138459		50000
7	111111111111		16		0.112387		50000
7	111111111111		15		0.0896329		50000
7	111111111111		14		0.0701367		50000
7	111111111111		13		0.0538058		50000
7	111111111111		12		0.0403634		50000
7	111111111111		11		0.0295079		50000
7	111111111111		10		0.0209574		50001
7	111111111111		9		0.0144157		50003
7	111111111111		8		0.00954145		50004
7	111111111111		7		0.00606978		50060
7	111111111111		6		0.00367349		50159
7	111111111111		5		0.0020873		50473
7	111111111111		4		0.00107896		52340
7	111111111111		3		0.000506282		59592
7	111111111111		2		0.000195503		86371
7	111111111111		1		5.62668e-05		194154
8	111111111111		16		0.196846		50000
8	111111111111		15		0.164054		50000
8	111111111111		14		0.134486		50000
8	111111111111		13		0.108375		50000
8	111111111111		12		0.0856531		50000
8	111111111111		11		0.066264		50000
8	111111111111		10		0.0500146		50001
8	111111111111		9		0.0367187		50003
8	111111111111		8		0.0261229		50004
8	111111111111		7		0.0179566		50060
8	111111111111		6		0.0117899		50159
8	111111111111		5		0.00732207		50473
8	111111111111		4		0.00426334		52340
8	111111111111		3		0.00223291		59592
8	111111111111		2		0.00101513		86371
8	111111111111		1		0.000356615		194154
0	1110100111010011101		55		0		23907
1	1110100111010011101		44		0		44784
2	1110100111010011101		38		0.174504		47972
2	1110100111010011101		37		0.137415		48317
2	1110100111010011101		36		0.0813752		48792
2	1110100111010011101		35		0.0588159		49027
2	1110100111010011101		34		0.0387981		49260
2	1110100111010011101		33		0.0253438		49435
2	1110100111010011101		32		0		49634
3	1110100111010011101		32		0.164327		49634
3	1110100111010011101		31		0.123778		49693
3	1110100111010011101		30		0.0904554		49749
3	1110100111010011101		29		0.0641429		49800
3	1110100111010011101		28		0.0419582		49856
3	1110100111010011101		27		0.0279001		49888
3	1110100111010011101		26		0.0155085		49929
3	1110100111010011101		25		0.00765383		49950
3	1110100111010011101		24		0.00256115		49971
3	1110100111010011101		23		0.000780523		49985
3	1110100111010011101		22		5.62668e-05		49987
3	1110100111010011101		21		0		49988
4	1110100111010011101		28		0.199179		49856
4	1110100111010011101		27		0.157636		49888
4	1110100111010011101		26		0.121529		49929
4	1110100111010011101		25		0.0905046		49950
4	1110100111010011101		24		0.0650482		49971
4	1110100111010011101		23		0.0445362		49985
4	1110100111010011101		22		0.0283679		49987
4	1110100111010011101		21		0.0170215		49988
4	1110100111010011101		20		0.00937474		49993
4	1110100111010011101		19		0.00455248		49994
4	1110100111010011101		18		0.00171608		49995
4	1110100111010011101		17		0.000460029		49996
4	1110100111010011101		16		5.34058e-05		49997
4	1110100111010011101		15		1.90735e-06		49997
4	1110100111010011101		14		0		49998
5	1110100111010011101		23		0.162114		49985
5	1110100111010011101		22		0.125726		49987
5	1110100111010011101		21		0.0941847		49988
5	1110100111010011101		20		0.0678819		49993
5	1110100111010011101		19		0.0466684		49994
5	1110100111010011101		18		0.0302129		49995
5	1110100111010011101		17		0.0182053		49996
5	1110100111010011101		16		0.00988901		49997
5	1110100111010011101		15		0.00486898		49997
5	1110100111010011101		14		0.00205213		49998
5	1110100111010011101		13		0.000690222		50000
5	1110100111010011101		12		0.000173092		50000
5	1110100111010011101		11		1.52588e-05		50000
5	1110100111010011101		10		4.76837e-07		50000
5	1110100111010011101		9		0		50000
6	1110100111010011101		20		0.181691		49993
6	1110100111010011101		19		0.142497		49994
6	1110100111010011101		18		0.107924		49995
6	1110100111010011101		17		0.0785398		49996
6	1110100111010011101		16		0.054329		49997
6	1110100111010011101		15		0.0353958		49997
6	1110100111010011101		14		0.0214494		49998
6	1110100111010011101		13		0.0119123		50000
6	1110100111010011101		12		0.00595409		50000
6	1110100111010011101		11		0.00259918		50000
6	1110100111010011101		10		0.000964642		50000
6	1110100111010011101		9		0.000278413		50000
6	1110100111010011101		8		5.14984e-05		50000
6	1110100111010011101		7		2.86102e-06		50000
6	1110100111010011101		6		0		50000
7	1110100111010011101		17		0.179727		49996
7	1110100111010011101		16		0.139249		49997
7	1110100111010011101		15		0.103683		49997
7	1110100111010011101		14		0.0734818		49998
7	1110100111010011101		13		0.0492841		50000
7	1110100111010011101		12		0.030776		50000
7	1110100111010011101		11		0.0176316		50000
7	1110100111010011101		10		0.00912386		50000
7	1110100111010011101		9		0.00419497		50000
7	1110100111010011101		8		0.00161326		50000
7	1110100111010011101		7		0.000508189		50000
7	1110100111010011101		6		0.000121117		50000
7	1110100111010011101		5		1.90735e-05		50000
7	1110100111010011101		4		0		50001
8	1110100111010011101		14		0.161387		49998
8	1110100111010011101		13		0.120742		50000
8	1110100111010011101		12		0.0858022		50000
8	1110100111010011101		11		0.0572519		50000
8	1110100111010011101		10		0.035578		50000
8	1110100111010011101		9		0.0201896		50000
8	1110100111010011101		8		0.0102175		50000
8	1110100111010011101		7		0.0044561		50000
8	1110100111010011101		6		0.00159234		50000
8	1110100111010011101		5		0.000458598		50000
8	1110100111010011101		4		9.34601e-05		50001
8	1110100111010011101		3		1.14441e-05		50025
8	1110100111010011101		2		1.90735e-06		50629
8	1110100111010011101		1		0		215874
0	111111111000111		59		0		23907
1	111111111000111		48		0		44183
2	111111111000111		41		0.186977		47865
2	111111111000111		40		0.158812		48129
2	111111111000111		39		0.109486		48558
2	111111111000111		38		0.0894382		48777
2	111111111000111		37		0.0722028		48979
2	111111111000111		36		0		49513
3	111111111000111		35		0.196545		49573
3	111111111000111		34		0.154191		49645
3	111111111000111		33		0.106194		49735
3	111111111000111		32		0.0819348		49774
3	111111111000111		31		0.0646306		49811
3	111111111000111		30		0.03941		49864
3	111111111000111		29		0.0286753		49899
3	111111111000111		28		0.0201331		49922
3	111111111000111		27		0.00890154		49954
3	111111111000111		26		0.00556463		49958
3	111111111000111		25		0.00311768		49968
3	111111111000111		24		0		49979
4	111111111000111		30		0.195713		49864
4	111111111000111		29		0.157291		49899
4	111111111000111		28		0.125278		49922
4	111111111000111		27		0.0951138		49954
4	111111111000111		26		0.0719572		49958
4	111111111000111		25		0.0531278		49968
4	111111111000111		24		0.0364403		49979
4	111111111000111		23		0.0251704		49988
4	111111111000111		22		0.0167698		49991
4	111111111000111		21		0.00956082		49995
4	111111111000111		20		0.0056929		49995
4	111111111000111		19		0.00313598		49998
4	111111111000111		18		0.00111043		49999
4	111111111000111		17		0.000463367		50000
4	111111111000111		16		0.000143051		50000
4	111111111000111		15		1.57356e-05		50000
4	111111111000111		14		1.90735e-06		50000
4	111111111000111		13		0		50000
5	111111111000111		25		0.172187		49968
5	111111111000111		24		0.13903		49979
5	111111111000111		23		0.109301		49988
5	111111111000111		22		0.0842665		49991
5	111111111000111		21		0.0630863		49995
5	111111111000111		20		0.0455558		49995
5	111111111000111		19		0.0318499		49998
5	111111111000111		18		0.021068		49999
5	111111111000111		17		0.0133573		50000
5	111111111000111		16		0.00800961		50000
5	111111111000111		15		0.00436544		50000
5	111111111000111		14		0.00223434		50000
5	111111111000111		13		0.000990868		50000
5	111111111000111		12		0.0003075		50000
5	111111111000111		11		7.62939e-05		50000
5	111111111000111		10		9.05991e-06		50000
5	111111111000111		9		0		50000
6	111111111000111		21		0.164339		49995
6	111111111000111		20		0.131958		49995
6	111111111000111		19		0.103408		49998
6	111111111000111		18		0.0789642		49999
6	111111111000111		17		0.0583006		50000
6	111111111000111		16		0.04161		50000
6	111111111000111		15		0.0284662		50000
6	111111111000111		14		0.0184782		50000
6	111111111000111		13		0.0112572		50000
6	111111111000111		12		0.00625741		50000
6	111111111000111		11		0.00314409		50000
6	111111111000111		10		0.00140095		50000
6	111111111000111		9		0.000521541		50000
6	111111111000111		8		0.000156403		50000
6	111111111000111		7		4.48227e-05		50001
6	111111111000111		6		1.90735e-06		50003
6	111111111000111		5		0		50012
7	111111111000111		18		0.172494		49999
7	111111111000111		17		0.138523		50000
7	111111111000111		16		0.108433		50000
7	111111111000111		15		0.0824604		50000
7	111111111000111		14		0.0605654		50000
7	111111111000111		13		0.0426934		50000
7	111111111000111		12		0.0285486		50000
7	111111111000111		11		0.0178864		50000
7	111111111000111		10		0.0103487		50000
7	111111111000111		9		0.00532258		50000
7	111111111000111		8		0.00246888		50000
7	111111111000111		7		0.000976086		50001
7	111111111000111		6		0.000327051		50003
7	111111111000111		5		0.000102997		50012
7	111111111000111		4		2.38419e-05		50063
7	111111111000111		3		1.90735e-06		50657
7	111111111000111		2		0		60459
8	111111111000111		15		0.164074		50000
8	111111111000111		14		0.129847		50000
8	111111111000111		13		0.0997197		50000
8	111111111000111		12		0.073799		50000
8	111111111000111		11		0.0522081		50000
8	111111111000111		10		0.0347922		50000
8	111111111000111		9		0.0212954		50000
8	111111111000111		8		0.0120009		50000
8	111111111000111		7		0.00597972		50001
8	111111111000111		6		0.00258303		50003
8	111111111000111		5		0.00101799		50012
8	111111111000111		4		0.000329912		50063
8	111111111000111		3		9.05991e-05		50657
8	111111111000111		2		1.81198e-05		60459
8	111111111000111		1		1.90735e-06		219248
0	1111111111111		61		0		23907
1	1111111111111		49		0		43781
2	1111111111111		40		0.192879		47889
2	1111111111111		39		0.163065		48152
2	1111111111111		38		0.136329		48395
2	1111111111111		37		0.112015		48631
2	1111111111111		36		0		49394
3	1111111111111		33		0.163896		49650
3	1111111111111		32		0.130964		49704
3	1111111111111		31		0.103372		49756
3	1111111111111		30		0.0801189		49791
3	1111111111111		29		0.0608624		49832
3	1111111111111		28		0.0456885		49865
3	1111111111111		27		0.0337923		49896
3	1111111111111		26		0.0243176		49919
3	1111111111111		25		0.0167405		49937
3	1111111111111		24		0.0107163		49954
3	1111111111111		23		0		49975
4	1111111111111		28		0.183802		49865
4	1111111111111		27		0.152963		49896
4	1111111111111		26		0.125944		49919
4	1111111111111		25		0.10224		49937
4	1111111111111		24		0.0815924		49954
4	1111111111111		23		0.0639048		49975
4	1111111111111		22		0.0471632		49983
4	1111111111111		21		0.0344842		49993
4	1111111111111		20		0.0248153		49997
4	1111111111111		19		0.0175225		49999
4	1111111111111		18		0.0120382		49999
4	1111111111111		17		0.0079571		49999
4	1111111111111		16		0.00501895		50000
4	1111111111111		15		0.00304139		50000
4	1111111111111		14		0.00174272		50000
4	1111111111111		13		0.00091511		50000
4	1111111111111		12		0.000413835		50000
4	1111111111111		11		0.000144005		50000
4	1111111111111		10		0		50000
5	1111111111111		23		0.172935		49975
5	1111111111111		22		0.14481		49983
5	1111111111111		21		0.119235		49993
5	1111111111111		20		0.0964766		49997
5	1111111111111		19		0.0767449		49999
5	1111111111111		18		0.0598699		49999
5	1111111111111		17		0.0456159		49999
5	1111111111111		16		0.0338975		50000
5	1111111111111		15		0.0247032		50000
5	1111111111111		14		0.0176536		50000
5	1111111111111		13		0.012276		50000
5	1111111111111		12		0.0082655		50000
5	1111111111111		11		0.00536239		50000
5	1111111111111		10		0.00333989		50000
5	1111111111111		9		0.00197119		50001
5	1111111111111		8		0.00111759		50003
5	1111111111111		7		0.000603497		50004
5	1111111111111		6		0.000304163		50060
5	1111111111111		5		0.000137329		50159
5	1111111111111		4		5.19753e-05		50473
5	1111111111111		3		1.28746e-05		52340
5	1111111111111		2		3.33786e-06		59592
5	1111111111111		1		0		86369
6	1111111111111		19		0.1702		49999
6	1111111111111		18		0.141986		49999
6	1111111111111		17		0.116343		49999
6	1111111111111		16		0.0934847		50000
6	1111111111111		15		0.0738829		50000
6	1111111111111		14		0.0574793		50000
6	1111111111111		13		0.0438485		50000
6	1111111111111		12		0.0326838		50000
6	1111111111111		11		0.0237582		50000
6	1111111111111		10		0.0168059		50000
6	1111111111111		9		0.0115212		50001
6	1111111111111		8		0.00759566		50003
6	1111111111111		7		0.00481015		50004
6	1111111111111		6		0.00287592		50060
6	1111111111111		5		0.00165421		50159
6	1111111111111		4		0.00085032		50473
6	1111111111111		3		0.000391901		52340
6	1111111111111		2		0.00014782		59592
6	1111111111111		1		3.62396e-05		86369
7	1111111111111		16		0.177852		50000
7	1111111111111		15		0.147956		50000
7	1111111111111		14		0.12133		50000
7	1111111111111		13		0.0978366		50000
7	1111111111111		12		0.0773958		50000
7	1111111111111		11		0.0599731		50000
7	1111111111111		10		0.0454656		50000
7	1111111111111		9		0.0335736		50001
7	1111111111111		8		0.0240356		50003
7	1111111111111		7		0.0166315		50004
7	1111111111111		6		0.0110243		50060
7	1111111111111		5		0.00696415		50159
7	1111111111111		4		0.00412756		50473
7	1111111111111		3		0.00221008		52340
7	1111111111111		2		0.00104469		59592
7	1111111111111		1		0.000382364		86369
8	1111111111111		13		0.170724		50000
8	1111111111111		12		0.140833		50000
8	1111111111111		11		0.114096		50000
8	1111111111111		10		0.0906395		50000
8	1111111111111		9		0.0703929		50001
8	1111111111111		8		0.0532786		50003
8	1111111111111		7		0.0390987		50004
8	1111111111111		6		0.0276672		50060
8	1111111111111		5		0.0187421		50159
8	1111111111111		4		0.0119802		50473
8	1111111111111		3		0.00708348		52340
8	1111111111111		2		0.00371242		59592
8	1111111111111		1		0.00156564		86369
0	110101111001100010111		53		0		23907
1	110101111001100010111		41		0		45172
2	110101111001100010111		36		0.197412		47799
2	110101111001100010111		35		0.150156		48192
2	110101111001100010111		34		0.113055		48540
2	110101111001100010111		33		0.0795347		48849
2	110101111001100010111		32		0.0564201		49102
2	110101111001100010111		31		0.0350153		49309
2	110101111001100010111		30		0.0169451		49490
2	110101111001100010111		29		0.011016		49600
2	110101111001100010111		28		0		49709
3	110101111001100010111		30		0.193341		49490
3	110101111001100010111		29		0.149251		49600
3	110101111001100010111		28		0.111962		49709
3	110101111001100010111		27		0.0805136		49781
3	110101111001100010111		26		0.0552565		49828
3	110101111001100010111		25		0.0376247		49861
3	110101111001100010111		24		0.023622		49907
3	110101111001100010111		23		0.0140371		49930
3	110101111001100010111		22		0.00654763		49960
3	110101111001100010111		21		0.00241703		49973
3	110101111001100010111		20		0.000452876		49980
3	110101111001100010111		19		0.000103712		49984
3	110101111001100010111		18		0		49990
4	110101111001100010111		25		0.181703		49861
4	110101111001100010111		24		0.142709		49907
4	110101111001100010111		23		0.109016		49930
4	110101111001100010111		22		0.080025		49960
4	110101111001100010111		21		0.0554782		49973
4	110101111001100010111		20		0.0358378		49980
4	110101111001100010111		19		0.0216169		49984
4	110101111001100010111		18		0.0119821		49990
4	110101111001100010111		17		0.00593513		49993
4	110101111001100010111		16		0.00249934		49993
4	110101111001100010111		15		0.000842214		49995
4	110101111001100010111		14		0.000220776		49998
4	110101111001100010111		13		4.33922e-05		49998
4	110101111001100010111		12		7.15256e-06		49999
4	110101111001100010111		11		4.76837e-07		50000
4	110101111001100010111		10		0		50000
5	110101111001100010111		21		0.183925		49973
5	110101111001100010111		20		0.14393		49980
5	110101111001100010111		19		0.10834		49984
5	110101111001100010111		18		0.0781148		49990
5	110101111001100010111		17		0.0533288		49993
5	110101111001100010111		16		0.0339371		49993
5	110101111001100010111		15		0.0197868		49995
5	110101111001100010111		14		0.0104191		49998
5	110101111001100010111		13		0.00493115		49998
5	110101111001100010111		12		0.00204688		49999
5	110101111001100010111		11		0.000724077		50000
5	110101111001100010111		10		0.000200748		50000
5	110101111001100010111		9		4.05312e-05		50000
5	110101111001100010111		8		5.24521e-06		50000
5	110101111001100010111		7		0		50000
6	110101111001100010111		18		0.199858		49990
6	110101111001100010111		17		0.15672		49993
6	110101111001100010111		16		0.118131		49993
6	110101111001100010111		15		0.0846664		49995
6	110101111001100010111		14		0.0570262		49998
6	110101111001100010111		13		0.0356773		49998
6	110101111001100010111		12		0.0204895		49999
6	110101111001100010111		11		0.0106508		50000
6	110101111001100010111		10		0.00489557		50000
6	110101111001100010111		9		0.00188363		50000
6	110101111001100010111		8		0.000604451		50000
6	110101111001100010111		7		0.000150681		50000
6	110101111001100010111		6		2.28882e-05		50000
6	110101111001100010111		5		2.86102e-06		50000
6	110101111001100010111		4		0		50000
7	110101111001100010111		15		0.189709		49995
7	110101111001100010111		14		0.145016		49998
7	110101111001100010111		13		0.105342		49998
7	110101111001100010111		12		0.0720147		49999
7	110101111001100010111		11		0.0457888		50000
7	110101111001100010111		10		0.026719		50000
7	110101111001100010111		9		0.0138798		50000
7	110101111001100010111		8		0.00632852		50000
7	110101111001100010111		7		0.00244987		50000
7	110101111001100010111		6		0.000755966		50000
7	110101111001100010111		5		0.000165939		50000
7	110101111001100010111		4		2.95639e-05		50000
7	110101111001100010111		3		1.90735e-06		50000
7	110101111001100010111		2		0		50012
8	110101111001100010111		12		0.162589		49999
8	110101111001100010111		11		0.117332		50000
8	110101111001100010111		10		0.0790696		50000
8	110101111001100010111		9		0.049207		50000
8	110101111001100010111		8		0.0276987		50000
8	110101111001100010111		7		0.0136673		50000
8	110101111001100010111		6		0.00565451		50000
8	110101111001100010111		5		0.00186747		50000
8	110101111001100010111		4		0.000436664		50000
8	110101111001100010111		3		7.24792e-05		50000
8	110101111001100010111		2		9.53674e-07		50012
8	110101111001100010111		1		0		89752
0	11111111110000111		57		0		23907
1	11111111110000111		45		0		44626
2	11111111110000111		38		0.161234		48099
2	11111111110000111		37		0.136848		48346
2	11111111110000111		36		0.114963		48581
2	11111111110000111		35		0.0704253		48960
2	11111111110000111		34		0.0569511		49149
2	11111111110000111		33		0.0449986		49278
2	11111111110000111		32		0		49625
3	11111111110000111		32		0.176475		49625
3	11111111110000111		31		0.140271		49685
3	11111111110000111		30		0.108531		49737
3	11111111110000111		29		0.07617		49794
3	11111111110000111		28		0.0561215		49831
3	11111111110000111		27		0.0436679		49869
3	11111111110000111		26		0.0317786		49899
3	11111111110000111		25		0.0176503		49927
3	11111111110000111		24		0.0120273		49947
3	11111111110000111		23		0.00762618		49959
3	11111111110000111		22		0.0022248		49971
3	11111111110000111		21		0.00115687		49981
3	11111111110000111		20		0.000466466		49989
3	11111111110000111		19		0		49991
4	11111111110000111		27		0.178643		49869
4	11111111110000111		26		0.145984		49899
4	11111111110000111		25		0.115617		49927
4	11111111110000111		24		0.0900873		49947
4	11111111110000111		23		0.0682517		49959
4	11111111110000111		22		0.048583		49971
4	11111111110000111		21		0.0345551		49981
4	11111111110000111		20		0.0237275		49989
4	11111111110000111		19		0.0153421		49991
4	11111111110000111		18		0.00947112		49997
4	11111111110000111		17		0.0057261		49998
4	11111111110000111		16		0.00301951		49999
4	11111111110000111		15		0.00109804		50000
4	11111111110000111		14		0.00038904		50000
4	11111111110000111		13		7.62939e-05		50000
4	11111111110000111		12		0		50000
5	11111111110000111		23		0.191848		49959
5	11111111110000111		22		0.157174		49971
5	11111111110000111		21		0.125612		49981
5	11111111110000111		20		0.0983015		49989
5	11111111110000111		19		0.0752226		49991
5	11111111110000111		18		0.0557753		49997
5	11111111110000111		17		0.0401461		49998
5	11111111110000111		16		0.0277001		49999
5	11111111110000111		15		0.0178625		50000
5	11111111110000111		14		0.0108041		50000
5	11111111110000111		13		0.00601429		50000
5	11111111110000111		12		0.00308418		50000
5	11111111110000111		11		0.00146425		50000
5	11111111110000111		10		0.000600636		50000
5	11111111110000111		9		0.000171661		50000
5	11111111110000111		8		2.71797e-05		50000
5	11111111110000111		7		5.24521e-06		50000
5	11111111110000111		6		0		50000
6	11111111110000111		19		0.179237		49991
6	11111111110000111		18		0.145566		49997
6	11111111110000111		17		0.115574		49998
6	11111111110000111		16		0.0893533		49999
6	11111111110000111		15		0.0668622		50000
6	11111111110000111		14		0.0480193		50000
6	11111111110000111		13		0.0327281		50000
6	11111111110000111		12		0.0209444		50000
6	11111111110000111		11		0.0126536		50000
6	11111111110000111		10		0.00707495		50000
6	11111111110000111		9		0.00352806		50000
6	11111111110000111		8		0.00152946		50000
6	11111111110000111		7		0.000610173		50000
6	11111111110000111		6		0.000196457		50000
6	11111111110000111		5		5.72205e-05		50001
6	11111111110000111		4		1.23978e-05		50018
6	11111111110000111		3		2.86102e-06		50132
6	11111111110000111		2		0		52528
7	11111111110000111		16		0.183651		49999
7	11111111110000111		15		0.148446		50000
7	11111111110000111		14		0.116697		50000
7	11111111110000111		13		0.0886226		50000
7	11111111110000111		12		0.0642226		50000
7	11111111110000111		11		0.0445659		50000
7	11111111110000111		10		0.0291932		50000
7	11111111110000111		9		0.0176991		50000
7	11111111110000111		8		0.00970674		50000
7	11111111110000111		7		0.00494778		50000
7	11111111110000111		6		0.00223768		50000
7	11111111110000111		5		0.000852227		50001
7	11111111110000111		4		0.000286996		50018
7	11111111110000111		3		9.72748e-05		50132
7	11111111110000111		2		1.52588e-05		52528
7	11111111110000111		1		9.53674e-07		90638
8	11111111110000111		13		0.170946		50000
8	11111111110000111		12		0.134138		50000
8	11111111110000111		11		0.101593		50000
8	11111111110000111		10		0.0735649		50000
8	11111111110000111		9		0.0502356		50000
8	11111111110000111		8		0.0316103		50000
8	11111111110000111		7		0.0187468		50000
8	11111111110000111		6		0.00996643		50000
8	11111111110000111		5		0.00465733		50001
8	11111111110000111		4		0.00190175		50018
8	11111111110000111		3		0.000725508		50132
8	11111111110000111		2		0.000189781		52528
8	11111111110000111		1		2.19345e-05		90638
0	11111111111111		60		0		23907
1	11111111111111		47		0		44015
2	11111111111111		38		0.188551		47929
2	11111111111111		37		0.159981		48191
2	11111111111111		36		0.134381		48432
2	11111111111111		35		0.111109		48647
2	11111111111111		34		0.0901862		48852
2	11111111111111		33		0		49477
3	11111111111111		31		0.177057		49627
3	11111111111111		30		0.142743		49689
3	11111111111111		29		0.113762		49742
3	11111111111111		28		0.0891929		49781
3	11111111111111		27		0.0688251		49827
3	11111111111111		26		0.0527306		49852
3	11111111111111		25		0.0400177		49882
3	11111111111111		24		0.029814		49907
3	11111111111111		23		0.0216632		49927
3	11111111111111		22		0.0151688		49943
3	11111111111111		21		0.0100281		49960
3	11111111111111		20		0.00605011		49969
3	11111111111111		19		0		49987
4	11111111111111		26		0.191964		49852
4	11111111111111		25		0.161308		49882
4	11111111111111		24		0.134228		49907
4	11111111111111		23		0.110426		49927
4	11111111111111		22		0.0896746		49943
4	11111111111111		21		0.0717005		49960
4	11111111111111		20		0.0563587		49969
4	11111111111111		19		0.0434723		49987
4	11111111111111		18		0.0318481		49995
4	11111111111111		17		0.0229754		49996
4	11111111111111		16		0.0162769		49999
4	11111111111111		15		0.0112228		49999
4	11111111111111		14		0.00745225		49999
4	11111111111111		13		0.00475842		49999
4	11111111111111		12		0.00293636		50000
4	11111111111111		11		0.00173134		50000
4	11111111111111		10		0.000957489		50000
4	11111111111111		9		0.000480533		50000
4	11111111111111		8		0.000207424		50001
4	11111111111111		7		7.29561e-05		50003
4	11111111111111		6		1.81198e-05		50004
4	11111111111111		5		0		50060
5	11111111111111		21		0.179902		49960
5	11111111111111		20		0.151917		49969
5	11111111111111		19		0.126822		49987
5	11111111111111		18		0.104578		49995
5	11111111111111		17		0.0846916		49996
5	11111111111111		16		0.0673782		49999
5	11111111111111		15		0.052472		49999
5	11111111111111		14		0.0398434		49999
5	11111111111111		13		0.0294793		49999
5	11111111111111		12		0.0213789		50000
5	11111111111111		11		0.015182		50000
5	11111111111111		10		0.0104658		50000
5	11111111111111		9		0.00696319		50000
5	11111111111111		8		0.00444376		50001
5	11111111111111		7		0.00272334		50003
5	11111111111111		6		0.00156373		50004
5	11111111111111		5		0.000843167		50060
5	11111111111111		4		0.000418603		50159
5	11111111111111		3		0.000185966		50473
5	11111111111111		2		7.00951e-05		52340
5	11111111111111		1		1.14441e-05		59592
6	11111111111111		17		0.175583		49996
6	11111111111111		16		0.148058		49999
6	11111111111111		15		0.122908		49999
6	11111111111111		14		0.0999987		49999
6	11111111111111		13		0.0797236		49999
6	11111111111111		12		0.0624486		50000
6	11111111111111		11		0.0480466		50000
6	11111111111111		10		0.0361269		50000
6	11111111111111		9		0.0264869		50000
6	11111111111111		8		0.0188319		50001
6	11111111111111		7		0.0129126		50003
6	11111111111111		6		0.00853217		50004
6	11111111111111		5		0.00533676		50060
6	11111111111111		4		0.00312603		50159
6	11111111111111		3		0.00167322		50473
6	11111111111111		2		0.000781715		52340
6	11111111111111		1		0.000272691		59592
7	11111111111111		14		0.181648		49999
7	11111111111111		13		0.151805		49999
7	11111111111111		12		0.124941		50000
7	11111111111111		11		0.101137		50000
7	11111111111111		10		0.0803071		50000
7	11111111111111		9		0.0623395		50000
7	11111111111111		8		0.0472319		50001
7	11111111111111		7		0.0347517		50003
7	11111111111111		6		0.0246906		50004
7	11111111111111		5		0.0168237		50060
7	11111111111111		4		0.010814		50159
7	11111111111111		3		0.00647634		50473
7	11111111111111		2		0.00347203		52340
7	11111111111111		1		0.00151139		59592
8	11111111111111		11		0.170795		50000
8	11111111111111		10		0.140974		50000
8	11111111111111		9		0.114129		50000
8	11111111111111		8		0.090355		50001
8	11111111111111		7		0.0697686		50003
8	11111111111111		6		0.0522389		50004
8	11111111111111		5		0.03767		50060
8	11111111111111		4		0.0258684		50159
8	11111111111111		3		0.0167149		50473
8	11111111111111		2		0.00978518		52340
8	11111111111111		1		0.00487185		59592
0	1111011010001110011011		52		0		23907
1	1111011010001110011011		39		0		45472
2	1111011010001110011011		34		0.193352		47851
2	1111011010001110011011		33		0.158605		48201
2	1111011010001110011011		32		0.107527		48609
2	1111011010001110011011		31		0.073302		48909
2	1111011010001110011011		30		0.0562743		49105
2	1111011010001110011011		29		0.0336381		49328
2	1111011010001110011011		28		0.0186705		49484
2	1111011010001110011011		27		0.0105686		49605
2	1111011010001110011011		26		0.00636524		49693
2	1111011010001110011011		25		0		49773
3	1111011010001110011011		28		0.190254		49484
3	1111011010001110011011		27		0.150009		49605
3	1111011010001110011011		26		0.114787		49693
3	1111011010001110011011		25		0.0846651		49773
3	1111011010001110011011		24		0.0584242		49819
3	1111011010001110011011		23		0.0392612		49865
3	1111011010001110011011		22		0.0246223		49902
3	1111011010001110011011		21		0.0135466		49928
3	1111011010001110011011		20		0.007465		49941
3	1111011010001110011011		19		0.00341332		49966
3	1111011010001110011011		18		0.00127304		49979
3	1111011010001110011011		17		0.000207901		49982
3	1111011010001110011011		16		2.52724e-05		49990
3	1111011010001110011011		15		0		49991
4	1111011010001110011011		23		0.18273		49865
4	1111011010001110011011		22		0.143966		49902
4	1111011010001110011011		21		0.109736		49928
4	1111011010001110011011		20		0.0799575		49941
4	1111011010001110011011		19		0.0556439		49966
4	1111011010001110011011		18		0.0368541		49979
4	1111011010001110011011		17		0.0225439		49982
4	1111011010001110011011		16		0.0121248		49990
4	1111011010001110011011		15		0.00571567		49991
4	1111011010001110011011		14		0.00246078		49994
4	1111011010001110011011		13		0.000979424		49995
4	1111011010001110011011		12		0.000326097		49996
4	1111011010001110011011		11		7.9155e-05		49997
4	1111011010001110011011		10		1.33514e-05		49998
4	1111011010001110011011		9		4.76837e-07		50000
4	1111011010001110011011		8		0		50000
5	1111011010001110011011		19		0.181118		49966
5	1111011010001110011011		18		0.141345		49979
5	1111011010001110011011		17		0.106413		49982
5	1111011010001110011011		16		0.0764398		49990
5	1111011010001110011011		15		0.0514327		49991
5	1111011010001110011011		14		0.0319432		49994
5	1111011010001110011011		13		0.0182216		49995
5	1111011010001110011011		12		0.00941348		49996
5	1111011010001110011011		11		0.00433934		49997
5	1111011010001110011011		10		0.00173515		49998
5	1111011010001110011011		9		0.00060159		50000
5	1111011010001110011011		8		0.000161171		50000
5	1111011010001110011011		7		3.09944e-05		50000
5	1111011010001110011011		6		4.29153e-06		50000
5	1111011010001110011011		5		4.76837e-07		50000
5	1111011010001110011011		4		0		50000
6	1111011010001110011011		16		0.192935		49990
6	1111011010001110011011		15		0.150094		49991
6	1111011010001110011011		14		0.111454		49994
6	1111011010001110011011		13		0.0780423		49995
6	1111011010001110011011		12		0.051122		49996
6	1111011010001110011011		11		0.0309396		49997
6	1111011010001110011011		10		0.0169681		49998
6	1111011010001110011011		9		0.00834584		50000
6	1111011010001110011011		8		0.00355089		50000
6	1111011010001110011011		7		0.00121045		50000
6	1111011010001110011011		6		0.000342309		50000
6	1111011010001110011011		5		7.05719e-05		50000
6	1111011010001110011011		4		1.52588e-05		50000
6	1111011010001110011011		3		9.53674e-07		50000
6	1111011010001110011011		2		0		50000
7	1111011010001110011011		13		0.176459		49995
7	1111011010001110011011		12		0.131654		49996
7	1111011010001110011011		11		0.0927972		49997
7	1111011010001110011011		10		0.0609524		49998
7	1111011010001110011011		9		0.0367306		50000
7	1111011010001110011011		8		0.0197831		50000
7	1111011010001110011011		7		0.00923538		50000
7	1111011010001110011011		6		0.00362784		50000
7	1111011010001110011011		5		0.00112945		50000
7	1111011010001110011011		4		0.000264108		50000
7	1111011010001110011011		3		4.86374e-05		50000
7	1111011010001110011011		2		5.72205e-06		50000
7	1111011010001110011011		1		0		59760
8	1111011010001110011011		11		0.192217		49997
8	1111011010001110011011		10		0.141553		49998
8	1111011010001110011011		9		0.0973917		50000
8	1111011010001110011011		8		0.0617983		50000
8	1111011010001110011011		7		0.0351593		50000
8	1111011010001110011011		6		0.0173392		50000
8	1111011010001110011011		5		0.00702101		50000
8	1111011010001110011011		4		0.00228715		50000
8	1111011010001110011011		3		0.00055486		50000
8	1111011010001110011011		2		8.58307e-05		50000
8	1111011010001110011011		1		1.90735e-06		59760
0	11101110110001110110001		51		0		23907
1	11101110110001110110001		38		0		45821
2	11101110110001110110001		33		0.171028		48121
2	11101110110001110110001		32		0.12433		48500
2	11101110110001110110001		31		0.100233		48751
2	11101110110001110110001		30		0.0677237		49035
2	11101110110001110110001		29		0.0543337		49216
2	11101110110001110110001		28		0.0376188		49387
2	11101110110001110110001		27		0.0204386		49538
2	11101110110001110110001		26		0.0126254		49639
2	11101110110001110110001		25		0.00434762		49723
2	11101110110001110110001		24		0		49808
3	11101110110001110110001		28		0.195798		49387
3	11101110110001110110001		27		0.157954		49538
3	11101110110001110110001		26		0.124861		49639
3	11101110110001110110001		25		0.0955276		49723
3	11101110110001110110001		24		0.0695472		49808
3	11101110110001110110001		23		0.0499299		49844
3	11101110110001110110001		22		0.0342966		49884
3	11101110110001110110001		21		0.0227506		49916
3	11101110110001110110001		20		0.0140463		49932
3	11101110110001110110001		19		0.00791287		49954
3	11101110110001110110001		18		0.00426096		49972
3	11101110110001110110001		17		0.00163114		49979
3	11101110110001110110001		16		0.000546277		49988
3	11101110110001110110001		15		0.000104189		49989
3	11101110110001110110001		14		6.19888e-06		49992
3	11101110110001110110001		13		0		49994
4	11101110110001110110001		23		0.182378		49844
4	11101110110001110110001		22		0.146251		49884
4	11101110110001110110001		21		0.114468		49916
4	11101110110001110110001		20		0.0871491		49932
4	11101110110001110110001		19		0.0640985		49954
4	11101110110001110110001		18		0.0452973		49972
4	11101110110001110110001		17		0.0304973		49979
4	11101110110001110110001		16		0.0193086		49988
4	11101110110001110110001		15		0.0114307		49989
4	11101110110001110110001		14		0.00621241		49992
4	11101110110001110110001		13		0.00303382		49994
4	11101110110001110110001		12		0.00133759		49994
4	11101110110001110110001		11		0.000531554		49996
4	11101110110001110110001		10		0.000185966		49998
4	11101110110001110110001		9		4.673e-05		49999
4	11101110110001110110001		8		1.00136e-05		50000
4	11101110110001110110001		7		2.38419e-06		50000
4	11101110110001110110001		6		4.76837e-07		50000
4	11101110110001110110001		5		0		50000
5	11101110110001110110001		19		0.178632		49954
5	11101110110001110110001		18		0.142243		49972
5	11101110110001110110001		17		0.109833		49979
5	11101110110001110110001		16		0.0820228		49988
5	11101110110001110110001		15		0.0586664		49989
5	11101110110001110110001		14		0.0399359		49992
5	11101110110001110110001		13		0.0255743		49994
5	11101110110001110110001		12		0.0152946		49994
5	11101110110001110110001		11		0.00848204		49996
5	11101110110001110110001		10		0.00430036		49998
5	11101110110001110110001		9		0.00198644		49999
5	11101110110001110110001		8		0.000796974		50000
5	11101110110001110110001		7		0.000276506		50000
5	11101110110001110110001		6		7.67708e-05		50000
5	11101110110001110110001		5		1.4782e-05		50000
5	11101110110001110110001		4		1.43051e-06		50000
5	11101110110001110110001		3		0		50000
6	11101110110001110110001		16		0.18883		49988
6	11101110110001110110001		15		0.149349		49989
6	11101110110001110110001		14		0.114063		49992
6	11101110110001110110001		13		0.083516		49994
6	11101110110001110110001		12		0.0581478		49994
6	11101110110001110110001		11		0.0382103		49996
6	11101110110001110110001		10		0.0234677		49998
6	11101110110001110110001		9		0.0134321		49999
6	11101110110001110110001		8		0.00702763		50000
6	11101110110001110110001		7		0.00326288		50000
6	11101110110001110110001		6		0.00129139		50000
6	11101110110001110110001		5		0.000424266		50000
6	11101110110001110110001		4		0.000108719		50000
6	11101110110001110110001		3		1.90735e-05		50000
6	11101110110001110110001		2		0		50005
7	11101110110001110110001		13		0.174353		49994
7	11101110110001110110001		12		0.133501		49994
7	11101110110001110110001		11		0.0976387		49996
7	11101110110001110110001		10		0.067653		49998
7	11101110110001110110001		9		0.0439625		49999
7	11101110110001110110001		8		0.0266429		50000
7	11101110110001110110001		7		0.0146103		50000
7	11101110110001110110001		6		0.00709295		50000
7	11101110110001110110001		5		0.00299388		50000
7	11101110110001110110001		4		0.000974178		50000
7	11101110110001110110001		3		0.00023365		50000
7	11101110110001110110001		2		4.00543e-05		50005
7	11101110110001110110001		1		3.8147e-06		59571
8	11101110110001110110001		11		0.190347		49996
8	11101110110001110110001		10		0.14358		49998
8	11101110110001110110001		9		0.102391		49999
8	11101110110001110110001		8		0.0687274		50000
8	11101110110001110110001		7		0.0426742		50000
8	11101110110001110110001		6		0.0240384		50000
8	11101110110001110110001		5		0.0118294		50000
8	11101110110001110110001		4		0.00488418		50000
8	11101110110001110110001		3		0.00151235		50000
8	11101110110001110110001		2		0.000312746		50005
8	11101110110001110110001		1		2.38419e-05		59571
0	1111111111100000111		55		0		23907
1	1111111111100000111		42		0		45173
2	1111111111100000111		36		0.178437		47996
2	1111111111100000111		35		0.152929		48235
2	1111111111100000111		34		0.117355		48564
2	1111111111100000111		33		0.0989821		48769
2	1111111111100000111		32		0.0827253		48949
2	1111111111100000111		31		0.0434411		49283
2	1111111111100000111		30		0.033915		49414
2	1111111111100000111		29		0.0253438		49534
2	1111111111100000111		28		0		49719
3	1111111111100000111		30		0.198907		49414
3	1111111111100000111		29		0.16496		49534
3	1111111111100000111		28		0.121511		49719
3	1111111111100000111		27		0.0946819		49763
3	1111111111100000111		26		0.0725591		49813
3	1111111111100000111		25		0.0517724		49852
3	1111111111100000111		24		0.0396658		49879
3	1111111111100000111		23		0.0281188		49904
3	1111111111100000111		22		0.0200922		49927
3	1111111111100000111		21		0.0136623		49947
3	1111111111100000111		20		0.00598609		49972
3	1111111111100000111		19		0.00338906		49981
3	1111111111100000111		18		0.00153446		49986
3	1111111111100000111		17		0.000116825		49989
3	1111111111100000111		16		1.81198e-05		49995
3	1111111111100000111		15		0		49996
4	1111111111100000111		25		0.193133		49852
4	1111111111100000111		24		0.158926		49879
4	1111111111100000111		23		0.129246		49904
4	1111111111100000111		22		0.103464		49927
4	1111111111100000111		21		0.0813826		49947
4	1111111111100000111		20		0.0602926		49972
4	1111111111100000111		19		0.0436027		49981
4	1111111111100000111		18		0.0301408		49986
4	1111111111100000111		17		0.0191599		49989
4	1111111111100000111		16		0.0124578		49995
4	1111111111100000111		15		0.00773662		49996
4	1111111111100000111		14		0.00461656		49997
4	1111111111100000111		13		0.00243509		49998
4	1111111111100000111		12		0.000880778		49999
4	1111111111100000111		11		0.00025934		50000
4	1111111111100000111		10		3.95775e-05		50000
4	1111111111100000111		9		0		50000
5	1111111111100000111		20		0.169566		49972
5	1111111111100000111		19		0.137442		49981
5	1111111111100000111		18		0.108717		49986
5	1111111111100000111		17		0.0834259		49989
5	1111111111100000111		16		0.0619334		49995
5	1111111111100000111		15		0.0445595		49996
5	1111111111100000111		14		0.0311826		49997
5	1111111111100000111		13		0.0208253		49998
5	1111111111100000111		12		0.0126852		49999
5	1111111111100000111		11		0.00712138		50000
5	1111111111100000111		10		0.00359887		50000
5	1111111111100000111		9		0.0017637		50000
5	1111111111100000111		8		0.000803173		50000
5	1111111111100000111		7		0.000322282		50000
5	1111111111100000111		6		0.000105858		50000
5	1111111111100000111		5		1.62125e-05		50000
5	1111111111100000111		4		1.90735e-06		50005
5	1111111111100000111		3		4.76837e-07		50038
5	1111111111100000111		2		0		50582
6	1111111111100000111		17		0.187898		49989
6	1111111111100000111		16		0.152901		49995
6	1111111111100000111		15		0.121071		49996
6	1111111111100000111		14		0.0934467		49997
6	1111111111100000111		13		0.069797		49998
6	1111111111100000111		12		0.0497445		49999
6	1111111111100000111		11		0.0335957		50000
6	1111111111100000111		10		0.0209406		50000
6	1111111111100000111		9		0.0125068		50000
6	1111111111100000111		8		0.00700486		50000
6	1111111111100000111		7		0.00354421		50000
6	1111111111100000111		6		0.00168467		50000
6	1111111111100000111		5		0.000646353		50000
6	1111111111100000111		4		0.000245988		50005
6	1111111111100000111		3		6.48499e-05		50038
6	1111111111100000111		2		1.90735e-05		50582
6	1111111111100000111		1		1.90735e-06		59911
7	1111111111100000111		14		0.185777		49997
7	1111111111100000111		13		0.149256		49998
7	1111111111100000111		12		0.115919		49999
7	1111111111100000111		11		0.086624		50000
7	1111111111100000111		10		0.0609049		50000
7	1111111111100000111		9		0.0412782		50000
7	1111111111100000111		8		0.0261415		50000
7	1111111111100000111		7		0.0151683		50000
7	1111111111100000111		6		0.0082891		50000
7	1111111111100000111		5		0.00391477		50000
7	1111111111100000111		4		0.00179607		50005
7	1111111111100000111		3		0.000691175		50038
7	1111111111100000111		2		0.000199318		50582
7	1111111111100000111		1		5.81741e-05		59911
8	1111111111100000111		11		0.166874		50000
8	1111111111100000111		10		0.127199		50000
8	1111111111100000111		9		0.0938512		50000
8	1111111111100000111		8		0.0655612		50000
8	1111111111100000111		7		0.042551		50000
8	1111111111100000111		6		0.0260012		50000
8	1111111111100000111		5		0.0137669		50000
8	1111111111100000111		4		0.00718004		50005
8	1111111111100000111		3		0.00325435		50038
8	1111111111100000111		2		0.00106376		50582
8	1111111111100000111		1		0.000312746		59911
