errors	shape		t		lossrate	PM

0	1111111101		31		0		27050
1	1111111101		23		0.0948277		47700
1	1111111101		22		0		49144
2	1111111101		17		0.17804		54556
2	1111111101		16		0.131955		54975
2	1111111101		15		0.0876548		55345
2	1111111101		14		0.0294431		55685
2	1111111101		13		0.00322676		55842
2	1111111101		12		0		55919
3	1111111101		13		0.198994		58939
3	1111111101		12		0.135329		59020
3	1111111101		11		0.0902933		59104
3	1111111101		10		0.0583284		59181
3	1111111101		9		0.0355071		59248
3	1111111101		8		0.019777		59386
3	1111111101		7		0.00945365		59775
3	1111111101		6		0.00336272		61433
3	1111111101		5		0.00075978		67958
3	1111111101		4		9.58443e-05		93813
3	1111111101		3		5.24521e-06		201343
3	1111111101		2		0		641176
4	1111111101		9		0.165855		62339
4	1111111101		8		0.116228		62471
4	1111111101		7		0.0767291		62896
4	1111111101		6		0.0467474		64625
4	1111111101		5		0.0254414		71468
4	1111111101		4		0.0120141		98642
4	1111111101		3		0.00468916		211841
4	1111111101		2		0.00131333		675129
4	1111111101		1		0.00017786		6889728
5	1111111101		6		0.150567		67835
5	1111111101		5		0.0998459		74980
5	1111111101		4		0.0600125		103567
5	1111111101		3		0.0313498		222510
5	1111111101		2		0.0128232		709287
5	1111111101		1		0.00291306		7233134
0	11111110011		30		0		27050
1	11111110011		22		0.184511		46492
1	11111110011		21		0.0865673		48246
1	11111110011		20		0		49650
2	11111110011		16		0.173191		54544
2	11111110011		15		0.123306		54956
2	11111110011		14		0.0857743		55287
2	11111110011		13		0.0492444		55581
2	11111110011		12		0.0248292		55759
2	11111110011		11		0.00774753		55908
2	11111110011		10		0.00195122		55994
2	11111110011		9		0		56067
3	11111110011		12		0.19922		58850
3	11111110011		11		0.141322		59014
3	11111110011		10		0.0951897		59103
3	11111110011		9		0.0594853		59172
3	11111110011		8		0.0349965		59260
3	11111110011		7		0.0190382		59362
3	11111110011		6		0.009498		59688
3	11111110011		5		0.00409287		61069
3	11111110011		4		0.00147521		66834
3	11111110011		3		0.000409544		89855
3	11111110011		2		8.58307e-05		487453
3	11111110011		1		1.19209e-05		6615967
4	11111110011		8		0.160344		62351
4	11111110011		7		0.109115		62456
4	11111110011		6		0.0689099		62797
4	11111110011		5		0.0396356		64240
4	11111110011		4		0.0197611		70300
4	11111110011		3		0.00860542		94501
4	11111110011		2		0.0025754		513442
4	11111110011		1		0.000709772		6962950
5	11111110011		6		0.19551		65920
5	11111110011		5		0.132668		67442
5	11111110011		4		0.0798219		73768
5	11111110011		3		0.0426048		99237
5	11111110011		2		0.0161071		539433
5	11111110011		1		0.00549799		7310015
0	111111111		32		0		27051
1	111111111		24		0		48236
2	111111111		18		0.180944		54508
2	111111111		17		0.127153		54975
2	111111111		16		0.060692		55358
2	111111111		15		0		55702
3	111111111		14		0.199571		58911
3	111111111		13		0.135416		59006
3	111111111		12		0.0891106		59092
3	111111111		11		0.0562071		59158
3	111111111		10		0.0330836		59243
3	111111111		9		0.0174892		59331
3	111111111		8		0.00745177		59535
3	111111111		7		0.00185174		60529
3	111111111		6		0		64613
4	111111111		10		0.173433		62332
4	111111111		9		0.122033		62423
4	111111111		8		0.0810558		62647
4	111111111		7		0.0500581		63680
4	111111111		6		0.0280514		67963
4	111111111		5		0.0138944		83828
4	111111111		4		0.00599962		149652
4	111111111		3		0.00215536		416113
4	111111111		2		0.000570118		1511178
4	111111111		1		8.10623e-05		6010674
5	111111111		7		0.164242		66853
5	111111111		6		0.112436		71308
5	111111111		5		0.0711985		87945
5	111111111		4		0.0408905		157205
5	111111111		3		0.0206521		437096
5	111111111		2		0.00860399		1586809
5	111111111		1		0.00252688		6310471
0	1111111111		31		0		27050
1	1111111111		22		0		48483
2	1111111111		16		0.173054		54560
2	1111111111		15		0.126863		54982
2	1111111111		14		0.0860269		55305
2	1111111111		13		0.0394915		55587
2	1111111111		12		0		55837
3	1111111111		11		0.1459		59025
3	1111111111		10		0.0977402		59119
3	1111111111		9		0.0633641		59189
3	1111111111		8		0.038992		59301
3	1111111111		7		0.0223225		59504
3	1111111111		6		0.0114307		60508
3	1111111111		5		0.00487995		64554
3	1111111111		4		0.00150138		79548
3	1111111111		3		0.000224113		141799
3	1111111111		2		0		393904
4	1111111111		8		0.173118		62391
4	1111111111		7		0.123038		62614
4	1111111111		6		0.0826542		63659
4	1111111111		5		0.0516928		67901
4	1111111111		4		0.0293381		83653
4	1111111111		3		0.0144876		149108
4	1111111111		2		0.00578678		414465
4	1111111111		1		0.00157231		1508020
5	1111111111		5		0.153669		71242
5	1111111111		4		0.103152		87756
5	1111111111		3		0.0628079		156599
5	1111111111		2		0.0330315		435284
5	1111111111		1		0.0134368		1583345
0	11111111101		30		0		27050
1	11111111101		21		0.0865673		48052
1	11111111101		20		0		49350
2	11111111101		15		0.168839		54658
2	11111111101		14		0.125957		55007
2	11111111101		13		0.0904527		55307
2	11111111101		12		0.0564399		55607
2	11111111101		11		0.0182207		55839
2	11111111101		10		0.00195122		55945
2	11111111101		9		0		56039
3	11111111101		10		0.142307		59048
3	11111111101		9		0.0952708		59142
3	11111111101		8		0.0618932		59214
3	11111111101		7		0.0384616		59361
3	11111111101		6		0.0221803		59745
3	11111111101		5		0.0114269		61416
3	11111111101		4		0.00490081		67915
3	11111111101		3		0.00149184		93602
3	11111111101		2		0.000254571		200739
3	11111111101		1		1.71661e-05		1635365
4	11111111101		7		0.160244		62444
4	11111111101		6		0.111989		62864
4	11111111101		5		0.0733625		64606
4	11111111101		4		0.0439575		71421
4	11111111101		3		0.0229442		98410
4	11111111101		2		0.00936908		211181
4	11111111101		1		0.00213301		1721257
5	11111111101		5		0.191849		67814
5	11111111101		4		0.132932		74931
5	11111111101		3		0.0836305		103313
5	11111111101		2		0.0442296		221780
5	11111111101		1		0.0143011		1807205
0	111111100111		29		0		27050
1	111111100111		20		0.168097		46772
1	111111100111		19		0.0782987		48415
1	111111100111		18		0		49671
2	111111100111		14		0.158915		54657
2	111111100111		13		0.113717		55036
2	111111100111		12		0.0793938		55325
2	111111100111		11		0.0513106		55564
2	111111100111		10		0.0297022		55762
2	111111100111		9		0.0139882		55906
2	111111100111		8		0.00436735		56022
2	111111100111		7		0.000991821		56110
2	111111100111		6		0		56225
3	111111100111		10		0.190507		58861
3	111111100111		9		0.137758		59013
3	111111100111		8		0.0933273		59125
3	111111100111		7		0.0590497		59214
3	111111100111		6		0.0336694		59330
3	111111100111		5		0.017312		59557
3	111111100111		4		0.00748771		60686
3	111111100111		3		0.00296772		65113
3	111111100111		2		0.000771224		158833
3	111111100111		1		0.000200748		1653793
4	111111100111		6		0.147479		62422
4	111111100111		5		0.096639		62665
4	111111100111		4		0.0549731		63841
4	111111100111		3		0.0281117		68489
4	111111100111		2		0.00954574		167140
4	111111100111		1		0.00331664		1740267
5	111111100111		4		0.161389		67021
5	111111100111		3		0.0987026		71868
5	111111100111		2		0.0422706		175382
5	111111100111		1		0.0175782		1826987
0	11111111111		30		0		27050
1	11111111111		20		0		48742
2	11111111111		14		0.162942		54669
2	11111111111		13		0.120148		55041
2	11111111111		12		0.0848307		55318
2	11111111111		11		0.0548873		55579
2	11111111111		10		0.023579		55791
2	11111111111		9		0		55962
3	11111111111		9		0.146598		59061
3	11111111111		8		0.0993981		59164
3	11111111111		7		0.0646914		59263
3	11111111111		6		0.0400673		59477
3	11111111111		5		0.0231766		60487
3	11111111111		4		0.0120843		64540
3	11111111111		3		0.00535148		79513
3	11111111111		2		0.00180131		141714
3	11111111111		1		0.000323713		393720
4	11111111111		6		0.160824		62583
4	11111111111		5		0.112913		63637
4	11111111111		4		0.0741332		67887
4	11111111111		3		0.0443699		83617
4	11111111111		2		0.0230862		149010
4	11111111111		1		0.00922072		414262
5	11111111111		4		0.185785		71227
5	11111111111		3		0.127737		87717
5	11111111111		2		0.079117		156492
5	11111111111		1		0.0409234		435060
0	111111111101		29		0		27050
1	111111111101		19		0.0782987		48367
1	111111111101		18		0		49565
2	111111111101		13		0.157184		54771
2	111111111101		12		0.117284		55092
2	111111111101		11		0.0845677		55355
2	111111111101		10		0.0574049		55603
2	111111111101		9		0.0317597		55831
2	111111111101		8		0.00947273		55979
2	111111111101		7		0.000991821		56087
2	111111111101		6		0		56218
3	111111111101		9		0.186816		58932
3	111111111101		8		0.136615		59080
3	111111111101		7		0.093157		59187
3	111111111101		6		0.0597373		59329
3	111111111101		5		0.0363498		59721
3	111111111101		4		0.0204152		61404
3	111111111101		3		0.00997162		67897
3	111111111101		2		0.00369245		93584
3	111111111101		1		0.000669241		442390
4	111111111101		6		0.197834		62412
4	111111111101		5		0.143119		62838
4	111111111101		4		0.0969233		64593
4	111111111101		3		0.060017		71405
4	111111111101		2		0.0314404		98393
4	111111111101		1		0.0101255		465625
5	111111111101		3		0.157452		74914
5	111111111101		2		0.0985659		103296
5	111111111101		1		0.0415826		488896
0	1111111100111		28		0		27050
1	1111111100111		18		0.151675		47221
1	1111111100111		17		0.0700387		48748
1	1111111100111		16		0		49894
2	1111111100111		13		0.189525		54444
2	1111111100111		12		0.145583		54799
2	1111111100111		11		0.108439		55111
2	1111111100111		10		0.0742474		55396
2	1111111100111		9		0.0484128		55622
2	1111111100111		8		0.028332		55799
2	1111111100111		7		0.0150859		55940
2	1111111100111		6		0.00641543		56072
2	1111111100111		5		0.00193554		56203
2	1111111100111		4		0.000353277		56430
2	1111111100111		3		0		57488
3	1111111100111		8		0.172875		58901
3	1111111100111		7		0.123756		59041
3	1111111100111		6		0.0826792		59174
3	1111111100111		5		0.050687		59306
3	1111111100111		4		0.0267761		59550
3	1111111100111		3		0.0128236		60670
3	1111111100111		2		0.00384212		83591
3	1111111100111		1		0.0013057		444633
4	1111111100111		5		0.177767		62396
4	1111111100111		4		0.116402		62657
4	1111111100111		3		0.0697757		63824
4	1111111100111		2		0.0280445		87941
4	1111111100111		1		0.0118181		468034
5	1111111100111		3		0.181399		67004
5	1111111100111		2		0.0899931		92288
5	1111111100111		1		0.0442351		491128
0	111111111111		29		0		27050
1	111111111111		18		0		49034
2	111111111111		13		0.197012		54422
2	111111111111		12		0.150466		54783
2	111111111111		11		0.110782		55117
2	111111111111		10		0.0783941		55393
2	111111111111		9		0.0525581		55613
2	111111111111		8		0.0309132		55819
2	111111111111		7		0.0113454		55987
2	111111111111		6		0		56143
3	111111111111		8		0.182237		58916
3	111111111111		7		0.134118		59088
3	111111111111		6		0.0929161		59245
3	111111111111		5		0.0597664		59450
3	111111111111		4		0.0359403		60476
3	111111111111		3		0.0197775		64525
3	111111111111		2		0.00934356		79503
3	111111111111		1		0.00328523		141697
4	111111111111		5		0.190791		62555
4	111111111111		4		0.137709		63625
4	111111111111		3		0.0923693		67870
4	111111111111		2		0.055869		83607
4	111111111111		1		0.0283452		148993
5	111111111111		2		0.143628		87706
5	111111111111		1		0.0876791		156474
0	1111111111101		28		0		27050
1	1111111111101		17		0.0700387		48712
1	1111111111101		16		0		49816
2	1111111111101		12		0.187107		54550
2	1111111111101		11		0.143133		54893
2	1111111111101		10		0.106335		55202
2	1111111111101		9		0.0763131		55453
2	1111111111101		8		0.0516919		55670
2	1111111111101		7		0.0313577		55850
2	1111111111101		6		0.0144171		56022
2	1111111111101		5		0.00368249		56196
2	1111111111101		4		0.000353277		56574
2	1111111111101		3		0		58179
3	1111111111101		7		0.16592		58950
3	1111111111101		6		0.120928		59120
3	1111111111101		5		0.0823121		59306
3	1111111111101		4		0.0514603		59708
3	1111111111101		3		0.0292737		61393
3	1111111111101		2		0.0142211		67888
3	1111111111101		1		0.00419354		152263
4	1111111111101		4		0.167168		62825
4	1111111111101		3		0.115253		64581
4	1111111111101		2		0.070478		71395
4	1111111111101		1		0.0289677		160181
5	1111111111101		2		0.170693		74903
5	1111111111101		1		0.0871186		168157
0	11111111100111		27		0		27050
1	11111111100111		16		0.135262		47717
1	11111111100111		15		0.06179		49083
1	11111111100111		14		0		50193
2	11111111100111		11		0.171398		54633
2	11111111100111		10		0.13031		54933
2	11111111100111		9		0.0960308		55236
2	11111111100111		8		0.0676675		55491
2	11111111100111		7		0.0429104		55704
2	11111111100111		6		0.0249159		55869
2	11111111100111		5		0.0123653		56009
2	11111111100111		4		0.00555182		56176
2	11111111100111		3		0.00189722		56420
2	11111111100111		2		0.000456452		61593
2	11111111100111		1		3.60012e-05		145248
3	11111111100111		6		0.148845		58966
3	11111111100111		5		0.103178		59110
3	11111111100111		4		0.0632565		59276
3	11111111100111		3		0.0354975		59539
3	11111111100111		2		0.0130467		64986
3	11111111100111		1		0.00532162		153196
4	11111111100111		4		0.195032		62363
4	11111111100111		3		0.131868		62646
4	11111111100111		2		0.0614578		68350
4	11111111100111		1		0.030494		161267
5	11111111100111		2		0.15559		71724
5	11111111100111		1		0.0883245		169309
0	1111111111111		28		0		27050
1	1111111111111		16		0		49302
2	1111111111111		11		0.178819		54573
2	1111111111111		10		0.135525		54911
2	1111111111111		9		0.0991499		55244
2	1111111111111		8		0.0696905		55492
2	1111111111111		7		0.0463951		55697
2	1111111111111		6		0.0279121		55889
2	1111111111111		5		0.0135793		56074
2	1111111111111		4		0.00384736		56316
2	1111111111111		3		0		57289
3	1111111111111		6		0.15848		58988
3	1111111111111		5		0.114547		59175
3	1111111111111		4		0.0777718		59430
3	1111111111111		3		0.048381		60458
3	1111111111111		2		0.0266035		64521
3	1111111111111		1		0.012105		79494
4	1111111111111		3		0.154983		63605
4	1111111111111		2		0.104513		67866
4	1111111111111		1		0.0620108		83596
5	1111111111111		1		0.150705		87693
0	11111111111101		27		0		27050
1	11111111111101		15		0.06179		49067
1	11111111111101		14		0		50092
2	11111111111101		10		0.167714		54702
2	11111111111101		9		0.127148		55044
2	11111111111101		8		0.0934495		55321
2	11111111111101		7		0.0661079		55557
2	11111111111101		6		0.0439132		55762
2	11111111111101		5		0.0261868		55941
2	11111111111101		4		0.0129874		56156
2	11111111111101		3		0.00410712		56556
2	11111111111101		2		0.000633538		58180
2	11111111111101		1		3.60012e-05		77668
3	11111111111101		6		0.188195		58860
3	11111111111101		5		0.140485		59038
3	11111111111101		4		0.0992319		59264
3	11111111111101		3		0.0644426		59688
3	11111111111101		2		0.0362211		61394
3	11111111111101		1		0.0136278		81938
4	11111111111101		3		0.183075		62805
4	11111111111101		2		0.12562		64582
4	11111111111101		1		0.062052		86148
5	11111111111101		1		0.14929		90457
0	111111111100111		26		0		27050
1	111111111100111		14		0.11886		48167
1	111111111100111		13		0.0535442		49494
1	111111111100111		12		0		50497
2	111111111100111		9		0.151106		54806
2	111111111100111		8		0.113631		55097
2	111111111100111		7		0.0817993		55383
2	111111111100111		6		0.0559872		55606
2	111111111100111		5		0.0351005		55805
2	111111111100111		4		0.0187613		55967
2	111111111100111		3		0.0086177		56150
2	111111111100111		2		0.00256211		57480
2	111111111100111		1		0.000876784		77566
3	111111111100111		5		0.168316		58901
3	111111111100111		4		0.11532		59067
3	111111111100111		3		0.0741354		59249
3	111111111100111		2		0.0312085		60657
3	111111111100111		1		0.0150847		81798
4	111111111100111		2		0.109883		63813
4	111111111100111		1		0.0621566		86043
5	111111111100111		1		0.148584		90322
0	11111111111111		27		0		27050
1	11111111111111		15		0.195177		46242
1	11111111111111		14		0		49633
2	11111111111111		9		0.158428		54751
2	11111111111111		8		0.11867		55075
2	11111111111111		7		0.0855923		55380
2	11111111111111		6		0.0590418		55606
2	11111111111111		5		0.0382851		55802
2	11111111111111		4		0.0222754		56017
2	11111111111111		3		0.0105675		56282
2	11111111111111		2		0.0034036		57279
2	11111111111111		1		0.000384986		61149
3	11111111111111		5		0.176788		58901
3	11111111111111		4		0.130489		59116
3	11111111111111		3		0.0901441		59395
3	11111111111111		2		0.0568706		60447
3	11111111111111		1		0.0308213		64516
4	11111111111111		2		0.165086		63595
4	11111111111111		1		0.11009		67859
0	111111111111101		26		0		27050
1	111111111111101		13		0.0535442		49434
1	111111111111101		12		0		50331
2	111111111111101		9		0.190651		54576
2	111111111111101		8		0.146521		54898
2	111111111111101		7		0.109355		55201
2	111111111111101		6		0.078734		55466
2	111111111111101		5		0.0540661		55683
2	111111111111101		4		0.0343187		55881
2	111111111111101		3		0.0190424		56107
2	111111111111101		2		0.00804269		56536
2	111111111111101		1		0.00152826		61357
3	111111111111101		4		0.155151		58978
3	111111111111101		3		0.110795		59215
3	111111111111101		2		0.0717032		59666
3	111111111111101		1		0.0325537		64741
4	111111111111101		2		0.191184		62782
4	111111111111101		1		0.109098		68090
0	1111111111100111		25		0		27050
1	1111111111100111		12		0.102462		48707
1	1111111111100111		11		0.0453042		49899
1	1111111111100111		10		0		50789
2	1111111111100111		8		0.179507		54623
2	1111111111100111		7		0.129162		54998
2	1111111111100111		6		0.0948622		55279
2	1111111111100111		5		0.0663428		55536
2	1111111111100111		4		0.041158		55762
2	1111111111100111		3		0.0238025		55935
2	1111111111100111		2		0.00883561		56432
2	1111111111100111		1		0.00359386		61411
3	1111111111100111		4		0.178346		58856
3	1111111111100111		3		0.125685		59034
3	1111111111100111		2		0.0605135		59545
3	1111111111100111		1		0.0333385		64813
4	1111111111100111		2		0.170949		62645
4	1111111111100111		1		0.107114		68182
