errors	shape		t		lossrate	PM

0	1111111111		54		0		26172
1	1111111111		45		0		44707
2	1111111111		37		0.188986		48407
2	1111111111		36		0.153727		48658
2	1111111111		35		0		49464
3	1111111111		32		0.177555		49739
3	1111111111		31		0.13546		49805
3	1111111111		30		0.101761		49837
3	1111111111		29		0.0742198		49878
3	1111111111		28		0.0521704		49913
3	1111111111		27		0.0354694		49937
3	1111111111		26		0.0229661		49956
3	1111111111		25		0		49976
4	1111111111		27		0.174645		49937
4	1111111111		26		0.138145		49956
4	1111111111		25		0.106845		49976
4	1111111111		24		0.0750661		49986
4	1111111111		23		0.0521196		49990
4	1111111111		22		0.0357026		49993
4	1111111111		21		0.0238471		49996
4	1111111111		20		0.0153801		49997
4	1111111111		19		0.00935113		49997
4	1111111111		18		0.00524336		49998
4	1111111111		17		0.00265247		49999
4	1111111111		16		0.00112134		49999
4	1111111111		15		0		49999
5	1111111111		23		0.176367		49990
5	1111111111		22		0.139718		49993
5	1111111111		21		0.108276		49996
5	1111111111		20		0.0819567		49997
5	1111111111		19		0.0602016		49997
5	1111111111		18		0.0427322		49998
5	1111111111		17		0.0294557		49999
5	1111111111		16		0.0197116		49999
5	1111111111		15		0.0126235		49999
5	1111111111		14		0.00753081		49999
5	1111111111		13		0.00435877		49999
5	1111111111		12		0.00241655		50000
5	1111111111		11		0.00126189		50003
5	1111111111		10		0.000606835		50005
5	1111111111		9		0.000262678		50044
5	1111111111		8		0.000100613		50134
5	1111111111		7		2.67029e-05		50387
5	1111111111		6		2.86102e-06		51896
5	1111111111		5		0		58067
6	1111111111		20		0.194678		49997
6	1111111111		19		0.156628		49997
6	1111111111		18		0.122895		49998
6	1111111111		17		0.0943558		49999
6	1111111111		16		0.0709486		49999
6	1111111111		15		0.0519632		49999
6	1111111111		14		0.0369088		49999
6	1111111111		13		0.025349		49999
6	1111111111		12		0.0168331		50000
6	1111111111		11		0.010747		50003
6	1111111111		10		0.00655496		50005
6	1111111111		9		0.00377798		50044
6	1111111111		8		0.00205213		50134
6	1111111111		7		0.00104564		50387
6	1111111111		6		0.000483394		51896
6	1111111111		5		0.000207901		58067
6	1111111111		4		7.9155e-05		80399
6	1111111111		3		2.09808e-05		171575
6	1111111111		2		4.76837e-06		538612
6	1111111111		1		9.53674e-07		2029933
7	1111111111		17		0.192262		49999
7	1111111111		16		0.154785		49999
7	1111111111		15		0.122024		49999
7	1111111111		14		0.0939212		49999
7	1111111111		13		0.0705091		49999
7	1111111111		12		0.0514938		50000
7	1111111111		11		0.0364385		50003
7	1111111111		10		0.0248748		50005
7	1111111111		9		0.01632		50044
7	1111111111		8		0.0102119		50134
7	1111111111		7		0.00608587		50387
7	1111111111		6		0.00340074		51896
7	1111111111		5		0.0017513		58067
7	1111111111		4		0.000820756		80399
7	1111111111		3		0.000346124		171575
7	1111111111		2		0.000116348		538612
7	1111111111		1		2.67029e-05		2029933
0	111001001010011101		46		0		26172
1	111001001010011101		37		0		45990
2	111001001010011101		32		0.151808		48569
2	111001001010011101		31		0.0888295		49004
2	111001001010011101		30		0.0476289		49312
2	111001001010011101		29		0.0275645		49504
2	111001001010011101		28		0.0129142		49636
2	111001001010011101		27		0		49774
3	111001001010011101		28		0.193307		49636
3	111001001010011101		27		0.138007		49774
3	111001001010011101		26		0.0925705		49836
3	111001001010011101		25		0.0575472		49876
3	111001001010011101		24		0.0315434		49917
3	111001001010011101		23		0.0159567		49946
3	111001001010011101		22		0.00716066		49968
3	111001001010011101		21		0.00195384		49976
3	111001001010011101		20		0.000413358		49983
3	111001001010011101		19		1.38283e-05		49991
3	111001001010011101		18		0		49993
4	111001001010011101		24		0.193942		49917
4	111001001010011101		23		0.141118		49946
4	111001001010011101		22		0.0972311		49968
4	111001001010011101		21		0.0624284		49976
4	111001001010011101		20		0.0372187		49983
4	111001001010011101		19		0.019992		49991
4	111001001010011101		18		0.00921321		49993
4	111001001010011101		17		0.00356561		49996
4	111001001010011101		16		0.00115663		49999
4	111001001010011101		15		0.000284612		49999
4	111001001010011101		14		4.673e-05		49999
4	111001001010011101		13		3.8147e-06		49999
4	111001001010011101		12		0		50000
5	111001001010011101		20		0.163011		49983
5	111001001010011101		19		0.115843		49991
5	111001001010011101		18		0.0772907		49993
5	111001001010011101		17		0.0476493		49996
5	111001001010011101		16		0.0267626		49999
5	111001001010011101		15		0.013456		49999
5	111001001010011101		14		0.00584555		49999
5	111001001010011101		13		0.00215966		49999
5	111001001010011101		12		0.000683546		50000
5	111001001010011101		11		0.000161648		50000
5	111001001010011101		10		2.86102e-05		50000
5	111001001010011101		9		0		50000
6	111001001010011101		17		0.159761		49996
6	111001001010011101		16		0.112057		49999
6	111001001010011101		15		0.0734465		49999
6	111001001010011101		14		0.0442924		49999
6	111001001010011101		13		0.024165		49999
6	111001001010011101		12		0.0117333		50000
6	111001001010011101		11		0.00500375		50000
6	111001001010011101		10		0.00180084		50000
6	111001001010011101		9		0.000502467		50000
6	111001001010011101		8		0.000107765		50000
6	111001001010011101		7		1.43051e-05		50000
6	111001001010011101		6		1.90735e-06		50000
6	111001001010011101		5		9.53674e-07		50000
6	111001001010011101		4		0		50000
7	111001001010011101		15		0.18821		49999
7	111001001010011101		14		0.13447		49999
7	111001001010011101		13		0.0896668		49999
7	111001001010011101		12		0.0549871		50000
7	111001001010011101		11		0.0305763		50000
7	111001001010011101		10		0.015158		50000
7	111001001010011101		9		0.00652844		50000
7	111001001010011101		8		0.00235093		50000
7	111001001010011101		7		0.00064826		50000
7	111001001010011101		6		0.000139236		50000
7	111001001010011101		5		2.00272e-05		50000
7	111001001010011101		4		0		50000
0	1111111000111		51		0		26172
1	1111111000111		42		0		45334
2	1111111000111		36		0.178327		48420
2	1111111000111		35		0.11878		48817
2	1111111000111		34		0.0945324		49031
2	1111111000111		33		0.0739177		49212
2	1111111000111		32		0		49637
3	1111111000111		31		0.192047		49712
3	1111111000111		30		0.143899		49775
3	1111111000111		29		0.0923889		49841
3	1111111000111		28		0.0648304		49887
3	1111111000111		27		0.0482243		49917
3	1111111000111		26		0.025237		49948
3	1111111000111		25		0.010641		49963
3	1111111000111		24		0.00637138		49973
3	1111111000111		23		0.00334203		49980
3	1111111000111		22		0		49985
4	1111111000111		26		0.163976		49948
4	1111111000111		25		0.121779		49963
4	1111111000111		24		0.0882027		49973
4	1111111000111		23		0.0596113		49980
4	1111111000111		22		0.0385107		49985
4	1111111000111		21		0.0247027		49986
4	1111111000111		20		0.0147865		49992
4	1111111000111		19		0.00715637		49993
4	1111111000111		18		0.00326574		49996
4	1111111000111		17		0.00144517		49997
4	1111111000111		16		0.000266492		49999
4	1111111000111		15		3.24249e-05		50000
4	1111111000111		14		4.29153e-06		50000
4	1111111000111		13		0		50000
5	1111111000111		22		0.155899		49985
5	1111111000111		21		0.116936		49986
5	1111111000111		20		0.0854826		49992
5	1111111000111		19		0.0598498		49993
5	1111111000111		18		0.0395632		49996
5	1111111000111		17		0.0247069		49997
5	1111111000111		16		0.0141732		49999
5	1111111000111		15		0.00750762		50000
5	1111111000111		14		0.00365496		50000
5	1111111000111		13		0.00147665		50000
5	1111111000111		12		0.000457168		50000
5	1111111000111		11		0.000124931		50000
5	1111111000111		10		1.09673e-05		50000
5	1111111000111		9		0		50000
6	1111111000111		19		0.168347		49993
6	1111111000111		18		0.128668		49996
6	1111111000111		17		0.0948514		49997
6	1111111000111		16		0.0669432		49999
6	1111111000111		15		0.0447645		50000
6	1111111000111		14		0.0282261		50000
6	1111111000111		13		0.0165283		50000
6	1111111000111		12		0.00872785		50000
6	1111111000111		11		0.00413418		50000
6	1111111000111		10		0.00169325		50000
6	1111111000111		9		0.000588238		50000
6	1111111000111		8		0.000174522		50003
6	1111111000111		7		3.8147e-05		50013
6	1111111000111		6		6.67572e-06		50052
6	1111111000111		5		9.53674e-07		50154
6	1111111000111		4		0		50540
7	1111111000111		16		0.161911		49999
7	1111111000111		15		0.122186		50000
7	1111111000111		14		0.0884627		50000
7	1111111000111		13		0.0610097		50000
7	1111111000111		12		0.0395321		50000
7	1111111000111		11		0.0237722		50000
7	1111111000111		10		0.0129813		50000
7	1111111000111		9		0.00630289		50000
7	1111111000111		8		0.00269431		50003
7	1111111000111		7		0.00100374		50013
7	1111111000111		6		0.000302255		50052
7	1111111000111		5		9.05991e-05		50154
7	1111111000111		4		1.71661e-05		50540
7	1111111000111		3		1.90735e-06		59611
7	1111111000111		2		0		194631
0	11111111111		53		0		26172
1	11111111111		43		0		44942
2	11111111111		35		0.18582		48432
2	11111111111		34		0.152284		48674
2	11111111111		33		0.122362		48890
2	11111111111		32		0		49545
3	11111111111		30		0.199177		49718
3	11111111111		29		0.154327		49777
3	11111111111		28		0.118249		49830
3	11111111111		27		0.0887684		49862
3	11111111111		26		0.064732		49900
3	11111111111		25		0.0461993		49925
3	11111111111		24		0.0322291		49942
3	11111111111		23		0.0215672		49961
3	11111111111		22		0.0133187		49972
3	11111111111		21		0		49985
4	11111111111		25		0.191098		49925
4	11111111111		24		0.154103		49942
4	11111111111		23		0.122519		49961
4	11111111111		22		0.0953372		49972
4	11111111111		21		0.0723023		49985
4	11111111111		20		0.0508491		49989
4	11111111111		19		0.0353397		49992
4	11111111111		18		0.0240347		49995
4	11111111111		17		0.0158992		49997
4	11111111111		16		0.0100731		49997
4	11111111111		15		0.00600576		49998
4	11111111111		14		0.00336272		49998
4	11111111111		13		0.00174183		49999
4	11111111111		12		0.000790775		49999
4	11111111111		11		0.000263631		49999
4	11111111111		10		0		50003
5	11111111111		21		0.193671		49985
5	11111111111		20		0.158332		49989
5	11111111111		19		0.12659		49992
5	11111111111		18		0.0989024		49995
5	11111111111		17		0.0755141		49997
5	11111111111		16		0.0560783		49997
5	11111111111		15		0.0402701		49998
5	11111111111		14		0.0281126		49998
5	11111111111		13		0.0191243		49999
5	11111111111		12		0.0125425		49999
5	11111111111		11		0.00786722		49999
5	11111111111		10		0.00468868		50003
5	11111111111		9		0.00263155		50005
5	11111111111		8		0.00140142		50044
5	11111111111		7		0.000698328		50127
5	11111111111		6		0.000318944		50382
5	11111111111		5		0.00012064		51871
5	11111111111		4		4.19617e-05		58035
5	11111111111		3		1.09673e-05		80294
5	11111111111		2		9.53674e-07		171336
5	11111111111		1		0		538082
6	11111111111		17		0.173495		49997
6	11111111111		16		0.139928		49997
6	11111111111		15		0.110051		49998
6	11111111111		14		0.0845826		49998
6	11111111111		13		0.0636405		49999
6	11111111111		12		0.0466602		49999
6	11111111111		11		0.0332085		49999
6	11111111111		10		0.0228556		50003
6	11111111111		9		0.0151523		50005
6	11111111111		8		0.00961989		50044
6	11111111111		7		0.00580239		50127
6	11111111111		6		0.00328571		50382
6	11111111111		5		0.00173324		51871
6	11111111111		4		0.000820756		58035
6	11111111111		3		0.00034517		80294
6	11111111111		2		0.000118256		171336
6	11111111111		1		2.76566e-05		538082
7	11111111111		14		0.169062		49998
7	11111111111		13		0.135423		49999
7	11111111111		12		0.106135		49999
7	11111111111		11		0.0811627		49999
7	11111111111		10		0.0603997		50003
7	11111111111		9		0.0436087		50005
7	11111111111		8		0.030396		50044
7	11111111111		7		0.0203345		50127
7	11111111111		6		0.0129483		50382
7	11111111111		5		0.00773478		51871
7	11111111111		4		0.00429374		58035
7	11111111111		3		0.00214154		80294
7	11111111111		2		0.000918925		171336
7	11111111111		1		0.00028795		538082
0	11111101110101		50		0		26172
1	11111101110101		40		0		45495
2	11111101110101		34		0.172671		48503
2	11111101110101		33		0.137311		48762
2	11111101110101		32		0.111404		48971
2	11111101110101		31		0.0815026		49182
2	11111101110101		30		0.0567424		49375
2	11111101110101		29		0		49693
3	11111101110101		28		0.154994		49766
3	11111101110101		27		0.114006		49813
3	11111101110101		26		0.0830581		49866
3	11111101110101		25		0.0565758		49910
3	11111101110101		24		0.037744		49937
3	11111101110101		23		0.0241255		49949
3	11111101110101		22		0.0149142		49963
3	11111101110101		21		0.00909221		49975
3	11111101110101		20		0.00412303		49983
3	11111101110101		19		0.00130999		49985
3	11111101110101		18		0		49987
4	11111101110101		24		0.176359		49937
4	11111101110101		23		0.137277		49949
4	11111101110101		22		0.104136		49963
4	11111101110101		21		0.0767295		49975
4	11111101110101		20		0.0550853		49983
4	11111101110101		19		0.0376419		49985
4	11111101110101		18		0.0242669		49987
4	11111101110101		17		0.0147381		49993
4	11111101110101		16		0.00838608		49994
4	11111101110101		15		0.00430322		49997
4	11111101110101		14		0.00187129		49999
4	11111101110101		13		0.000662088		49999
4	11111101110101		12		0.000171661		49999
4	11111101110101		11		2.0504e-05		49999
4	11111101110101		10		0		50000
5	11111101110101		20		0.170558		49983
5	11111101110101		19		0.133901		49985
5	11111101110101		18		0.102135		49987
5	11111101110101		17		0.0753439		49993
5	11111101110101		16		0.0534614		49994
5	11111101110101		15		0.0361793		49997
5	11111101110101		14		0.0231673		49999
5	11111101110101		13		0.0138258		49999
5	11111101110101		12		0.00753647		49999
5	11111101110101		11		0.0036388		49999
5	11111101110101		10		0.00144565		50000
5	11111101110101		9		0.00043714		50000
5	11111101110101		8		6.4373e-05		50001
5	11111101110101		7		9.53674e-07		50007
5	11111101110101		6		0		50018
6	11111101110101		17		0.182199		49993
6	11111101110101		16		0.143589		49994
6	11111101110101		15		0.109808		49997
6	11111101110101		14		0.0810356		49999
6	11111101110101		13		0.0573409		49999
6	11111101110101		12		0.0385414		49999
6	11111101110101		11		0.0242553		49999
6	11111101110101		10		0.0139381		50000
6	11111101110101		9		0.00707495		50000
6	11111101110101		8		0.00292826		50001
6	11111101110101		7		0.00091511		50007
6	11111101110101		6		0.000192642		50018
6	11111101110101		5		2.28882e-05		50081
6	11111101110101		4		9.53674e-07		50246
6	11111101110101		3		0		51247
7	11111101110101		14		0.173871		49999
7	11111101110101		13		0.13497		49999
7	11111101110101		12		0.101034		49999
7	11111101110101		11		0.0723846		49999
7	11111101110101		10		0.0490755		50000
7	11111101110101		9		0.0308084		50000
7	11111101110101		8		0.0173018		50001
7	11111101110101		7		0.00822389		50007
7	11111101110101		6		0.00310224		50018
7	11111101110101		5		0.000858903		50081
7	11111101110101		4		0.00017643		50246
7	11111101110101		3		1.71661e-05		51247
7	11111101110101		2		2.86102e-06		61191
7	11111101110101		1		0		645474
0	11111110001111		50		0		26172
1	11111110001111		40		0		45504
2	11111110001111		34		0.192203		48347
2	11111110001111		33		0.115684		48837
2	11111110001111		32		0.0926475		49030
2	11111110001111		31		0.0730768		49209
2	11111110001111		30		0.0567424		49364
2	11111110001111		29		0		49687
3	11111110001111		28		0.162163		49751
3	11111110001111		27		0.120986		49805
3	11111110001111		26		0.0857664		49860
3	11111110001111		25		0.0531391		49907
3	11111110001111		24		0.0392368		49932
3	11111110001111		23		0.0260825		49953
3	11111110001111		22		0.00867093		49969
3	11111110001111		21		0.00526375		49973
3	11111110001111		20		0.00288165		49980
3	11111110001111		19		0.00130999		49982
3	11111110001111		18		0		49988
4	11111110001111		24		0.18538		49932
4	11111110001111		23		0.14456		49953
4	11111110001111		22		0.108529		49969
4	11111110001111		21		0.0782309		49973
4	11111110001111		20		0.054627		49980
4	11111110001111		19		0.0360773		49982
4	11111110001111		18		0.0214797		49988
4	11111110001111		17		0.0132886		49989
4	11111110001111		16		0.00726336		49993
4	11111110001111		15		0.00296295		49996
4	11111110001111		14		0.00128329		49997
4	11111110001111		13		0.000475287		49999
4	11111110001111		12		0.000100613		50000
4	11111110001111		11		0		50000
5	11111110001111		20		0.178792		49980
5	11111110001111		19		0.138969		49982
5	11111110001111		18		0.104579		49988
5	11111110001111		17		0.0757574		49989
5	11111110001111		16		0.0529553		49993
5	11111110001111		15		0.0349703		49996
5	11111110001111		14		0.0215958		49997
5	11111110001111		13		0.0123829		49999
5	11111110001111		12		0.00633371		50000
5	11111110001111		11		0.00289595		50000
5	11111110001111		10		0.00119519		50000
5	11111110001111		9		0.000384748		50000
5	11111110001111		8		9.58443e-05		50000
5	11111110001111		7		2.0504e-05		50003
5	11111110001111		6		1.90735e-06		50005
5	11111110001111		5		0		50051
6	11111110001111		17		0.188891		49989
6	11111110001111		16		0.147923		49993
6	11111110001111		15		0.112154		49996
6	11111110001111		14		0.0817277		49997
6	11111110001111		13		0.0566889		49999
6	11111110001111		12		0.0369419		50000
6	11111110001111		11		0.0224138		50000
6	11111110001111		10		0.012454		50000
6	11111110001111		9		0.00622046		50000
6	11111110001111		8		0.00279891		50000
6	11111110001111		7		0.00107229		50003
6	11111110001111		6		0.000336587		50005
6	11111110001111		5		9.72748e-05		50051
6	11111110001111		4		2.09808e-05		50134
6	11111110001111		3		3.8147e-06		52216
6	11111110001111		2		0		84942
7	11111110001111		14		0.179036		49997
7	11111110001111		13		0.137863		49999
7	11111110001111		12		0.101536		50000
7	11111110001111		11		0.0711497		50000
7	11111110001111		10		0.0469283		50000
7	11111110001111		9		0.0284819		50000
7	11111110001111		8		0.0159354		50000
7	11111110001111		7		0.00798833		50003
7	11111110001111		6		0.00347394		50005
7	11111110001111		5		0.00138092		50051
7	11111110001111		4		0.000433803		50134
7	11111110001111		3		0.000120163		52216
7	11111110001111		2		3.24249e-05		84942
7	11111110001111		1		5.72205e-06		620608
0	111111111111		52		0		26172
1	111111111111		41		0		45168
2	111111111111		33		0.181475		48470
2	111111111111		32		0.149535		48709
2	111111111111		31		0.121072		48909
2	111111111111		30		0.0955716		49105
2	111111111111		29		0		49614
3	111111111111		27		0.170096		49764
3	111111111111		26		0.132049		49814
3	111111111111		25		0.100634		49854
3	111111111111		24		0.0749538		49885
3	111111111111		23		0.0550342		49916
3	111111111111		22		0.039884		49932
3	111111111111		21		0.0281891		49953
3	111111111111		20		0.0191991		49966
3	111111111111		19		0.0122861		49973
3	111111111111		18		0.00706524		49984
3	111111111111		17		0		49989
4	111111111111		22		0.164853		49932
4	111111111111		21		0.133084		49953
4	111111111111		20		0.105787		49966
4	111111111111		19		0.0824989		49973
4	111111111111		18		0.0628892		49984
4	111111111111		17		0.0468047		49989
4	111111111111		16		0.0326607		49990
4	111111111111		15		0.0223444		49994
4	111111111111		14		0.0149011		49997
4	111111111111		13		0.00953346		49997
4	111111111111		12		0.00578725		49998
4	111111111111		11		0.00334179		49998
4	111111111111		10		0.00182128		49999
4	111111111111		9		0.000911772		50002
4	111111111111		8		0.000393331		50005
4	111111111111		7		0.000135899		50044
4	111111111111		6		3.14713e-05		50127
4	111111111111		5		0		50375
5	111111111111		18		0.167693		49984
5	111111111111		17		0.136728		49989
5	111111111111		16		0.109666		49990
5	111111111111		15		0.0858898		49994
5	111111111111		14		0.0656694		49997
5	111111111111		13		0.0487163		49997
5	111111111111		12		0.034893		49998
5	111111111111		11		0.0242836		49998
5	111111111111		10		0.0164425		49999
5	111111111111		9		0.0107078		50002
5	111111111111		8		0.00668049		50005
5	111111111111		7		0.00393665		50044
5	111111111111		6		0.0021863		50127
5	111111111111		5		0.00110519		50375
5	111111111111		4		0.000514388		51870
5	111111111111		3		0.000208855		58026
5	111111111111		2		6.34193e-05		80277
5	111111111111		1		1.62125e-05		171290
6	111111111111		15		0.181122		49994
6	111111111111		14		0.148565		49997
6	111111111111		13		0.119108		49997
6	111111111111		12		0.092946		49998
6	111111111111		11		0.0707457		49998
6	111111111111		10		0.0525868		49999
6	111111111111		9		0.0379865		50002
6	111111111111		8		0.0265074		50005
6	111111111111		7		0.0177684		50044
6	111111111111		6		0.0113666		50127
6	111111111111		5		0.00685716		50375
6	111111111111		4		0.00383687		51870
6	111111111111		3		0.00192839		58026
6	111111111111		2		0.000839829		80277
6	111111111111		1		0.000265062		171290
7	111111111111		12		0.174808		49998
7	111111111111		11		0.140964		49998
7	111111111111		10		0.111269		49999
7	111111111111		9		0.0856584		50002
7	111111111111		8		0.0640619		50005
7	111111111111		7		0.0463301		50044
7	111111111111		6		0.0322114		50127
7	111111111111		5		0.021328		50375
7	111111111111		4		0.0132731		51870
7	111111111111		3		0.00758713		58026
7	111111111111		2		0.00380081		80277
7	111111111111		1		0.00148565		171290
0	1110100111010011101		45		0		26172
1	1110100111010011101		34		0		46290
2	1110100111010011101		29		0.159034		48567
2	1110100111010011101		28		0.121547		48852
2	1110100111010011101		27		0.088341		49113
2	1110100111010011101		26		0.0469724		49396
2	1110100111010011101		25		0.0298216		49528
2	1110100111010011101		24		0.0153808		49654
2	1110100111010011101		23		0.0070352		49758
2	1110100111010011101		22		0		49841
3	1110100111010011101		24		0.172724		49654
3	1110100111010011101		23		0.129314		49758
3	1110100111010011101		22		0.0924056		49841
3	1110100111010011101		21		0.0638653		49875
3	1110100111010011101		20		0.040967		49907
3	1110100111010011101		19		0.0244881		49947
3	1110100111010011101		18		0.0132114		49960
3	1110100111010011101		17		0.00606716		49972
3	1110100111010011101		16		0.00189316		49979
3	1110100111010011101		15		0.000243425		49983
3	1110100111010011101		14		0		49991
4	1110100111010011101		20		0.182434		49907
4	1110100111010011101		19		0.138943		49947
4	1110100111010011101		18		0.101873		49960
4	1110100111010011101		17		0.0711457		49972
4	1110100111010011101		16		0.0467911		49979
4	1110100111010011101		15		0.028209		49983
4	1110100111010011101		14		0.0156543		49991
4	1110100111010011101		13		0.00723827		49994
4	1110100111010011101		12		0.00285125		49996
4	1110100111010011101		11		0.000890791		49998
4	1110100111010011101		10		0.00018692		49999
4	1110100111010011101		9		2.28882e-05		50000
4	1110100111010011101		8		4.76837e-07		50000
4	1110100111010011101		7		0		50000
5	1110100111010011101		16		0.159153		49979
5	1110100111010011101		15		0.117961		49983
5	1110100111010011101		14		0.0831016		49991
5	1110100111010011101		13		0.0546486		49994
5	1110100111010011101		12		0.033114		49996
5	1110100111010011101		11		0.018091		49998
5	1110100111010011101		10		0.00874633		49999
5	1110100111010011101		9		0.00361311		50000
5	1110100111010011101		8		0.00119233		50000
5	1110100111010011101		7		0.000292242		50000
5	1110100111010011101		6		4.1008e-05		50000
5	1110100111010011101		5		5.72205e-06		50000
5	1110100111010011101		4		0		50000
6	1110100111010011101		13		0.152876		49994
6	1110100111010011101		12		0.110055		49996
6	1110100111010011101		11		0.0740763		49998
6	1110100111010011101		10		0.0460417		49999
6	1110100111010011101		9		0.025952		50000
6	1110100111010011101		8		0.012874		50000
6	1110100111010011101		7		0.00549614		50000
6	1110100111010011101		6		0.00188267		50000
6	1110100111010011101		5		0.000501513		50000
6	1110100111010011101		4		7.82013e-05		50000
6	1110100111010011101		3		1.04904e-05		50010
6	1110100111010011101		2		9.53674e-07		50509
6	1110100111010011101		1		0		186595
7	1110100111010011101		11		0.170212		49998
7	1110100111010011101		10		0.121519		49999
7	1110100111010011101		9		0.0807526		50000
7	1110100111010011101		8		0.0489567		50000
7	1110100111010011101		7		0.026512		50000
7	1110100111010011101		6		0.012357		50000
7	1110100111010011101		5		0.00469816		50000
7	1110100111010011101		4		0.00137234		50000
7	1110100111010011101		3		0.000260293		50010
7	1110100111010011101		2		3.43323e-05		50509
7	1110100111010011101		1		9.53674e-07		186595
0	111111111000111		49		0		26172
1	111111111000111		38		0		45741
2	111111111000111		32		0.168353		48536
2	111111111000111		31		0.139929		48749
2	111111111000111		30		0.114558		48955
2	111111111000111		29		0.0715279		49236
2	111111111000111		28		0.0560117		49381
2	111111111000111		27		0.0425745		49501
2	111111111000111		26		0		49743
3	111111111000111		26		0.167367		49743
3	111111111000111		25		0.128255		49793
3	111111111000111		24		0.094887		49842
3	111111111000111		23		0.0624099		49889
3	111111111000111		22		0.0452964		49919
3	111111111000111		21		0.033295		49939
3	111111111000111		20		0.0180027		49958
3	111111111000111		19		0.01171		49967
3	111111111000111		18		0.00696701		49974
3	111111111000111		17		0.00215417		49982
3	111111111000111		16		0.00101322		49987
3	111111111000111		15		0.000340164		49991
3	111111111000111		14		0		49992
4	111111111000111		22		0.186754		49919
4	111111111000111		21		0.148683		49939
4	111111111000111		20		0.115351		49958
4	111111111000111		19		0.0866353		49967
4	111111111000111		18		0.0634615		49974
4	111111111000111		17		0.0435174		49982
4	111111111000111		16		0.0292043		49987
4	111111111000111		15		0.0185942		49991
4	111111111000111		14		0.0107097		49992
4	111111111000111		13		0.00595129		49994
4	111111111000111		12		0.00290304		49996
4	111111111000111		11		0.000952721		49998
4	111111111000111		10		0.000259817		49999
4	111111111000111		9		2.90871e-05		49999
4	111111111000111		8		0		49999
5	111111111000111		18		0.180584		49974
5	111111111000111		17		0.143518		49982
5	111111111000111		16		0.110481		49987
5	111111111000111		15		0.0825077		49991
5	111111111000111		14		0.0594606		49992
5	111111111000111		13		0.0408534		49994
5	111111111000111		12		0.0265538		49996
5	111111111000111		11		0.0158288		49998
5	111111111000111		10		0.00846642		49999
5	111111111000111		9		0.00391096		49999
5	111111111000111		8		0.00162089		49999
5	111111111000111		7		0.000540137		50000
5	111111111000111		6		0.000117779		50003
5	111111111000111		5		1.81198e-05		50013
5	111111111000111		4		0		50052
6	111111111000111		15		0.189071		49991
6	111111111000111		14		0.150069		49992
6	111111111000111		13		0.115571		49994
6	111111111000111		12		0.0857272		49996
6	111111111000111		11		0.0607159		49998
6	111111111000111		10		0.0402856		49999
6	111111111000111		9		0.0243185		49999
6	111111111000111		8		0.0134208		49999
6	111111111000111		7		0.00654167		50000
6	111111111000111		6		0.00258589		50003
6	111111111000111		5		0.000947475		50013
6	111111111000111		4		0.000242233		50052
6	111111111000111		3		4.95911e-05		50563
6	111111111000111		2		7.62939e-06		58781
6	111111111000111		1		9.53674e-07		191206
7	111111111000111		12		0.176912		49996
7	111111111000111		11		0.137229		49998
7	111111111000111		10		0.102004		49999
7	111111111000111		9		0.0711205		49999
7	111111111000111		8		0.0462992		49999
7	111111111000111		7		0.0273963		50000
7	111111111000111		6		0.0138864		50003
7	111111111000111		5		0.0064261		50013
7	111111111000111		4		0.00241369		50052
7	111111111000111		3		0.000673056		50563
7	111111111000111		2		0.000173569		58781
7	111111111000111		1		2.76566e-05		191206
0	1111111111111		51		0		26172
1	1111111111111		39		0		45378
2	1111111111111		31		0.176083		48522
2	1111111111111		30		0.145779		48739
2	1111111111111		29		0.11878		48944
2	1111111111111		28		0.0945324		49130
2	1111111111111		27		0.0739177		49289
2	1111111111111		26		0		49683
3	1111111111111		25		0.182663		49747
3	1111111111111		24		0.143144		49798
3	1111111111111		23		0.110106		49847
3	1111111111111		22		0.0829191		49882
3	1111111111111		21		0.0619361		49904
3	1111111111111		20		0.0459346		49928
3	1111111111111		19		0.0334476		49946
3	1111111111111		18		0.0237352		49961
3	1111111111111		17		0.0163153		49969
3	1111111111111		16		0.010641		49976
3	1111111111111		15		0.00637138		49985
3	1111111111111		14		0.00334203		49988
3	1111111111111		13		0		49991
4	1111111111111		20		0.170838		49928
4	1111111111111		19		0.139396		49946
4	1111111111111		18		0.112093		49961
4	1111111111111		17		0.0888499		49969
4	1111111111111		16		0.0691789		49976
4	1111111111111		15		0.0526283		49985
4	1111111111111		14		0.0390877		49988
4	1111111111111		13		0.0282562		49991
4	1111111111111		12		0.0192225		49994
4	1111111111111		11		0.0127003		49996
4	1111111111111		10		0.00803137		49997
4	1111111111111		9		0.00481635		49998
4	1111111111111		8		0.00276089		50001
4	1111111111111		7		0.0014866		50004
4	1111111111111		6		0.00073123		50044
4	1111111111111		5		0.000316083		50127
4	1111111111111		4		0.000114918		50375
4	1111111111111		3		3.24249e-05		51869
4	1111111111111		2		4.29153e-06		58025
4	1111111111111		1		0		80276
5	1111111111111		16		0.171586		49976
5	1111111111111		15		0.141071		49985
5	1111111111111		14		0.114118		49988
5	1111111111111		13		0.0907986		49991
5	1111111111111		12		0.070786		49994
5	1111111111111		11		0.0535743		49996
5	1111111111111		10		0.0391725		49997
5	1111111111111		9		0.0275749		49998
5	1111111111111		8		0.0188094		50001
5	1111111111111		7		0.0123669		50004
5	1111111111111		6		0.0077371		50044
5	1111111111111		5		0.00456715		50127
5	1111111111111		4		0.00248694		50375
5	1111111111111		3		0.00121713		51869
5	1111111111111		2		0.000504851		58025
5	1111111111111		1		0.000164032		80276
6	1111111111111		13		0.181887		49991
6	1111111111111		12		0.15009		49994
6	1111111111111		11		0.121366		49996
6	1111111111111		10		0.0956478		49997
6	1111111111111		9		0.0732141		49998
6	1111111111111		8		0.0544688		50001
6	1111111111111		7		0.0393287		50004
6	1111111111111		6		0.0273231		50044
6	1111111111111		5		0.018083		50127
6	1111111111111		4		0.0112572		50375
6	1111111111111		3		0.00645643		51869
6	1111111111111		2		0.00328571		58025
6	1111111111111		1		0.00132662		80276
7	1111111111111		10		0.172817		49997
7	1111111111111		9		0.139433		49998
7	1111111111111		8		0.109791		50001
7	1111111111111		7		0.0841302		50004
7	1111111111111		6		0.0623681		50044
7	1111111111111		5		0.0443782		50127
7	1111111111111		4		0.0299817		50375
7	1111111111111		3		0.0189161		51869
7	1111111111111		2		0.010745		58025
7	1111111111111		1		0.00510055		80276
0	110101111001100010111		43		0		26172
1	110101111001100010111		31		0		46687
2	110101111001100010111		27		0.168027		48488
2	110101111001100010111		26		0.138004		48747
2	110101111001100010111		25		0.0997148		49027
2	110101111001100010111		24		0.0685877		49262
2	110101111001100010111		23		0.0414555		49452
2	110101111001100010111		22		0.0249203		49596
2	110101111001100010111		21		0.0112042		49711
2	110101111001100010111		20		0.00274968		49804
2	110101111001100010111		19		0.000917256		49850
2	110101111001100010111		18		0		49888
3	110101111001100010111		22		0.194764		49596
3	110101111001100010111		21		0.149705		49711
3	110101111001100010111		20		0.108071		49804
3	110101111001100010111		19		0.0730143		49850
3	110101111001100010111		18		0.0459298		49888
3	110101111001100010111		17		0.0270357		49927
3	110101111001100010111		16		0.0151378		49952
3	110101111001100010111		15		0.00742429		49968
3	110101111001100010111		14		0.00261015		49982
3	110101111001100010111		13		0.000683069		49989
3	110101111001100010111		12		7.58171e-05		49991
3	110101111001100010111		11		1.0252e-05		49996
3	110101111001100010111		10		0		49999
4	110101111001100010111		18		0.199463		49888
4	110101111001100010111		17		0.15104		49927
4	110101111001100010111		16		0.109464		49952
4	110101111001100010111		15		0.0751931		49968
4	110101111001100010111		14		0.0480756		49982
4	110101111001100010111		13		0.02751		49989
4	110101111001100010111		12		0.013799		49991
4	110101111001100010111		11		0.00609297		49996
4	110101111001100010111		10		0.00230902		49999
4	110101111001100010111		9		0.000732183		49999
4	110101111001100010111		8		0.000166893		49999
4	110101111001100010111		7		2.67029e-05		49999
4	110101111001100010111		6		3.8147e-06		50000
4	110101111001100010111		5		0		50000
5	110101111001100010111		14		0.164819		49982
5	110101111001100010111		13		0.119528		49989
5	110101111001100010111		12		0.0806548		49991
5	110101111001100010111		11		0.0499199		49996
5	110101111001100010111		10		0.0277529		49999
5	110101111001100010111		9		0.0135911		49999
5	110101111001100010111		8		0.00571138		49999
5	110101111001100010111		7		0.00201547		49999
5	110101111001100010111		6		0.000576317		50000
5	110101111001100010111		5		0.000115395		50000
5	110101111001100010111		4		1.81198e-05		50000
5	110101111001100010111		3		4.76837e-07		50000
5	110101111001100010111		2		0		50017
6	110101111001100010111		11		0.14721		49996
6	110101111001100010111		10		0.10045		49999
6	110101111001100010111		9		0.0627024		49999
6	110101111001100010111		8		0.0350922		49999
6	110101111001100010111		7		0.0170206		49999
6	110101111001100010111		6		0.00692534		50000
6	110101111001100010111		5		0.0022015		50000
6	110101111001100010111		4		0.000528216		50000
6	110101111001100010111		3		6.19888e-05		50000
6	110101111001100010111		2		2.86102e-06		50017
6	110101111001100010111		1		0		82389
7	110101111001100010111		9		0.152578		49999
7	110101111001100010111		8		0.101253		49999
7	110101111001100010111		7		0.0604776		49999
7	110101111001100010111		6		0.0313203		50000
7	110101111001100010111		5		0.0134838		50000
7	110101111001100010111		4		0.00440955		50000
7	110101111001100010111		3		0.0010218		50000
7	110101111001100010111		2		0.000164032		50017
7	110101111001100010111		1		9.53674e-06		82389
0	11111111110000111		47		0		26172
1	11111111110000111		35		0		46190
2	11111111110000111		30		0.185903		48405
2	11111111110000111		29		0.156048		48644
2	11111111110000111		28		0.116096		48941
2	11111111110000111		27		0.0952559		49098
2	11111111110000111		26		0.077094		49247
2	11111111110000111		25		0.0405149		49490
2	11111111110000111		24		0.0302634		49600
2	11111111110000111		23		0.0210961		49669
2	11111111110000111		22		0		49821
3	11111111110000111		24		0.183599		49600
3	11111111110000111		23		0.147469		49669
3	11111111110000111		22		0.10626		49821
3	11111111110000111		21		0.0792311		49851
3	11111111110000111		20		0.0579733		49892
3	11111111110000111		19		0.039803		49923
3	11111111110000111		18		0.026476		49951
3	11111111110000111		17		0.0185137		49963
3	11111111110000111		16		0.011591		49973
3	11111111110000111		15		0.00461203		49979
3	11111111110000111		14		0.00220388		49985
3	11111111110000111		13		0.000697613		49991
3	11111111110000111		12		0		49995
4	11111111110000111		20		0.198139		49892
4	11111111110000111		19		0.160459		49923
4	11111111110000111		18		0.126113		49951
4	11111111110000111		17		0.0975358		49963
4	11111111110000111		16		0.0733966		49973
4	11111111110000111		15		0.0514717		49979
4	11111111110000111		14		0.0345832		49985
4	11111111110000111		13		0.0216066		49991
4	11111111110000111		12		0.0122657		49995
4	11111111110000111		11		0.00693625		49996
4	11111111110000111		10		0.00364304		49997
4	11111111110000111		9		0.00149852		49998
4	11111111110000111		8		0.000348508		49998
4	11111111110000111		7		7.05719e-05		49999
4	11111111110000111		6		5.72205e-06		49999
4	11111111110000111		5		0		50000
5	11111111110000111		16		0.189158		49973
5	11111111110000111		15		0.151495		49979
5	11111111110000111		14		0.117227		49985
5	11111111110000111		13		0.0873937		49991
5	11111111110000111		12		0.0618421		49995
5	11111111110000111		11		0.0417055		49996
5	11111111110000111		10		0.0266401		49997
5	11111111110000111		9		0.0155327		49998
5	11111111110000111		8		0.00773335		49998
5	11111111110000111		7		0.00359935		49999
5	11111111110000111		6		0.00145566		49999
5	11111111110000111		5		0.000501037		50000
5	11111111110000111		4		0.000143051		50010
5	11111111110000111		3		3.33786e-05		50129
5	11111111110000111		2		9.53674e-06		52145
5	11111111110000111		1		9.53674e-07		83431
6	11111111110000111		13		0.192272		49991
6	11111111110000111		12		0.151377		49995
6	11111111110000111		11		0.114851		49996
6	11111111110000111		10		0.0832065		49997
6	11111111110000111		9		0.0567249		49998
6	11111111110000111		8		0.0350085		49998
6	11111111110000111		7		0.0203018		49999
6	11111111110000111		6		0.0104752		49999
6	11111111110000111		5		0.00467253		50000
6	11111111110000111		4		0.00175416		50010
6	11111111110000111		3		0.000642598		50129
6	11111111110000111		2		0.000172615		52145
6	11111111110000111		1		2.19345e-05		83431
7	11111111110000111		10		0.171265		49997
7	11111111110000111		9		0.128893		49998
7	11111111110000111		8		0.0898578		49998
7	11111111110000111		7		0.0595848		49999
7	11111111110000111		6		0.036034		49999
7	11111111110000111		5		0.0191257		50000
7	11111111110000111		4		0.00851327		50010
7	11111111110000111		3		0.00372195		50129
7	11111111110000111		2		0.00125235		52145
7	11111111110000111		1		0.000238419		83431
0	11111111111111		50		0		26172
1	11111111111111		37		0		45571
2	11111111111111		29		0.169986		48565
2	11111111111111		28		0.141326		48799
2	11111111111111		27		0.115684		48982
2	11111111111111		26		0.0926475		49161
2	11111111111111		25		0.0730768		49309
2	11111111111111		24		0.0567424		49444
2	11111111111111		23		0		49733
3	11111111111111		23		0.192023		49733
3	11111111111111		22		0.151339		49781
3	11111111111111		21		0.117235		49835
3	11111111111111		20		0.0889335		49877
3	11111111111111		19		0.0670086		49903
3	11111111111111		18		0.0503923		49923
3	11111111111111		17		0.0373677		49940
3	11111111111111		16		0.0271345		49957
3	11111111111111		15		0.0192412		49967
3	11111111111111		14		0.0132403		49972
3	11111111111111		13		0.00867093		49978
3	11111111111111		12		0.00526375		49985
3	11111111111111		11		0.00288165		49990
3	11111111111111		10		0.00130999		49991
3	11111111111111		9		0		49994
4	11111111111111		18		0.172453		49923
4	11111111111111		17		0.141798		49940
4	11111111111111		16		0.114906		49957
4	11111111111111		15		0.0918324		49967
4	11111111111111		14		0.0723298		49972
4	11111111111111		13		0.0558388		49978
4	11111111111111		12		0.0420646		49985
4	11111111111111		11		0.0309031		49990
4	11111111111111		10		0.0220418		49991
4	11111111111111		9		0.0150815		49994
4	11111111111111		8		0.00966334		49996
4	11111111111111		7		0.00589675		50000
4	11111111111111		6		0.00338316		50003
4	11111111111111		5		0.0018189		50043
4	11111111111111		4		0.000898898		50127
4	11111111111111		3		0.000383794		50375
4	11111111111111		2		0.000130653		51869
4	11111111111111		1		3.05176e-05		58025
5	11111111111111		14		0.170476		49972
5	11111111111111		13		0.140917		49978
5	11111111111111		12		0.114481		49985
5	11111111111111		11		0.0913767		49990
5	11111111111111		10		0.0715035		49991
5	11111111111111		9		0.0544809		49994
5	11111111111111		8		0.040212		49996
5	11111111111111		7		0.0284592		50000
5	11111111111111		6		0.019287		50003
5	11111111111111		5		0.0124771		50043
5	11111111111111		4		0.00757766		50127
5	11111111111111		3		0.00423151		50375
5	11111111111111		2		0.00207591		51869
5	11111111111111		1		0.000816941		58025
6	11111111111111		11		0.177321		49990
6	11111111111111		10		0.146142		49991
6	11111111111111		9		0.117971		49994
6	11111111111111		8		0.0928326		49996
6	11111111111111		7		0.0708813		50000
6	11111111111111		6		0.0522434		50003
6	11111111111111		5		0.03702		50043
6	11111111111111		4		0.0249594		50127
6	11111111111111		3		0.0156866		50375
6	11111111111111		2		0.00894433		51869
6	11111111111111		1		0.00426525		58025
7	11111111111111		9		0.199639		49994
7	11111111111111		8		0.164086		49996
7	11111111111111		7		0.131519		50000
7	11111111111111		6		0.102341		50003
7	11111111111111		5		0.0769866		50043
7	11111111111111		4		0.0554907		50127
7	11111111111111		3		0.0377057		50375
7	11111111111111		2		0.0235785		51869
7	11111111111111		1		0.0128438		58025
0	1111011010001110011011		42		0		26172
1	1111011010001110011011		30		0.18286		43428
1	1111011010001110011011		29		0		46937
2	1111011010001110011011		25		0.162012		48564
2	1111011010001110011011		24		0.129489		48832
2	1111011010001110011011		23		0.0983675		49084
2	1111011010001110011011		22		0.0612761		49299
2	1111011010001110011011		21		0.0363017		49481
2	1111011010001110011011		20		0.0233054		49609
2	1111011010001110011011		19		0.00997233		49727
2	1111011010001110011011		18		0.00265938		49805
2	1111011010001110011011		17		0.000459552		49863
2	1111011010001110011011		16		0		49901
3	1111011010001110011011		20		0.182037		49609
3	1111011010001110011011		19		0.139555		49727
3	1111011010001110011011		18		0.102159		49805
3	1111011010001110011011		17		0.0679742		49863
3	1111011010001110011011		16		0.0408561		49901
3	1111011010001110011011		15		0.0240012		49927
3	1111011010001110011011		14		0.0125694		49957
3	1111011010001110011011		13		0.00533891		49972
3	1111011010001110011011		12		0.00174582		49981
3	1111011010001110011011		11		0.000406682		49989
3	1111011010001110011011		10		4.55379e-05		49994
3	1111011010001110011011		9		0		49996
4	1111011010001110011011		16		0.184472		49901
4	1111011010001110011011		15		0.137321		49927
4	1111011010001110011011		14		0.0980082		49957
4	1111011010001110011011		13		0.0657488		49972
4	1111011010001110011011		12		0.0398178		49981
4	1111011010001110011011		11		0.0212337		49989
4	1111011010001110011011		10		0.00987488		49994
4	1111011010001110011011		9		0.00393569		49996
4	1111011010001110011011		8		0.00130332		49997
4	1111011010001110011011		7		0.000303686		49999
4	1111011010001110011011		6		3.95775e-05		49999
4	1111011010001110011011		5		3.33786e-06		49999
4	1111011010001110011011		4		0		50000
5	1111011010001110011011		13		0.194215		49972
5	1111011010001110011011		12		0.144473		49981
5	1111011010001110011011		11		0.10059		49989
5	1111011010001110011011		10		0.0643333		49994
5	1111011010001110011011		9		0.0372004		49996
5	1111011010001110011011		8		0.0188628		49997
5	1111011010001110011011		7		0.00799161		49999
5	1111011010001110011011		6		0.0027476		49999
5	1111011010001110011011		5		0.000722647		49999
5	1111011010001110011011		4		0.000134945		50000
5	1111011010001110011011		3		1.57356e-05		50000
5	1111011010001110011011		2		9.53674e-07		50000
5	1111011010001110011011		1		0		57905
6	1111011010001110011011		10		0.169677		49994
6	1111011010001110011011		9		0.118137		49996
6	1111011010001110011011		8		0.075444		49997
6	1111011010001110011011		7		0.0427107		49999
6	1111011010001110011011		6		0.0205998		49999
6	1111011010001110011011		5		0.00807065		49999
6	1111011010001110011011		4		0.00243652		50000
6	1111011010001110011011		3		0.000528216		50000
6	1111011010001110011011		2		7.05719e-05		50000
6	1111011010001110011011		1		5.72205e-06		57905
7	1111011010001110011011		8		0.169316		49997
7	1111011010001110011011		7		0.11315		49999
7	1111011010001110011011		6		0.0670331		49999
7	1111011010001110011011		5		0.0335883		49999
7	1111011010001110011011		4		0.0134462		50000
7	1111011010001110011011		3		0.00395185		50000
7	1111011010001110011011		2		0.000734985		50000
7	1111011010001110011011		1		6.77109e-05		57905
0	11101110110001110110001		41		0		26172
1	11101110110001110110001		30		0.199208		43180
1	11101110110001110110001		29		0.16411		43977
1	11101110110001110110001		28		0		47264
2	11101110110001110110001		25		0.178772		48496
2	11101110110001110110001		24		0.147118		48743
2	11101110110001110110001		23		0.111987		48999
2	11101110110001110110001		22		0.0781084		49225
2	11101110110001110110001		21		0.057624		49390
2	11101110110001110110001		20		0.0345183		49554
2	11101110110001110110001		19		0.0237829		49658
2	11101110110001110110001		18		0.0118718		49756
2	11101110110001110110001		17		0.00394756		49836
2	11101110110001110110001		16		0.000901759		49888
2	11101110110001110110001		15		0.000135422		49925
2	11101110110001110110001		14		0		49947
3	11101110110001110110001		20		0.18586		49554
3	11101110110001110110001		19		0.144853		49658
3	11101110110001110110001		18		0.111106		49756
3	11101110110001110110001		17		0.0803301		49836
3	11101110110001110110001		16		0.0541249		49888
3	11101110110001110110001		15		0.0350041		49925
3	11101110110001110110001		14		0.0213299		49947
3	11101110110001110110001		13		0.0119739		49961
3	11101110110001110110001		12		0.00610387		49971
3	11101110110001110110001		11		0.00276947		49983
3	11101110110001110110001		10		0.000926793		49992
3	11101110110001110110001		9		0.000220537		49996
3	11101110110001110110001		8		2.83718e-05		49997
3	11101110110001110110001		7		0		49999
4	11101110110001110110001		16		0.183728		49888
4	11101110110001110110001		15		0.141122		49925
4	11101110110001110110001		14		0.104331		49947
4	11101110110001110110001		13		0.0738074		49961
4	11101110110001110110001		12		0.0494599		49971
4	11101110110001110110001		11		0.0311147		49983
4	11101110110001110110001		10		0.0178494		49992
4	11101110110001110110001		9		0.00907946		49996
4	11101110110001110110001		8		0.00409621		49997
4	11101110110001110110001		7		0.00160325		49999
4	11101110110001110110001		6		0.000551522		50000
4	11101110110001110110001		5		0.000135422		50000
4	11101110110001110110001		4		2.43187e-05		50000
4	11101110110001110110001		3		3.33786e-06		50000
4	11101110110001110110001		2		0		50005
5	11101110110001110110001		13		0.190938		49961
5	11101110110001110110001		12		0.145463		49971
5	11101110110001110110001		11		0.105981		49983
5	11101110110001110110001		10		0.0728843		49992
5	11101110110001110110001		9		0.0464742		49996
5	11101110110001110110001		8		0.0271102		49997
5	11101110110001110110001		7		0.014231		49999
5	11101110110001110110001		6		0.00656962		50000
5	11101110110001110110001		5		0.00259489		50000
5	11101110110001110110001		4		0.000784576		50000
5	11101110110001110110001		3		0.000166893		50000
5	11101110110001110110001		2		1.66893e-05		50005
5	11101110110001110110001		1		0		57750
6	11101110110001110110001		10		0.16963		49992
6	11101110110001110110001		9		0.122709		49996
6	11101110110001110110001		8		0.0828874		49997
6	11101110110001110110001		7		0.0514558		49999
6	11101110110001110110001		6		0.0288052		50000
6	11101110110001110110001		5		0.0140783		50000
6	11101110110001110110001		4		0.00566781		50000
6	11101110110001110110001		3		0.00175226		50000
6	11101110110001110110001		2		0.000330865		50005
6	11101110110001110110001		1		2.09808e-05		57750
7	11101110110001110110001		8		0.169776		49997
7	11101110110001110110001		7		0.118104		49999
7	11101110110001110110001		6		0.0753514		50000
7	11101110110001110110001		5		0.042917		50000
7	11101110110001110110001		4		0.0207072		50000
7	11101110110001110110001		3		0.00789559		50000
7	11101110110001110110001		2		0.00200164		50005
7	11101110110001110110001		1		0.000275552		57750
0	1111111111100000111		45		0		26172
1	1111111111100000111		32		0		46658
2	1111111111100000111		28		0.179202		48436
2	1111111111100000111		27		0.154604		48646
2	1111111111100000111		26		0.129084		48872
2	1111111111100000111		25		0.107084		49025
2	1111111111100000111		24		0.0774853		49243
2	1111111111100000111		23		0.0615175		49367
2	1111111111100000111		22		0.0474692		49497
2	1111111111100000111		21		0.0190228		49675
2	1111111111100000111		20		0.0122843		49745
2	1111111111100000111		19		0.0070352		49813
2	1111111111100000111		18		0		49891
3	1111111111100000111		22		0.195747		49497
3	1111111111100000111		21		0.153616		49675
3	1111111111100000111		20		0.120243		49745
3	1111111111100000111		19		0.0912693		49813
3	1111111111100000111		18		0.0611593		49891
3	1111111111100000111		17		0.0444513		49913
3	1111111111100000111		16		0.0316457		49941
3	1111111111100000111		15		0.0216404		49957
3	1111111111100000111		14		0.0145288		49969
3	1111111111100000111		13		0.00757408		49980
3	1111111111100000111		12		0.0036093		49983
3	1111111111100000111		11		0.00112563		49992
3	1111111111100000111		10		0		49993
4	1111111111100000111		17		0.16409		49913
4	1111111111100000111		16		0.129615		49941
4	1111111111100000111		15		0.100207		49957
4	1111111111100000111		14		0.075957		49969
4	1111111111100000111		13		0.0547194		49980
4	1111111111100000111		12		0.0365584		49983
4	1111111111100000111		11		0.0222828		49992
4	1111111111100000111		10		0.0117536		49993
4	1111111111100000111		9		0.00661653		49997
4	1111111111100000111		8		0.00352615		49998
4	1111111111100000111		7		0.00161755		49998
4	1111111111100000111		6		0.000611126		49999
4	1111111111100000111		5		0.00012064		50000
4	1111111111100000111		4		2.09808e-05		50004
4	1111111111100000111		3		2.38419e-06		50037
4	1111111111100000111		2		0		50485
5	1111111111100000111		14		0.188128		49969
5	1111111111100000111		13		0.150269		49980
5	1111111111100000111		12		0.115581		49983
5	1111111111100000111		11		0.0846236		49992
5	1111111111100000111		10		0.0571328		49993
5	1111111111100000111		9		0.0372192		49997
5	1111111111100000111		8		0.0228556		49998
5	1111111111100000111		7		0.0127808		49998
5	1111111111100000111		6		0.00665915		49999
5	1111111111100000111		5		0.00274473		50000
5	1111111111100000111		4		0.00117898		50004
5	1111111111100000111		3		0.000422835		50037
5	1111111111100000111		2		0.000101566		50485
5	1111111111100000111		1		3.05176e-05		58177
6	1111111111100000111		11		0.184328		49992
6	1111111111100000111		10		0.140114		49993
6	1111111111100000111		9		0.103024		49997
6	1111111111100000111		8		0.0714588		49998
6	1111111111100000111		7		0.0457032		49998
6	1111111111100000111		6		0.027477		49999
6	1111111111100000111		5		0.0138893		50000
6	1111111111100000111		4		0.00712991		50004
6	1111111111100000111		3		0.00318497		50037
6	1111111111100000111		2		0.00104088		50485
6	1111111111100000111		1		0.000328004		58177
7	1111111111100000111		9		0.19775		49997
7	1111111111100000111		8		0.149987		49998
7	1111111111100000111		7		0.106232		49998
7	1111111111100000111		6		0.0709008		49999
7	1111111111100000111		5		0.0406096		50000
7	1111111111100000111		4		0.0234845		50004
7	1111111111100000111		3		0.0118662		50037
7	1111111111100000111		2		0.00451308		50485
7	1111111111100000111		1		0.00154853		58177
