0.005
0.00441875
0.0038375
0.0035
0.0035
0.0035
0.0035
0.0035
0.0035
0.0035
0.0035
0.0035
0.0035
0.0035
0.0035
0.0035
0.0035
0.0035
0.0035
0.0035
0.0035
0.0035
0.0035
0.0035
0.0035
0.0035
0.0035
0.0035
0.0035
0.0035
0.0035
0.00350625
0.0037
0.00389375
0.0040875
0.00428125
0.004475
0.00466875
0.0048625
0.00505625
0.00525
0.00544375
0.0056375
0.00583125
0.006
0.006
0.006
0.0062125
0.0066
0.0069875
0.0071875
0.00738125
0.007725
0.00830625
0.0088875
0.0093125
0.0097
0.0104375
0.012375
0.0143125
0.014375
0.01340625
0.01255
0.013325
0.0141
0.01553125
0.0176625
0.01979375
0.02035
0.0207375
0.0215625
0.02330625
0.02505
0.02650625
0.0278625
0.029375
0.0317
0.034025
0.035675
0.0368375
0.038
