0.005
0.004452941
0.003905882
0.0035
0.0035
0.0035
0.0035
0.0035
0.0035
0.0035
0.0035
0.0035
0.0035
0.0035
0.0035
0.0035
0.0035
0.0035
0.0035
0.0035
0.0035
0.0035
0.0035
0.0035
0.0035
0.0035
0.0035
0.0035
0.0035
0.0035
0.0035
0.0035
0.0035
0.003517647
0.0037
0.003882353
0.004064706
0.004247059
0.004429412
0.004611765
0.004794118
0.004976471
0.005158824
0.005341176
0.005523529
0.005705882
0.005888235
0.006
0.006
0.006
0.006235294
0.0066
0.006964706
0.007164706
0.007347059
0.007588235
0.008135294
0.008682353
0.009152941
0.009517647
0.009882353
0.01123529
0.01305882
0.01488235
0.01414706
0.01323529
0.01264118
0.01337059
0.0141
0.01540588
0.01741176
0.01941765
0.02025882
0.02062353
0.02098824
0.02258824
0.02422941
0.02578824
0.02706471
0.02834118
0.03005882
0.03224706
0.03443529
0.03581176
0.03690588
0.038
