0.005
0.004295455
0.003590909
0.0035
0.0035
0.0035
0.0035
0.0035
0.0035
0.0035
0.0035
0.0035
0.0035
0.0035
0.0035
0.0035
0.0035
0.0035
0.0035
0.0035
0.0035
0.0035
0.0035
0.0035
0.0035
0.0035
0.003606061
0.003840909
0.004075758
0.004310606
0.004545455
0.004780303
0.005015152
0.00525
0.005484848
0.005719697
0.005954545
0.006
0.006
0.006318182
0.006787879
0.007128788
0.007363636
0.007795455
0.0085
0.009136364
0.00960606
0.01037879
0.01272727
0.01496212
0.01378788
0.01261364
0.01334848
0.01428788
0.0165
0.01908333
0.02030303
0.02077273
0.02209091
0.02420455
0.02613636
0.02778030
0.02972727
0.03254545
0.03518182
0.03659091
0.038
