0.005
0.004505319
0.004010638
0.003515957
0.0035
0.0035
0.0035
0.0035
0.0035
0.0035
0.0035
0.0035
0.0035
0.0035
0.0035
0.0035
0.0035
0.0035
0.0035
0.0035
0.0035
0.0035
0.0035
0.0035
0.0035
0.0035
0.0035
0.0035
0.0035
0.0035
0.0035
0.0035
0.0035
0.0035
0.0035
0.0035
0.0035
0.003601064
0.003765957
0.003930851
0.004095745
0.004260638
0.004425532
0.004590426
0.004755319
0.004920213
0.005085106
0.00525
0.005414894
0.005579787
0.005744681
0.005909574
0.006
0.006
0.006
0.006138298
0.006468085
0.006797872
0.00706383
0.007228723
0.007393617
0.007675532
0.008170213
0.008664894
0.009106383
0.00943617
0.009765957
0.01047872
0.01212766
0.01377660
0.01478723
0.01396277
0.01313830
0.01264894
0.01330851
0.01396809
0.01485106
0.01666489
0.01847872
0.02005319
0.02038298
0.02071277
0.02119149
0.02267553
0.02415957
0.0256117
0.02676596
0.02792021
0.02912766
0.03110638
0.03308511
0.03503191
0.03602128
0.03701064
0.038
