0.005
0.004316176
0.003632353
0.0035
0.0035
0.0035
0.0035
0.0035
0.0035
0.0035
0.0035
0.0035
0.0035
0.0035
0.0035
0.0035
0.0035
0.0035
0.0035
0.0035
0.0035
0.0035
0.0035
0.0035
0.0035
0.0035
0.0035
0.003654412
0.003882353
0.004110294
0.004338235
0.004566176
0.004794118
0.005022059
0.00525
0.005477941
0.005705882
0.005933824
0.006
0.006
0.006235294
0.006691176
0.00707353
0.00730147
0.007588235
0.008272059
0.008955882
0.00942647
0.009882353
0.01169118
0.01397059
0.014375
0.01323529
0.01282353
0.01373529
0.01490441
0.01741176
0.01991912
0.02044118
0.02089706
0.02258824
0.02463971
0.02642647
0.02802206
0.03005882
0.03279412
0.03526471
0.03663235
0.038
