0.005
0.004530303
0.004060606
0.003590909
0.0035
0.0035
0.0035
0.0035
0.0035
0.0035
0.0035
0.0035
0.0035
0.0035
0.0035
0.0035
0.0035
0.0035
0.0035
0.0035
0.0035
0.0035
0.0035
0.0035
0.0035
0.0035
0.0035
0.0035
0.0035
0.0035
0.0035
0.0035
0.0035
0.0035
0.0035
0.0035
0.0035
0.0035
0.0035
0.003606061
0.003762626
0.003919192
0.004075758
0.004232323
0.004388889
0.004545455
0.00470202
0.004858586
0.005015152
0.005171717
0.005328283
0.005484848
0.005641414
0.00579798
0.005954545
0.006
0.006
0.006
0.006161616
0.006474747
0.006787879
0.007050505
0.00720707
0.007363636
0.007560606
0.008030303
0.0085
0.008969697
0.00929293
0.00960606
0.009919192
0.01116162
0.01272727
0.01429293
0.01457071
0.01378788
0.01300505
0.01272222
0.01334848
0.01397475
0.01477778
0.0165
0.01822222
0.01994444
0.02030303
0.02061616
0.02092929
0.02209091
0.0235
0.02490909
0.02613636
0.02723232
0.02832828
0.02972727
0.03160606
0.03348485
0.03518182
0.03612121
0.03706061
0.038
