0.005
0.00430597
0.00361194
0.0035
0.0035
0.0035
0.0035
0.0035
0.0035
0.0035
0.0035
0.0035
0.0035
0.0035
0.0035
0.0035
0.0035
0.0035
0.0035
0.0035
0.0035
0.0035
0.0035
0.0035
0.0035
0.0035
0.003514925
0.003746269
0.003977612
0.004208955
0.004440299
0.004671642
0.004902985
0.005134328
0.005365672
0.005597015
0.005828358
0.006
0.006
0.006044776
0.006507463
0.006970149
0.007216418
0.007447761
0.008037313
0.008731343
0.009283582
0.009746269
0.01104478
0.01335821
0.01466418
0.01350746
0.01261940
0.01354478
0.01447015
0.01696269
0.01950746
0.02037313
0.02083582
0.02234328
0.02442537
0.02628358
0.02790299
0.02989552
0.03267164
0.03522388
0.03661194
0.038
