0.005
0.004459302
0.003918605
0.0035
0.0035
0.0035
0.0035
0.0035
0.0035
0.0035
0.0035
0.0035
0.0035
0.0035
0.0035
0.0035
0.0035
0.0035
0.0035
0.0035
0.0035
0.0035
0.0035
0.0035
0.0035
0.0035
0.0035
0.0035
0.0035
0.0035
0.0035
0.0035
0.0035
0.0035
0.003627907
0.003808140
0.003988372
0.004168605
0.004348837
0.00452907
0.004709302
0.004889535
0.005069767
0.00525
0.005430233
0.005610465
0.005790698
0.00597093
0.006
0.006
0.006023256
0.006383721
0.006744186
0.007052326
0.007232558
0.00741279
0.00777907
0.008319767
0.008860465
0.009267442
0.009627907
0.009988372
0.01174419
0.01354651
0.01482558
0.01392442
0.01302326
0.01280233
0.01352326
0.01424419
0.01577907
0.01776163
0.01974419
0.02031395
0.02067442
0.02115698
0.02277907
0.02440116
0.02590698
0.02716860
0.02843023
0.03018605
0.03234884
0.03451163
0.03583721
0.03691860
0.038
