0.005
0.004284615
0.003569231
0.0035
0.0035
0.0035
0.0035
0.0035
0.0035
0.0035
0.0035
0.0035
0.0035
0.0035
0.0035
0.0035
0.0035
0.0035
0.0035
0.0035
0.0035
0.0035
0.0035
0.0035
0.0035
0.0035
0.0037
0.003938462
0.004176923
0.004415385
0.004653846
0.004892308
0.005130769
0.005369231
0.005607692
0.005846154
0.006
0.006
0.006123077
0.0066
0.007038462
0.007276923
0.007546154
0.008261538
0.008976923
0.009461538
0.009938462
0.01207692
0.01446154
0.01407692
0.01288462
0.01314615
0.0141
0.01602308
0.01864615
0.02023077
0.02070769
0.02183077
0.02397692
0.02598462
0.02765385
0.02955385
0.03241538
0.03513846
0.03656923
0.038
