0.005
0.004225
0.0035
0.0035
0.0035
0.0035
0.0035
0.0035
0.0035
0.0035
0.0035
0.0035
0.0035
0.0035
0.0035
0.0035
0.0035
0.0035
0.0035
0.0035
0.0035
0.0035
0.0035
0.0035
0.0037
0.003958333
0.004216667
0.004475
0.004733333
0.004991667
0.00525
0.005508333
0.005766667
0.006
0.006
0.006083333
0.0066
0.007058333
0.007316667
0.007725
0.0085
0.009183333
0.0097
0.01108333
0.01366667
0.014375
0.01308333
0.01306667
0.0141
0.01624167
0.01908333
0.02035
0.02086667
0.022725
0.02505
0.02695833
0.02876667
0.0317
0.0348
0.03645
0.038
