0.005
0.004138889
0.0035
0.0035
0.0035
0.0035
0.0035
0.0035
0.0035
0.0035
0.0035
0.0035
0.0035
0.0035
0.0035
0.0035
0.0035
0.0035
0.0035
0.0035
0.0035
0.003527778
0.003814815
0.004101852
0.004388889
0.004675926
0.004962963
0.00525
0.005537037
0.005824074
0.006
0.006
0.00637037
0.006944444
0.007259259
0.007638889
0.0085
0.00924074
0.009814815
0.01194444
0.01481481
0.01365741
0.01272222
0.01387037
0.01592593
0.01908333
0.02040741
0.02098148
0.0235
0.02595370
0.02796296
0.03066667
0.03411111
0.03627778
0.038
