0.005
0.004237705
0.0035
0.0035
0.0035
0.0035
0.0035
0.0035
0.0035
0.0035
0.0035
0.0035
0.0035
0.0035
0.0035
0.0035
0.0035
0.0035
0.0035
0.0035
0.0035
0.0035
0.0035
0.0035
0.003598361
0.003852459
0.004106557
0.004360656
0.004614754
0.004868852
0.005122951
0.005377049
0.005631148
0.005885246
0.006
0.006
0.006295082
0.006803279
0.007155738
0.007409836
0.007991803
0.008754098
0.009344262
0.00985246
0.01180328
0.01434426
0.01405738
0.01278689
0.01328689
0.01430328
0.0167541
0.01954918
0.02042623
0.02093443
0.02299180
0.02527869
0.02710656
0.02888525
0.03185246
0.03490164
0.03647541
0.038
