0.005
0.004844482
0.004688963
0.004533445
0.004377926
0.004222408
0.004066890
0.003911371
0.003755853
0.003600334
0.003562633
0.003532533
0.003502432
0.0035
0.0035
0.0035
0.0035
0.0035
0.0035
0.0035
0.0035
0.0035
0.0035
0.0035
0.0035
0.0035
0.0035
0.0035
0.0035
0.0035
0.0035
0.0035
0.0035
0.0035
0.0035
0.0035
0.0035
0.0035
0.0035
0.0035
0.0035
0.0035
0.0035
0.0035
0.0035
0.0035
0.0035
0.0035
0.0035
0.0035
0.0035
0.0035
0.0035
0.0035
0.0035
0.0035
0.0035
0.0035
0.0035
0.0035
0.0035
0.0035
0.0035
0.0035
0.0035
0.0035
0.0035
0.0035
0.0035
0.0035
0.0035
0.0035
0.0035
0.0035
0.0035
0.0035
0.0035
0.0035
0.0035
0.0035
0.0035
0.0035
0.0035
0.0035
0.0035
0.0035
0.0035
0.0035
0.0035
0.0035
0.0035
0.0035
0.0035
0.0035
0.0035
0.0035
0.0035
0.0035
0.0035
0.0035
0.0035
0.0035
0.0035
0.0035
0.0035
0.0035
0.0035
0.0035
0.0035
0.0035
0.0035
0.0035
0.0035
0.0035
0.0035
0.003508159
0.003543276
0.003578393
0.003617057
0.003668896
0.003720736
0.003772575
0.003824415
0.003876254
0.003928094
0.003979933
0.004031773
0.004083612
0.004135452
0.004187291
0.00423913
0.00429097
0.004342809
0.004394649
0.004446489
0.004498328
0.004550168
0.004602007
0.004653846
0.004705685
0.004757525
0.004809365
0.004861204
0.004913044
0.004964883
0.005016723
0.005068562
0.005120401
0.005172241
0.00522408
0.00527592
0.005327759
0.005379599
0.005431438
0.005483277
0.005535117
0.005586956
0.005638796
0.005690635
0.005742475
0.005794315
0.005846154
0.005897993
0.005949832
0.005968227
0.005983277
0.005998328
0.006
0.006
0.006
0.006
0.006
0.006
0.006045404
0.006098915
0.006152427
0.006247491
0.00635117
0.006454849
0.006558528
0.006662207
0.006765886
0.00685639
0.006943347
0.007030303
0.007090301
0.00714214
0.00719398
0.007245819
0.007297658
0.007349498
0.007411067
0.007476284
0.007541502
0.007670569
0.007826087
0.007981605
0.008137124
0.008292642
0.00844816
0.008603679
0.008759197
0.008914716
0.009038884
0.009145908
0.009252931
0.00935786
0.009461538
0.009565217
0.009668896
0.009772575
0.009876254
0.01016020
0.01057157
0.01098294
0.01145485
0.01197324
0.01249164
0.01301003
0.01352843
0.01404682
0.01434124
0.01443321
0.01452519
0.01443980
0.01418060
0.01392141
0.01366221
0.01340301
0.01314381
0.01296154
0.01286789
0.01277425
0.01281438
0.01302174
0.01322909
0.01343645
0.01364381
0.01385117
0.01408218
0.01434806
0.01461395
0.01499666
0.01556689
0.01613712
0.01670736
0.01727759
0.01784782
0.01841806
0.01898829
0.01955852
0.01998282
0.02010155
0.02022028
0.02033445
0.02043813
0.02054180
0.02064548
0.02074916
0.02085284
0.0210303
0.02141492
0.02179953
0.02220401
0.02267057
0.02313712
0.02360368
0.02407023
0.02453679
0.02499118
0.02539754
0.02580389
0.02620234
0.02656521
0.02692809
0.02729097
0.02765384
0.02801672
0.02839378
0.02885700
0.02932021
0.02980267
0.03042475
0.03104682
0.03166890
0.03229097
0.03291304
0.03353025
0.03409213
0.034654
0.03520067
0.03551171
0.03582274
0.03613378
0.03644482
0.03675585
0.03706689
0.03737793
0.03768896
0.038
