0.005
0.004477528
0.003955056
0.0035
0.0035
0.0035
0.0035
0.0035
0.0035
0.0035
0.0035
0.0035
0.0035
0.0035
0.0035
0.0035
0.0035
0.0035
0.0035
0.0035
0.0035
0.0035
0.0035
0.0035
0.0035
0.0035
0.0035
0.0035
0.0035
0.0035
0.0035
0.0035
0.0035
0.0035
0.0035
0.003595506
0.003769663
0.00394382
0.004117978
0.004292135
0.004466292
0.004640449
0.004814607
0.004988764
0.005162921
0.005337079
0.005511236
0.005685393
0.00585955
0.006
0.006
0.006
0.00611236
0.006460674
0.006808989
0.007078652
0.007252809
0.007426966
0.007803371
0.008325843
0.008848315
0.009247191
0.009595506
0.00994382
0.01146067
0.01320225
0.01494382
0.01415730
0.01328652
0.01256742
0.01326404
0.01396067
0.01493258
0.01684831
0.01876404
0.02012360
0.02047191
0.02082022
0.02175843
0.02332584
0.02489326
0.02624719
0.02746629
0.02868539
0.03055056
0.03264045
0.03473034
0.03591011
0.03695506
0.038
