0.005
0.004766332
0.004532663
0.004298995
0.004065327
0.003831658
0.00359799
0.003547053
0.003501827
0.0035
0.0035
0.0035
0.0035
0.0035
0.0035
0.0035
0.0035
0.0035
0.0035
0.0035
0.0035
0.0035
0.0035
0.0035
0.0035
0.0035
0.0035
0.0035
0.0035
0.0035
0.0035
0.0035
0.0035
0.0035
0.0035
0.0035
0.0035
0.0035
0.0035
0.0035
0.0035
0.0035
0.0035
0.0035
0.0035
0.0035
0.0035
0.0035
0.0035
0.0035
0.0035
0.0035
0.0035
0.0035
0.0035
0.0035
0.0035
0.0035
0.0035
0.0035
0.0035
0.0035
0.0035
0.0035
0.0035
0.0035
0.0035
0.0035
0.0035
0.0035
0.0035
0.0035
0.0035
0.0035
0.0035
0.0035
0.0035
0.003532511
0.003585275
0.003653267
0.003731156
0.003809045
0.003886935
0.003964824
0.004042714
0.004120603
0.004198492
0.004276382
0.004354271
0.004432161
0.004510051
0.00458794
0.004665829
0.004743718
0.004821608
0.004899498
0.004977387
0.005055277
0.005133166
0.005211055
0.005288945
0.005366834
0.005444723
0.005522613
0.005600502
0.005678392
0.005756282
0.005834171
0.00591206
0.005964824
0.005987437
0.006
0.006
0.006
0.006
0.00603411
0.006114512
0.00622613
0.006381909
0.006537688
0.006693467
0.006839348
0.006970002
0.007080402
0.007158291
0.00723618
0.00731407
0.007399269
0.007497259
0.007643216
0.007876884
0.008110553
0.008344221
0.00857789
0.008811558
0.009021674
0.009182479
0.009341709
0.009497487
0.009653266
0.009809045
0.01010025
0.01071834
0.01138191
0.01216080
0.01293970
0.01371859
0.01432922
0.01446741
0.01447236
0.01408292
0.01369347
0.01330402
0.01297236
0.01283166
0.01279145
0.01310301
0.01341457
0.01372613
0.01405546
0.01445495
0.01494221
0.01579900
0.01665578
0.01751256
0.01836934
0.01922613
0.01997327
0.02015167
0.02032663
0.02048241
0.02063819
0.02079397
0.02100517
0.02158307
0.02217588
0.02287688
0.02357789
0.02427889
0.02497076
0.02558131
0.02618593
0.02673115
0.02727638
0.02782161
0.02837749
0.02907347
0.02978392
0.03071859
0.03165327
0.03258794
0.03351896
0.03436318
0.03519598
0.03566332
0.03613065
0.03659799
0.03706533
0.03753267
0.038
