0.005
0.004211864
0.0035
0.0035
0.0035
0.0035
0.0035
0.0035
0.0035
0.0035
0.0035
0.0035
0.0035
0.0035
0.0035
0.0035
0.0035
0.0035
0.0035
0.0035
0.0035
0.0035
0.0035
0.003542373
0.003805085
0.004067797
0.004330508
0.00459322
0.004855932
0.005118644
0.005381356
0.005644068
0.00590678
0.006
0.006
0.00638983
0.006915254
0.007220339
0.007483051
0.008237288
0.00901695
0.009542373
0.01033898
0.01296610
0.01470339
0.01338983
0.01283898
0.01388983
0.01571186
0.01860169
0.02027119
0.02079661
0.02244915
0.02481356
0.02680508
0.02864407
0.03154237
0.03469492
0.03642373
0.038
