0.005
0.004169643
0.0035
0.0035
0.0035
0.0035
0.0035
0.0035
0.0035
0.0035
0.0035
0.0035
0.0035
0.0035
0.0035
0.0035
0.0035
0.0035
0.0035
0.0035
0.0035
0.0035
0.003589286
0.003866071
0.004142857
0.004419643
0.004696429
0.004973214
0.00525
0.005526786
0.005803571
0.006
0.006
0.006267857
0.006821429
0.0071875
0.007464286
0.008223214
0.009035714
0.009589286
0.01071429
0.01348214
0.014375
0.01299107
0.01321429
0.01432143
0.01705357
0.02001786
0.02057143
0.0215625
0.02405357
0.0263125
0.02825
0.03103571
0.03435714
0.03633929
0.038
