0.005
0.004883459
0.004766917
0.004650376
0.004533835
0.004417293
0.004300752
0.004184210
0.004067669
0.003951128
0.003834586
0.003718045
0.003601504
0.003570403
0.003547847
0.003525290
0.003502734
0.0035
0.0035
0.0035
0.0035
0.0035
0.0035
0.0035
0.0035
0.0035
0.0035
0.0035
0.0035
0.0035
0.0035
0.0035
0.0035
0.0035
0.0035
0.0035
0.0035
0.0035
0.0035
0.0035
0.0035
0.0035
0.0035
0.0035
0.0035
0.0035
0.0035
0.0035
0.0035
0.0035
0.0035
0.0035
0.0035
0.0035
0.0035
0.0035
0.0035
0.0035
0.0035
0.0035
0.0035
0.0035
0.0035
0.0035
0.0035
0.0035
0.0035
0.0035
0.0035
0.0035
0.0035
0.0035
0.0035
0.0035
0.0035
0.0035
0.0035
0.0035
0.0035
0.0035
0.0035
0.0035
0.0035
0.0035
0.0035
0.0035
0.0035
0.0035
0.0035
0.0035
0.0035
0.0035
0.0035
0.0035
0.0035
0.0035
0.0035
0.0035
0.0035
0.0035
0.0035
0.0035
0.0035
0.0035
0.0035
0.0035
0.0035
0.0035
0.0035
0.0035
0.0035
0.0035
0.0035
0.0035
0.0035
0.0035
0.0035
0.0035
0.0035
0.0035
0.0035
0.0035
0.0035
0.0035
0.0035
0.0035
0.0035
0.0035
0.0035
0.0035
0.0035
0.0035
0.0035
0.0035
0.0035
0.0035
0.0035
0.0035
0.0035
0.0035
0.0035
0.0035
0.0035
0.0035
0.0035
0.0035
0.0035
0.0035
0.0035
0.0035
0.0035
0.0035
0.0035
0.0035
0.003522329
0.003548645
0.003574960
0.003601276
0.003637845
0.003676692
0.003715539
0.003754386
0.003793233
0.00383208
0.003870927
0.003909774
0.003948622
0.003987469
0.004026316
0.004065163
0.00410401
0.004142857
0.004181704
0.004220551
0.004259398
0.004298246
0.004337093
0.00437594
0.004414787
0.004453634
0.004492482
0.004531329
0.004570176
0.004609023
0.00464787
0.004686717
0.004725564
0.004764411
0.004803258
0.004842105
0.004880953
0.0049198
0.004958647
0.004997494
0.005036341
0.005075188
0.005114035
0.005152882
0.005191729
0.005230576
0.005269424
0.005308271
0.005347118
0.005385965
0.005424812
0.005463659
0.005502506
0.005541353
0.0055802
0.005619047
0.005657895
0.005696742
0.005735589
0.005774436
0.005813283
0.00585213
0.005890977
0.005929824
0.005958646
0.005969925
0.005981203
0.005992481
0.006
0.006
0.006
0.006
0.006
0.006
0.006
0.006
0.006010936
0.006051037
0.006091137
0.006131237
0.006180451
0.006258145
0.006335839
0.006413533
0.006491228
0.006568922
0.006646616
0.006724311
0.006799727
0.00686489
0.006930052
0.006995215
0.007056391
0.007095238
0.007134085
0.007172932
0.007211779
0.007250626
0.007289473
0.00732832
0.007368079
0.007416951
0.007465823
0.007514696
0.007567669
0.00768421
0.007800752
0.007917293
0.008033835
0.008150376
0.008266917
0.008383459
0.0085
0.008616541
0.008733083
0.008849624
0.008966165
0.009047467
0.009127668
0.009207869
0.00928807
0.009365915
0.00944361
0.009521303
0.009598997
0.009676691
0.009754386
0.00983208
0.009909774
0.01019010
0.01049837
0.01080664
0.01111491
0.01149123
0.0118797
0.01226817
0.01265664
0.01304511
0.01343358
0.01382205
0.01421053
0.01434723
0.01441616
0.01448508
0.014554
0.01442356
0.01422933
0.01403509
0.01384085
0.01364662
0.01345238
0.01325815
0.01306391
0.01295614
0.01288596
0.01281579
0.01274561
0.01282581
0.0129812
0.01313659
0.01329198
0.01344736
0.01360276
0.01375815
0.01391354
0.01409551
0.01429475
0.01449400
0.01469325
0.01502381
0.01545113
0.01587845
0.01630576
0.01673308
0.0171604
0.01758772
0.01801504
0.01844235
0.01886967
0.01929699
0.01972431
0.01998758
0.02007655
0.02016553
0.0202545
0.02033835
0.02041604
0.02049373
0.02057143
0.02064912
0.02072681
0.02080451
0.02088220
0.02104283
0.02133105
0.02161927
0.02190750
0.02221805
0.02256767
0.02291729
0.02326692
0.02361654
0.02396617
0.02431579
0.02466541
0.02500137
0.02530588
0.02561039
0.0259149
0.02621052
0.02648245
0.02675438
0.02702631
0.02729824
0.02757017
0.0278421
0.02811403
0.02840191
0.02874903
0.02909615
0.02944326
0.02981203
0.03027819
0.03074436
0.03121053
0.03167669
0.03214286
0.03260902
0.03307519
0.03353589
0.03395694
0.03437799
0.03479904
0.03520301
0.03543609
0.03566917
0.03590225
0.03613534
0.03636842
0.03660150
0.03683459
0.03706767
0.03730075
0.03753384
0.03776692
0.038
