0.005
0.004471591
0.003943182
0.0035
0.0035
0.0035
0.0035
0.0035
0.0035
0.0035
0.0035
0.0035
0.0035
0.0035
0.0035
0.0035
0.0035
0.0035
0.0035
0.0035
0.0035
0.0035
0.0035
0.0035
0.0035
0.0035
0.0035
0.0035
0.0035
0.0035
0.0035
0.0035
0.0035
0.0035
0.0035
0.003664773
0.003840909
0.004017045
0.004193182
0.004369318
0.004545455
0.004721591
0.004897727
0.005073864
0.00525
0.005426136
0.005602273
0.005778409
0.005954545
0.006
0.006
0.006
0.006318182
0.006670455
0.007011364
0.0071875
0.007363636
0.007619318
0.008147727
0.008676136
0.009136364
0.009488636
0.00984091
0.01096591
0.01272727
0.01448864
0.014375
0.01349432
0.01261364
0.01311364
0.01381818
0.0145625
0.0165
0.0184375
0.02006818
0.02042045
0.02077273
0.0215625
0.02314773
0.02473295
0.02613636
0.02736932
0.02860227
0.03043182
0.03254545
0.03465909
0.03588636
0.03694318
0.038
