0.005
0.004465517
0.003931034
0.0035
0.0035
0.0035
0.0035
0.0035
0.0035
0.0035
0.0035
0.0035
0.0035
0.0035
0.0035
0.0035
0.0035
0.0035
0.0035
0.0035
0.0035
0.0035
0.0035
0.0035
0.0035
0.0035
0.0035
0.0035
0.0035
0.0035
0.0035
0.0035
0.0035
0.0035
0.003557471
0.003735632
0.003913793
0.004091954
0.004270115
0.004448276
0.004626437
0.004804598
0.004982759
0.00516092
0.00533908
0.005517241
0.005695402
0.005873563
0.006
0.006
0.006
0.006172414
0.006528736
0.006885057
0.00712069
0.00729885
0.007477011
0.007965517
0.0085
0.009022989
0.00937931
0.009735632
0.01045977
0.01224138
0.01402299
0.0145977
0.01370690
0.01281609
0.01295977
0.01367241
0.01438506
0.01614368
0.01810345
0.02001149
0.02036782
0.02072414
0.02136207
0.02296552
0.02456897
0.02602299
0.02727011
0.02851724
0.03031034
0.03244828
0.03458621
0.03586207
0.03693103
0.038
