0.005
0.004403846
0.003807692
0.0035
0.0035
0.0035
0.0035
0.0035
0.0035
0.0035
0.0035
0.0035
0.0035
0.0035
0.0035
0.0035
0.0035
0.0035
0.0035
0.0035
0.0035
0.0035
0.0035
0.0035
0.0035
0.0035
0.0035
0.0035
0.0035
0.0035
0.0035
0.003660256
0.003858974
0.004057692
0.00425641
0.004455128
0.004653846
0.004852564
0.005051282
0.00525
0.005448718
0.005647436
0.005846154
0.006
0.006
0.006
0.006282051
0.006679487
0.007038462
0.00723718
0.007435897
0.007903846
0.0085
0.009064103
0.009461538
0.009858974
0.01128205
0.01326923
0.01487179
0.01387821
0.01288462
0.01298718
0.01378205
0.01471154
0.01689744
0.01908333
0.02023077
0.02062821
0.02111538
0.02290385
0.02469231
0.02626282
0.02765385
0.02907692
0.03146154
0.03384615
0.03561538
0.03680769
0.038
