0.005
0.004363014
0.003726027
0.0035
0.0035
0.0035
0.0035
0.0035
0.0035
0.0035
0.0035
0.0035
0.0035
0.0035
0.0035
0.0035
0.0035
0.0035
0.0035
0.0035
0.0035
0.0035
0.0035
0.0035
0.0035
0.0035
0.0035
0.0035
0.0035
0.003657534
0.003869863
0.004082192
0.004294521
0.004506849
0.004719178
0.004931507
0.005143836
0.005356164
0.005568493
0.005780822
0.005993151
0.006
0.006
0.006260274
0.006684932
0.007054795
0.007267123
0.007479452
0.008075342
0.008712329
0.009232877
0.009657534
0.01041096
0.01253425
0.01465753
0.01410959
0.01304795
0.01291096
0.01376027
0.01480137
0.01713699
0.01947260
0.02032877
0.02075342
0.02180137
0.02371233
0.02559589
0.02708219
0.02856849
0.03080822
0.03335616
0.03545205
0.03672603
0.038
