0.005
0.004354167
0.003708333
0.0035
0.0035
0.0035
0.0035
0.0035
0.0035
0.0035
0.0035
0.0035
0.0035
0.0035
0.0035
0.0035
0.0035
0.0035
0.0035
0.0035
0.0035
0.0035
0.0035
0.0035
0.0035
0.0035
0.0035
0.0035
0.003527778
0.003743056
0.003958333
0.004173611
0.004388889
0.004604167
0.004819444
0.005034722
0.00525
0.005465278
0.005680556
0.005895833
0.006
0.006
0.006083333
0.006513889
0.006944444
0.0071875
0.007402778
0.007854167
0.0085
0.009097222
0.009527778
0.009958333
0.01194444
0.01409722
0.014375
0.01329861
0.01272222
0.01358333
0.01444444
0.01671528
0.01908333
0.02026389
0.02069444
0.0215625
0.0235
0.0254375
0.02695833
0.02846528
0.03066667
0.03325
0.03541667
0.03670833
0.038
