0.005
0.004335714
0.003671429
0.0035
0.0035
0.0035
0.0035
0.0035
0.0035
0.0035
0.0035
0.0035
0.0035
0.0035
0.0035
0.0035
0.0035
0.0035
0.0035
0.0035
0.0035
0.0035
0.0035
0.0035
0.0035
0.0035
0.0035
0.0035
0.0037
0.003921429
0.004142857
0.004364286
0.004585714
0.004807143
0.005028571
0.00525
0.005471429
0.005692857
0.005914286
0.006
0.006
0.006157143
0.0066
0.007021429
0.007242857
0.007464286
0.008057143
0.008721429
0.009257143
0.0097
0.01071429
0.01292857
0.01492857
0.01382143
0.01271429
0.01321429
0.0141
0.01583571
0.01827143
0.02012857
0.02057143
0.02106429
0.02305714
0.02505
0.0267
0.02825
0.03037143
0.03302857
0.03534286
0.03667143
0.038
