0.005
0.004261905
0.003523810
0.0035
0.0035
0.0035
0.0035
0.0035
0.0035
0.0035
0.0035
0.0035
0.0035
0.0035
0.0035
0.0035
0.0035
0.0035
0.0035
0.0035
0.0035
0.0035
0.0035
0.0035
0.0035
0.003650794
0.003896825
0.004142857
0.004388889
0.004634921
0.004880952
0.005126984
0.005373016
0.005619048
0.005865079
0.006
0.006
0.006206349
0.006698413
0.007095238
0.00734127
0.007761905
0.0085
0.00915873
0.009650794
0.01071429
0.01317460
0.01468254
0.01345238
0.01272222
0.01370635
0.01502381
0.01773016
0.02007937
0.02057143
0.02128571
0.0235
0.02566667
0.02738889
0.02919048
0.03214286
0.03504762
0.03652381
0.038
