0.005
0.004489011
0.003978022
0.0035
0.0035
0.0035
0.0035
0.0035
0.0035
0.0035
0.0035
0.0035
0.0035
0.0035
0.0035
0.0035
0.0035
0.0035
0.0035
0.0035
0.0035
0.0035
0.0035
0.0035
0.0035
0.0035
0.0035
0.0035
0.0035
0.0035
0.0035
0.0035
0.0035
0.0035
0.0035
0.0035
0.003631868
0.003802198
0.003972527
0.004142857
0.004313187
0.004483516
0.004653846
0.004824176
0.004994505
0.005164835
0.005335165
0.005505495
0.005675824
0.005846154
0.006
0.006
0.006
0.006054945
0.006395604
0.006736264
0.007038462
0.007208791
0.007379121
0.007648352
0.00815934
0.00867033
0.00912088
0.009461538
0.009802198
0.01071429
0.01241758
0.01412088
0.01458791
0.01373626
0.01288462
0.01287363
0.01355495
0.01423626
0.01564835
0.01752198
0.01939560
0.02023077
0.02057143
0.02091209
0.02213736
0.02367033
0.02520330
0.02646154
0.02765385
0.02884615
0.03078022
0.03282418
0.03486813
0.03595604
0.03697802
0.038
