0.005
0.004520619
0.004041237
0.003561856
0.0035
0.0035
0.0035
0.0035
0.0035
0.0035
0.0035
0.0035
0.0035
0.0035
0.0035
0.0035
0.0035
0.0035
0.0035
0.0035
0.0035
0.0035
0.0035
0.0035
0.0035
0.0035
0.0035
0.0035
0.0035
0.0035
0.0035
0.0035
0.0035
0.0035
0.0035
0.0035
0.0035
0.0035
0.003572165
0.003731959
0.003891753
0.004051546
0.00421134
0.004371134
0.004530928
0.004690722
0.004850515
0.005010309
0.005170103
0.005329897
0.005489691
0.005649485
0.005809278
0.005969072
0.006
0.006
0.006
0.006216495
0.006536082
0.00685567
0.007087629
0.007247423
0.007407216
0.007701031
0.008180412
0.008659794
0.009092784
0.009412371
0.009731959
0.01025773
0.01185567
0.01345361
0.01497423
0.01417526
0.01337629
0.01257732
0.01307732
0.01371649
0.01435567
0.01586082
0.01761856
0.01937629
0.02020619
0.02052577
0.02084536
0.02174227
0.02318041
0.02461856
0.02593299
0.02705155
0.02817010
0.02949485
0.03141237
0.0333299
0.03512371
0.03608247
0.03704124
0.038
