0.005
0.004425926
0.003851852
0.0035
0.0035
0.0035
0.0035
0.0035
0.0035
0.0035
0.0035
0.0035
0.0035
0.0035
0.0035
0.0035
0.0035
0.0035
0.0035
0.0035
0.0035
0.0035
0.0035
0.0035
0.0035
0.0035
0.0035
0.0035
0.0035
0.0035
0.0035
0.0035
0.003623457
0.003814815
0.004006173
0.004197531
0.004388889
0.004580247
0.004771605
0.004962963
0.005154321
0.005345679
0.005537037
0.005728395
0.005919753
0.006
0.006
0.006
0.00637037
0.006753086
0.007067901
0.007259259
0.007450617
0.007925926
0.0085
0.009049383
0.009432099
0.009814815
0.01098765
0.01290123
0.01481481
0.01413580
0.01317901
0.01272222
0.01348765
0.01425309
0.01592593
0.01803086
0.02002469
0.02040741
0.02079012
0.02177778
0.0235
0.02522222
0.02662346
0.02796296
0.02951852
0.03181481
0.03411111
0.03570370
0.03685185
0.038
