0.005
0.004273438
0.003546875
0.0035
0.0035
0.0035
0.0035
0.0035
0.0035
0.0035
0.0035
0.0035
0.0035
0.0035
0.0035
0.0035
0.0035
0.0035
0.0035
0.0035
0.0035
0.0035
0.0035
0.0035
0.0035
0.003554688
0.003796875
0.004039063
0.00428125
0.004523437
0.004765625
0.005007813
0.00525
0.005492187
0.005734375
0.005976563
0.006
0.006
0.00640625
0.006890625
0.0071875
0.007429687
0.008015625
0.008742187
0.0093125
0.009796875
0.01140625
0.01382813
0.014375
0.01316406
0.0129375
0.01390625
0.01553125
0.01819531
0.02015625
0.02064063
0.0215625
0.02374219
0.02582813
0.02752344
0.029375
0.03228125
0.03509375
0.03654687
0.038
