errors	shape		t		lossrate	PM

0	1111111111		61		0		24568
1	1111111111		52		0		43565
2	1111111111		43		0.186583		47960
2	1111111111		42		0		49191
3	1111111111		38		0.169518		49634
3	1111111111		37		0.131065		49707
3	1111111111		36		0.0995591		49769
3	1111111111		35		0.0736091		49811
3	1111111111		34		0.0523821		49843
3	1111111111		33		0.0356708		49880
3	1111111111		32		0		49952
4	1111111111		33		0.186064		49880
4	1111111111		32		0.148862		49952
4	1111111111		31		0.108577		49967
4	1111111111		30		0.0780128		49975
4	1111111111		29		0.0552903		49978
4	1111111111		28		0.0386294		49984
4	1111111111		27		0.026395		49989
4	1111111111		26		0.0173833		49992
4	1111111111		25		0.0108201		49995
4	1111111111		24		0.00615412		49996
4	1111111111		23		0.00304663		49998
4	1111111111		22		0		49999
5	1111111111		29		0.196421		49978
5	1111111111		28		0.157844		49984
5	1111111111		27		0.124771		49989
5	1111111111		26		0.0967317		49992
5	1111111111		25		0.0732344		49995
5	1111111111		24		0.0537651		49996
5	1111111111		23		0.0382048		49998
5	1111111111		22		0.0264127		49999
5	1111111111		21		0.0170853		49999
5	1111111111		20		0.0107597		49999
5	1111111111		19		0.00658762		49999
5	1111111111		18		0.00390148		49999
5	1111111111		17		0.00220674		50000
5	1111111111		16		0.00115997		50000
5	1111111111		15		0.000549138		50000
5	1111111111		14		0.000216484		50000
5	1111111111		13		6.1512e-05		50000
5	1111111111		12		0		50000
6	1111111111		25		0.188669		49995
6	1111111111		24		0.152523		49996
6	1111111111		23		0.120584		49998
6	1111111111		22		0.0937682		49999
6	1111111111		21		0.0715438		49999
6	1111111111		20		0.0530773		49999
6	1111111111		19		0.0383543		49999
6	1111111111		18		0.0270392		49999
6	1111111111		17		0.0185418		50000
6	1111111111		16		0.0123175		50000
6	1111111111		15		0.00787008		50000
6	1111111111		14		0.00480545		50000
6	1111111111		13		0.00278658		50000
6	1111111111		12		0.00154185		50000
6	1111111111		11		0.000802696		50007
6	1111111111		10		0.000392854		50007
6	1111111111		9		0.000174522		50044
6	1111111111		8		7.62939e-05		50148
6	1111111111		7		2.38419e-05		50473
6	1111111111		6		6.67572e-06		52205
6	1111111111		5		2.86102e-06		59068
6	1111111111		4		1.90735e-06		84371
6	1111111111		3		0		187954
7	1111111111		22		0.198178		49999
7	1111111111		21		0.162122		49999
7	1111111111		20		0.130267		49999
7	1111111111		19		0.10256		49999
7	1111111111		18		0.079095		49999
7	1111111111		17		0.0596861		50000
7	1111111111		16		0.0439634		50000
7	1111111111		15		0.0314958		50000
7	1111111111		14		0.0218701		50000
7	1111111111		13		0.0147052		50000
7	1111111111		12		0.00956416		50000
7	1111111111		11		0.00599486		50007
7	1111111111		10		0.00359178		50007
7	1111111111		9		0.00204831		50044
7	1111111111		8		0.00109327		50148
7	1111111111		7		0.000553906		50473
7	1111111111		6		0.00025171		52205
7	1111111111		5		9.82285e-05		59068
7	1111111111		4		3.33786e-05		84371
7	1111111111		3		7.62939e-06		187954
7	1111111111		2		9.53674e-07		602849
7	1111111111		1		0		2279902
8	1111111111		19		0.194469		49999
8	1111111111		18		0.15886		49999
8	1111111111		17		0.127412		50000
8	1111111111		16		0.100171		50000
8	1111111111		15		0.0769813		50000
8	1111111111		14		0.0577031		50000
8	1111111111		13		0.0421089		50000
8	1111111111		12		0.0299308		50000
8	1111111111		11		0.020624		50007
8	1111111111		10		0.0137256		50007
8	1111111111		9		0.00876379		50044
8	1111111111		8		0.00535291		50148
8	1111111111		7		0.00309843		50473
8	1111111111		6		0.00167233		52205
8	1111111111		5		0.000843644		59068
8	1111111111		4		0.00037092		84371
8	1111111111		3		0.000144005		187954
8	1111111111		2		4.3869e-05		602849
8	1111111111		1		1.04904e-05		2279902
0	111001001010011101		53		0		24568
1	111001001010011101		44		0		44862
2	111001001010011101		39		0.192933		47804
2	111001001010011101		38		0.120978		48355
2	111001001010011101		37		0.0700307		48809
2	111001001010011101		36		0.0461382		49087
2	111001001010011101		35		0.0277782		49324
2	111001001010011101		34		0		49568
3	111001001010011101		34		0.194572		49568
3	111001001010011101		33		0.138746		49664
3	111001001010011101		32		0.0956323		49750
3	111001001010011101		31		0.0599605		49813
3	111001001010011101		30		0.0352802		49861
3	111001001010011101		29		0.0202756		49894
3	111001001010011101		28		0.00790954		49942
3	111001001010011101		27		0.00247836		49962
3	111001001010011101		26		0.000432849		49976
3	111001001010011101		25		6.19888e-06		49981
3	111001001010011101		24		0		49988
4	111001001010011101		29		0.161183		49894
4	111001001010011101		28		0.11639		49942
4	111001001010011101		27		0.0794103		49962
4	111001001010011101		26		0.0513771		49976
4	111001001010011101		25		0.0304968		49981
4	111001001010011101		24		0.0162713		49988
4	111001001010011101		23		0.00771582		49990
4	111001001010011101		22		0.00291353		49995
4	111001001010011101		21		0.0008775		49998
4	111001001010011101		20		0.000187874		49999
4	111001001010011101		19		1.90735e-05		49999
4	111001001010011101		18		1.90735e-06		50000
4	111001001010011101		17		0		50000
5	111001001010011101		25		0.152739		49981
5	111001001010011101		24		0.110534		49988
5	111001001010011101		23		0.0759649		49990
5	111001001010011101		22		0.0489962		49995
5	111001001010011101		21		0.0291891		49998
5	111001001010011101		20		0.0158105		49999
5	111001001010011101		19		0.00756252		49999
5	111001001010011101		18		0.0031864		50000
5	111001001010011101		17		0.00113088		50000
5	111001001010011101		16		0.000308454		50000
5	111001001010011101		15		6.05583e-05		50000
5	111001001010011101		14		8.58307e-06		50000
5	111001001010011101		13		0		50000
6	111001001010011101		22		0.167174		49995
6	111001001010011101		21		0.12278		49998
6	111001001010011101		20		0.0856871		49999
6	111001001010011101		19		0.0561697		49999
6	111001001010011101		18		0.0341973		50000
6	111001001010011101		17		0.0191173		50000
6	111001001010011101		16		0.00960946		50000
6	111001001010011101		15		0.00424528		50000
6	111001001010011101		14		0.0016247		50000
6	111001001010011101		13		0.000508189		50000
6	111001001010011101		12		0.000125885		50000
6	111001001010011101		11		1.71661e-05		50000
6	111001001010011101		10		1.90735e-06		50000
6	111001001010011101		9		0		50000
7	111001001010011101		19		0.160887		49999
7	111001001010011101		18		0.116509		50000
7	111001001010011101		17		0.079893		50000
7	111001001010011101		16		0.0512622		50000
7	111001001010011101		15		0.0304654		50000
7	111001001010011101		14		0.0164654		50000
7	111001001010011101		13		0.00799024		50000
7	111001001010011101		12		0.00339884		50000
7	111001001010011101		11		0.00121045		50000
7	111001001010011101		10		0.0003528		50000
7	111001001010011101		9		8.58307e-05		50000
7	111001001010011101		8		1.23978e-05		50000
7	111001001010011101		7		9.53674e-07		50000
7	111001001010011101		6		0		50000
8	111001001010011101		17		0.187231		50000
8	111001001010011101		16		0.137694		50000
8	111001001010011101		15		0.0959176		50000
8	111001001010011101		14		0.0625219		50000
8	111001001010011101		13		0.0376443		50000
8	111001001010011101		12		0.0207156		50000
8	111001001010011101		11		0.0102204		50000
8	111001001010011101		10		0.00441241		50000
8	111001001010011101		9		0.00156754		50000
8	111001001010011101		8		0.000452876		50000
8	111001001010011101		7		8.67844e-05		50000
8	111001001010011101		6		1.90735e-05		50000
8	111001001010011101		5		2.86102e-06		50001
8	111001001010011101		4		0		50001
0	1111111000111		58		0		24568
1	1111111000111		49		0		44153
2	1111111000111		42		0.150159		48174
2	1111111000111		41		0.124053		48444
2	1111111000111		40		0.100417		48677
2	1111111000111		39		0		49399
3	1111111000111		37		0.189406		49596
3	1111111000111		36		0.125669		49699
3	1111111000111		35		0.0930361		49762
3	1111111000111		34		0.0728766		49810
3	1111111000111		33		0.041333		49856
3	1111111000111		32		0.019791		49899
3	1111111000111		31		0.0132055		49924
3	1111111000111		30		0.0080744		49951
3	1111111000111		29		0		49967
4	1111111000111		32		0.174312		49899
4	1111111000111		31		0.133225		49924
4	1111111000111		30		0.0960026		49951
4	1111111000111		29		0.0666424		49967
4	1111111000111		28		0.0464711		49980
4	1111111000111		27		0.0307871		49983
4	1111111000111		26		0.0172062		49989
4	1111111000111		25		0.00967652		49992
4	1111111000111		24		0.00567728		49994
4	1111111000111		23		0.00190461		49997
4	1111111000111		22		0.000483394		49998
4	1111111000111		21		0.000194073		50000
4	1111111000111		20		5.38826e-05		50000
4	1111111000111		19		0		50000
5	1111111000111		28		0.180584		49980
5	1111111000111		27		0.140672		49983
5	1111111000111		26		0.106534		49989
5	1111111000111		25		0.0774394		49992
5	1111111000111		24		0.054476		49994
5	1111111000111		23		0.0362436		49997
5	1111111000111		22		0.0228598		49998
5	1111111000111		21		0.0138737		50000
5	1111111000111		20		0.00766236		50000
5	1111111000111		19		0.00384545		50000
5	1111111000111		18		0.00181508		50000
5	1111111000111		17		0.000679255		50000
5	1111111000111		16		0.000160217		50000
5	1111111000111		15		3.24249e-05		50000
5	1111111000111		14		4.76837e-06		50000
5	1111111000111		13		0		50000
6	1111111000111		24		0.165833		49994
6	1111111000111		23		0.128554		49997
6	1111111000111		22		0.0964693		49998
6	1111111000111		21		0.0699354		50000
6	1111111000111		20		0.048895		50000
6	1111111000111		19		0.0325361		50000
6	1111111000111		18		0.0205157		50000
6	1111111000111		17		0.0120914		50000
6	1111111000111		16		0.00655782		50000
6	1111111000111		15		0.00324297		50000
6	1111111000111		14		0.00142187		50000
6	1111111000111		13		0.000557721		50000
6	1111111000111		12		0.000164032		50000
6	1111111000111		11		2.95639e-05		50000
6	1111111000111		10		6.67572e-06		50000
6	1111111000111		9		0		50000
7	1111111000111		21		0.172856		50000
7	1111111000111		20		0.134584		50000
7	1111111000111		19		0.101732		50000
7	1111111000111		18		0.0742361		50000
7	1111111000111		17		0.0519966		50000
7	1111111000111		16		0.0347314		50000
7	1111111000111		15		0.0218823		50000
7	1111111000111		14		0.0128853		50000
7	1111111000111		13		0.00695091		50000
7	1111111000111		12		0.0033741		50000
7	1111111000111		11		0.00146186		50000
7	1111111000111		10		0.000559628		50000
7	1111111000111		9		0.000171661		50000
7	1111111000111		8		5.24521e-05		50007
7	1111111000111		7		1.23978e-05		50018
7	1111111000111		6		9.53674e-07		50049
7	1111111000111		5		0		50162
8	1111111000111		18		0.163995		50000
8	1111111000111		17		0.126476		50000
8	1111111000111		16		0.0943264		50000
8	1111111000111		15		0.067613		50000
8	1111111000111		14		0.04618		50000
8	1111111000111		13		0.0297698		50000
8	1111111000111		12		0.0178845		50000
8	1111111000111		11		0.00988054		50000
8	1111111000111		10		0.0049544		50000
8	1111111000111		9		0.00219578		50000
8	1111111000111		8		0.000867486		50007
8	1111111000111		7		0.000297487		50018
8	1111111000111		6		9.63211e-05		50049
8	1111111000111		5		2.47955e-05		50162
8	1111111000111		4		6.67572e-06		50615
8	1111111000111		3		9.53674e-07		60956
8	1111111000111		2		0		214838
0	11111111111		60		0		24568
1	11111111111		50		0		43744
2	11111111111		41		0.185092		47982
2	11111111111		40		0.15359		48285
2	11111111111		39		0		49286
3	11111111111		36		0.193074		49595
3	11111111111		35		0.15194		49673
3	11111111111		34		0.118209		49741
3	11111111111		33		0.0904142		49789
3	11111111111		32		0.0672697		49824
3	11111111111		31		0.0485206		49852
3	11111111111		30		0.0340658		49886
3	11111111111		29		0.0229256		49913
3	11111111111		28		0		49963
4	11111111111		30		0.169213		49886
4	11111111111		29		0.13677		49913
4	11111111111		28		0.108508		49963
4	11111111111		27		0.079052		49975
4	11111111111		26		0.0570006		49978
4	11111111111		25		0.0406773		49986
4	11111111111		24		0.0285653		49989
4	11111111111		23		0.0195475		49993
4	11111111111		22		0.0129102		49993
4	11111111111		21		0.00806308		49995
4	11111111111		20		0.00468111		49998
4	11111111111		19		0.00248981		49998
4	11111111111		18		0.00112134		49999
4	11111111111		17		0		49999
5	11111111111		26		0.184521		49978
5	11111111111		25		0.150158		49986
5	11111111111		24		0.120214		49989
5	11111111111		23		0.0944542		49993
5	11111111111		22		0.0726787		49993
5	11111111111		21		0.0544656		49995
5	11111111111		20		0.0396658		49998
5	11111111111		19		0.0282521		49998
5	11111111111		18		0.0196307		49999
5	11111111111		17		0.0131545		49999
5	11111111111		16		0.00829482		49999
5	11111111111		15		0.00510341		50000
5	11111111111		14		0.00304615		50000
5	11111111111		13		0.00174654		50000
5	11111111111		12		0.00094372		50000
5	11111111111		11		0.000474334		50000
5	11111111111		10		0.000210285		50007
5	11111111111		9		7.9155e-05		50007
5	11111111111		8		2.3365e-05		50044
5	11111111111		7		4.76837e-06		50138
5	11111111111		6		0		50467
6	11111111111		22		0.177269		49993
6	11111111111		21		0.144535		49995
6	11111111111		20		0.115408		49998
6	11111111111		19		0.0906568		49998
6	11111111111		18		0.0700107		49999
6	11111111111		17		0.0529472		49999
6	11111111111		16		0.0390465		49999
6	11111111111		15		0.0280241		50000
6	11111111111		14		0.0195979		50000
6	11111111111		13		0.0132937		50000
6	11111111111		12		0.00871086		50000
6	11111111111		11		0.00549799		50000
6	11111111111		10		0.00330472		50007
6	11111111111		9		0.0018903		50007
6	11111111111		8		0.00102943		50044
6	11111111111		7		0.000527263		50138
6	11111111111		6		0.000239372		50467
6	11111111111		5		0.000101089		52170
6	11111111111		4		3.43323e-05		59017
6	11111111111		3		8.58307e-06		84237
6	11111111111		2		1.90735e-06		187603
6	11111111111		1		9.53674e-07		602174
7	11111111111		19		0.184764		49998
7	11111111111		18		0.151713		49999
7	11111111111		17		0.122475		49999
7	11111111111		16		0.0969793		49999
7	11111111111		15		0.0752711		50000
7	11111111111		14		0.0571908		50000
7	11111111111		13		0.0424304		50000
7	11111111111		12		0.0306262		50000
7	11111111111		11		0.0214615		50000
7	11111111111		10		0.0145398		50007
7	11111111111		9		0.00947726		50007
7	11111111111		8		0.00592756		50044
7	11111111111		7		0.00353473		50138
7	11111111111		6		0.00197881		50467
7	11111111111		5		0.00103992		52170
7	11111111111		4		0.000478625		59017
7	11111111111		3		0.000202179		84237
7	11111111111		2		6.48499e-05		187603
7	11111111111		1		1.71661e-05		602174
8	11111111111		16		0.178868		49999
8	11111111111		15		0.146072		50000
8	11111111111		14		0.117112		50000
8	11111111111		13		0.0920563		50000
8	11111111111		12		0.070704		50000
8	11111111111		11		0.0529616		50000
8	11111111111		10		0.0385717		50007
8	11111111111		9		0.0272043		50007
8	11111111111		8		0.0185212		50044
8	11111111111		7		0.0121074		50138
8	11111111111		6		0.00752747		50467
8	11111111111		5		0.00438297		52170
8	11111111111		4		0.00237566		59017
8	11111111111		3		0.00113899		84237
8	11111111111		2		0.000457644		187603
8	11111111111		1		0.000144005		602174
0	11111101110101		57		0		24568
1	11111101110101		47		0		44359
2	11111101110101		40		0.170106		48081
2	11111101110101		39		0.142169		48336
2	11111101110101		38		0.108588		48661
2	11111101110101		37		0.0798601		48901
2	11111101110101		36		0		49472
3	11111101110101		34		0.154801		49665
3	11111101110101		33		0.117916		49727
3	11111101110101		32		0.0839483		49799
3	11111101110101		31		0.0585455		49834
3	11111101110101		30		0.0395856		49866
3	11111101110101		29		0.0264333		49901
3	11111101110101		28		0.0178702		49922
3	11111101110101		27		0.00965929		49945
3	11111101110101		26		0.00424695		49964
3	11111101110101		25		0		49978
4	11111101110101		30		0.193895		49866
4	11111101110101		29		0.153827		49901
4	11111101110101		28		0.119267		49922
4	11111101110101		27		0.0908952		49945
4	11111101110101		26		0.0669036		49964
4	11111101110101		25		0.0472464		49978
4	11111101110101		24		0.0316861		49983
4	11111101110101		23		0.0206792		49987
4	11111101110101		22		0.0127379		49993
4	11111101110101		21		0.00710195		49995
4	11111101110101		20		0.00368869		49997
4	11111101110101		19		0.00172848		49999
4	11111101110101		18		0.000707388		50000
4	11111101110101		17		0.000225067		50000
4	11111101110101		16		3.62396e-05		50000
4	11111101110101		15		1.90735e-06		50000
4	11111101110101		14		0		50000
5	11111101110101		25		0.163661		49978
5	11111101110101		24		0.129445		49983
5	11111101110101		23		0.0998558		49987
5	11111101110101		22		0.0748054		49993
5	11111101110101		21		0.0541197		49995
5	11111101110101		20		0.0375924		49997
5	11111101110101		19		0.0250626		49999
5	11111101110101		18		0.0159518		50000
5	11111101110101		17		0.00955236		50000
5	11111101110101		16		0.00532728		50000
5	11111101110101		15		0.00271428		50000
5	11111101110101		14		0.00123566		50000
5	11111101110101		13		0.000454307		50000
5	11111101110101		12		0.000126362		50000
5	11111101110101		11		1.23978e-05		50000
5	11111101110101		10		0		50000
6	11111101110101		22		0.188097		49993
6	11111101110101		21		0.151188		49995
6	11111101110101		20		0.118586		49997
6	11111101110101		19		0.0904833		49999
6	11111101110101		18		0.0669539		50000
6	11111101110101		17		0.0478196		50000
6	11111101110101		16		0.0327982		50000
6	11111101110101		15		0.0214391		50000
6	11111101110101		14		0.0131714		50000
6	11111101110101		13		0.00757104		50000
6	11111101110101		12		0.00390816		50000
6	11111101110101		11		0.00175607		50000
6	11111101110101		10		0.000668287		50000
6	11111101110101		9		0.000188828		50000
6	11111101110101		8		3.33786e-05		50006
6	11111101110101		7		2.86102e-06		50021
6	11111101110101		6		0		50030
7	11111101110101		19		0.193878		49999
7	11111101110101		18		0.156013		50000
7	11111101110101		17		0.122367		50000
7	11111101110101		16		0.0932348		50000
7	11111101110101		15		0.0687629		50000
7	11111101110101		14		0.0487653		50000
7	11111101110101		13		0.0329928		50000
7	11111101110101		12		0.0210928		50000
7	11111101110101		11		0.0124832		50000
7	11111101110101		10		0.00666672		50000
7	11111101110101		9		0.00305569		50000
7	11111101110101		8		0.00113231		50006
7	11111101110101		7		0.000322282		50021
7	11111101110101		6		5.72205e-05		50030
7	11111101110101		5		2.86102e-06		50081
7	11111101110101		4		0		50296
8	11111101110101		16		0.183295		50000
8	11111101110101		15		0.14554		50000
8	11111101110101		14		0.112303		50000
8	11111101110101		13		0.0837353		50000
8	11111101110101		12		0.0599542		50000
8	11111101110101		11		0.0407971		50000
8	11111101110101		10		0.0259697		50000
8	11111101110101		9		0.0150462		50000
8	11111101110101		8		0.00762689		50006
8	11111101110101		7		0.00322014		50021
8	11111101110101		6		0.00107324		50030
8	11111101110101		5		0.000254571		50081
8	11111101110101		4		4.3869e-05		50296
8	11111101110101		3		2.86102e-06		51421
8	11111101110101		2		0		62948
0	11111110001111		57		0		24568
1	11111110001111		47		0		44330
2	11111110001111		40		0.147021		48181
2	11111110001111		39		0.122114		48456
2	11111110001111		38		0.0995381		48678
2	11111110001111		37		0.0798601		48882
2	11111110001111		36		0		49459
3	11111110001111		34		0.164792		49631
3	11111110001111		33		0.123746		49709
3	11111110001111		32		0.0798059		49788
3	11111110001111		31		0.0621738		49830
3	11111110001111		30		0.0442669		49857
3	11111110001111		29		0.0173044		49912
3	11111110001111		28		0.0117571		49934
3	11111110001111		27		0.00745106		49953
3	11111110001111		26		0.00424695		49963
3	11111110001111		25		0		49978
4	11111110001111		29		0.162034		49912
4	11111110001111		28		0.123524		49934
4	11111110001111		27		0.0925432		49953
4	11111110001111		26		0.0671154		49963
4	11111110001111		25		0.0442041		49978
4	11111110001111		24		0.0306373		49984
4	11111110001111		23		0.0196083		49987
4	11111110001111		22		0.0104993		49993
4	11111110001111		21		0.00575787		49996
4	11111110001111		20		0.00318593		49997
4	11111110001111		19		0.00136328		49999
4	11111110001111		18		0.000196457		49999
4	11111110001111		17		6.96182e-05		50000
4	11111110001111		16		1.4782e-05		50000
4	11111110001111		15		1.90735e-06		50000
4	11111110001111		14		0		50000
5	11111110001111		25		0.170987		49978
5	11111110001111		24		0.133198		49984
5	11111110001111		23		0.101763		49987
5	11111110001111		22		0.0755268		49993
5	11111110001111		21		0.0538048		49996
5	11111110001111		20		0.0369492		49997
5	11111110001111		19		0.0241026		49999
5	11111110001111		18		0.0145534		49999
5	11111110001111		17		0.00842863		50000
5	11111110001111		16		0.00447369		50000
5	11111110001111		15		0.00202733		50000
5	11111110001111		14		0.000862718		50000
5	11111110001111		13		0.000321329		50000
5	11111110001111		12		7.48634e-05		50000
5	11111110001111		11		6.19888e-06		50000
5	11111110001111		10		4.76837e-07		50000
5	11111110001111		9		0		50000
6	11111110001111		22		0.195011		49993
6	11111110001111		21		0.156163		49996
6	11111110001111		20		0.121858		49997
6	11111110001111		19		0.0924		49999
6	11111110001111		18		0.067581		49999
6	11111110001111		17		0.0473618		50000
6	11111110001111		16		0.0318522		50000
6	11111110001111		15		0.0202364		50000
6	11111110001111		14		0.011966		50000
6	11111110001111		13		0.00659192		50000
6	11111110001111		12		0.00326765		50000
6	11111110001111		11		0.00145423		50000
6	11111110001111		10		0.000605404		50000
6	11111110001111		9		0.00020504		50000
6	11111110001111		8		6.48499e-05		50000
6	11111110001111		7		1.90735e-05		50007
6	11111110001111		6		4.76837e-06		50007
6	11111110001111		5		9.53674e-07		50048
6	11111110001111		4		0		50147
7	11111110001111		18		0.160788		49999
7	11111110001111		17		0.12523		50000
7	11111110001111		16		0.0945621		50000
7	11111110001111		15		0.0689095		50000
7	11111110001111		14		0.0479984		50000
7	11111110001111		13		0.0317193		50000
7	11111110001111		12		0.0196719		50000
7	11111110001111		11		0.0113185		50000
7	11111110001111		10		0.00590199		50000
7	11111110001111		9		0.00281507		50000
7	11111110001111		8		0.00120759		50000
7	11111110001111		7		0.000448108		50007
7	11111110001111		6		0.000144005		50007
7	11111110001111		5		4.00543e-05		50048
7	11111110001111		4		4.76837e-06		50147
7	11111110001111		3		9.53674e-07		52548
7	11111110001111		2		0		90126
8	11111110001111		16		0.188364		50000
8	11111110001111		15		0.148745		50000
8	11111110001111		14		0.113761		50000
8	11111110001111		13		0.0837258		50000
8	11111110001111		12		0.0587764		50000
8	11111110001111		11		0.0390263		50000
8	11111110001111		10		0.0241845		50000
8	11111110001111		9		0.0138008		50000
8	11111110001111		8		0.00723875		50000
8	11111110001111		7		0.00339597		50007
8	11111110001111		6		0.00139141		50007
8	11111110001111		5		0.000527263		50048
8	11111110001111		4		0.000144958		50147
8	11111110001111		3		4.1008e-05		52548
8	11111110001111		2		9.53674e-06		90126
8	11111110001111		1		9.53674e-07		697935
0	111111111111		59		0		24568
1	111111111111		48		0		43981
2	111111111111		39		0.182532		48020
2	111111111111		38		0.152413		48305
2	111111111111		37		0.125123		48558
2	111111111111		36		0		49374
3	111111111111		33		0.170262		49640
3	111111111111		32		0.134412		49714
3	111111111111		31		0.104884		49766
3	111111111111		30		0.0801498		49805
3	111111111111		29		0.0597278		49836
3	111111111111		28		0.0437833		49870
3	111111111111		27		0.0314381		49898
3	111111111111		26		0.0217722		49919
3	111111111111		25		0.0140846		49945
3	111111111111		24		0		49974
4	111111111111		28		0.184515		49870
4	111111111111		27		0.151591		49898
4	111111111111		26		0.123105		49919
4	111111111111		25		0.0981764		49945
4	111111111111		24		0.0766556		49974
4	111111111111		23		0.0558614		49978
4	111111111111		22		0.0403666		49986
4	111111111111		21		0.0287427		49990
4	111111111111		20		0.0200425		49993
4	111111111111		19		0.0136009		49993
4	111111111111		18		0.00884932		49994
4	111111111111		17		0.00545347		49997
4	111111111111		16		0.00318968		49998
4	111111111111		15		0.0017404		49999
4	111111111111		14		0.000835538		50000
4	111111111111		13		0.000313699		50000
4	111111111111		12		0		50000
5	111111111111		23		0.167739		49978
5	111111111111		22		0.137725		49986
5	111111111111		21		0.111059		49990
5	111111111111		20		0.0878761		49993
5	111111111111		19		0.068221		49993
5	111111111111		18		0.0516675		49994
5	111111111111		17		0.0380489		49997
5	111111111111		16		0.0274246		49998
5	111111111111		15		0.0193609		49999
5	111111111111		14		0.0132636		50000
5	111111111111		13		0.00876707		50000
5	111111111111		12		0.00555682		50000
5	111111111111		11		0.00336128		50000
5	111111111111		10		0.00195074		50000
5	111111111111		9		0.00108993		50007
5	111111111111		8		0.000565827		50007
5	111111111111		7		0.000279367		50044
5	111111111111		6		0.000123501		50138
5	111111111111		5		4.57764e-05		50457
5	111111111111		4		1.57356e-05		52169
5	111111111111		3		3.8147e-06		59012
5	111111111111		2		1.43051e-06		84207
5	111111111111		1		0		187547
6	111111111111		20		0.192858		49993
6	111111111111		19		0.160675		49993
6	111111111111		18		0.131404		49994
6	111111111111		17		0.105223		49997
6	111111111111		16		0.0827999		49998
6	111111111111		15		0.0640494		49999
6	111111111111		14		0.0485467		50000
6	111111111111		13		0.0359063		50000
6	111111111111		12		0.0258916		50000
6	111111111111		11		0.0181448		50000
6	111111111111		10		0.0123081		50000
6	111111111111		9		0.00804508		50007
6	111111111111		8		0.00502276		50007
6	111111111111		7		0.00298911		50044
6	111111111111		6		0.00168562		50138
6	111111111111		5		0.00086844		50457
6	111111111111		4		0.000406206		52169
6	111111111111		3		0.000164986		59012
6	111111111111		2		5.72205e-05		84207
6	111111111111		1		1.62125e-05		187547
7	111111111111		17		0.199096		49997
7	111111111111		16		0.165482		49998
7	111111111111		15		0.135459		49999
7	111111111111		14		0.108994		50000
7	111111111111		13		0.0859722		50000
7	111111111111		12		0.0664181		50000
7	111111111111		11		0.050126		50000
7	111111111111		10		0.0368776		50000
7	111111111111		9		0.0263309		50007
7	111111111111		8		0.0181645		50007
7	111111111111		7		0.012033		50044
7	111111111111		6		0.00760984		50138
7	111111111111		5		0.00453395		50457
7	111111111111		4		0.00250787		52169
7	111111111111		3		0.00124472		59012
7	111111111111		2		0.000519633		84207
7	111111111111		1		0.000151634		187547
8	111111111111		14		0.190003		50000
8	111111111111		13		0.156739		50000
8	111111111111		12		0.126935		50000
8	111111111111		11		0.100771		50000
8	111111111111		10		0.078226		50000
8	111111111111		9		0.0591919		50007
8	111111111111		8		0.0434746		50007
8	111111111111		7		0.0308768		50044
8	111111111111		6		0.0210218		50138
8	111111111111		5		0.0136343		50457
8	111111111111		4		0.0082891		52169
8	111111111111		3		0.00457954		59012
8	111111111111		2		0.00222248		84207
8	111111111111		1		0.000829339		187547
0	1110100111010011101		52		0		24568
1	1110100111010011101		41		0		45207
2	1110100111010011101		36		0.199881		47798
2	1110100111010011101		35		0.159681		48156
2	1110100111010011101		34		0.123476		48475
2	1110100111010011101		33		0.0712407		48882
2	1110100111010011101		32		0.0502571		49120
2	1110100111010011101		31		0.0316653		49343
2	1110100111010011101		30		0.019251		49492
2	1110100111010011101		29		0		49673
3	1110100111010011101		30		0.186953		49492
3	1110100111010011101		29		0.143054		49673
3	1110100111010011101		28		0.10585		49747
3	1110100111010011101		27		0.0752898		49798
3	1110100111010011101		26		0.051693		49841
3	1110100111010011101		25		0.0328609		49872
3	1110100111010011101		24		0.0207742		49903
3	1110100111010011101		23		0.0105627		49937
3	1110100111010011101		22		0.00448507		49960
3	1110100111010011101		21		0.00113565		49976
3	1110100111010011101		20		0.000160456		49983
3	1110100111010011101		19		0		49987
4	1110100111010011101		25		0.170628		49872
4	1110100111010011101		24		0.131977		49903
4	1110100111010011101		23		0.0988564		49937
4	1110100111010011101		22		0.0710306		49960
4	1110100111010011101		21		0.0487354		49976
4	1110100111010011101		20		0.0313886		49983
4	1110100111010011101		19		0.0186574		49987
4	1110100111010011101		18		0.0100647		49991
4	1110100111010011101		17		0.0049032		49993
4	1110100111010011101		16		0.00183272		49996
4	1110100111010011101		15		0.000465274		49998
4	1110100111010011101		14		7.00951e-05		50000
4	1110100111010011101		13		2.38419e-06		50000
4	1110100111010011101		12		0		50000
5	1110100111010011101		21		0.168062		49976
5	1110100111010011101		20		0.129889		49983
5	1110100111010011101		19		0.096745		49987
5	1110100111010011101		18		0.0689112		49991
5	1110100111010011101		17		0.0466988		49993
5	1110100111010011101		16		0.029483		49996
5	1110100111010011101		15		0.0171865		49998
5	1110100111010011101		14		0.00899678		50000
5	1110100111010011101		13		0.00416553		50000
5	1110100111010011101		12		0.00165564		50000
5	1110100111010011101		11		0.000505805		50000
5	1110100111010011101		10		0.000105381		50000
5	1110100111010011101		9		1.28746e-05		50000
5	1110100111010011101		8		0		50000
6	1110100111010011101		18		0.181467		49991
6	1110100111010011101		17		0.140652		49993
6	1110100111010011101		16		0.104773		49996
6	1110100111010011101		15		0.0744568		49998
6	1110100111010011101		14		0.0498406		50000
6	1110100111010011101		13		0.031166		50000
6	1110100111010011101		12		0.0178733		50000
6	1110100111010011101		11		0.00925523		50000
6	1110100111010011101		10		0.00423199		50000
6	1110100111010011101		9		0.00162184		50000
6	1110100111010011101		8		0.00050056		50000
6	1110100111010011101		7		0.000102043		50000
6	1110100111010011101		6		1.04904e-05		50000
6	1110100111010011101		5		0		50000
7	1110100111010011101		15		0.172277		49998
7	1110100111010011101		14		0.130412		50000
7	1110100111010011101		13		0.0941389		50000
7	1110100111010011101		12		0.0640736		50000
7	1110100111010011101		11		0.0407038		50000
7	1110100111010011101		10		0.0237247		50000
7	1110100111010011101		9		0.0124192		50000
7	1110100111010011101		8		0.00576925		50000
7	1110100111010011101		7		0.00221294		50000
7	1110100111010011101		6		0.000669241		50000
7	1110100111010011101		5		0.000153542		50000
7	1110100111010011101		4		1.52588e-05		50000
7	1110100111010011101		3		1.90735e-06		50018
7	1110100111010011101		2		0		50568
8	1110100111010011101		13		0.191795		50000
8	1110100111010011101		12		0.144702		50000
8	1110100111010011101		11		0.103723		50000
8	1110100111010011101		10		0.0696453		50000
8	1110100111010011101		9		0.0432921		50000
8	1110100111010011101		8		0.0244311		50000
8	1110100111010011101		7		0.012163		50000
8	1110100111010011101		6		0.00520301		50000
8	1110100111010011101		5		0.00176084		50000
8	1110100111010011101		4		0.000450015		50000
8	1110100111010011101		3		6.38962e-05		50018
8	1110100111010011101		2		1.33514e-05		50568
8	1110100111010011101		1		0		207374
0	111111111000111		56		0		24568
1	111111111000111		45		0		44603
2	111111111000111		38		0.173275		48067
2	111111111000111		37		0.145893		48312
2	111111111000111		36		0.0979261		48709
2	111111111000111		35		0.0791236		48897
2	111111111000111		34		0.0631285		49090
2	111111111000111		33		0		49564
3	111111111000111		32		0.176524		49634
3	111111111000111		31		0.136502		49701
3	111111111000111		30		0.0928473		49771
3	111111111000111		29		0.0704321		49816
3	111111111000111		28		0.0546804		49843
3	111111111000111		27		0.0324446		49883
3	111111111000111		26		0.023075		49905
3	111111111000111		25		0.0156977		49929
3	111111111000111		24		0.00643939		49955
3	111111111000111		23		0.0038169		49967
3	111111111000111		22		0.0019688		49973
3	111111111000111		21		0		49982
4	111111111000111		27		0.171536		49883
4	111111111000111		26		0.135769		49905
4	111111111000111		25		0.10624		49929
4	111111111000111		24		0.0789101		49955
4	111111111000111		23		0.0582148		49967
4	111111111000111		22		0.0417512		49973
4	111111111000111		21		0.0276635		49982
4	111111111000111		20		0.0183658		49989
4	111111111000111		19		0.0116702		49994
4	111111111000111		18		0.00620103		49997
4	111111111000111		17		0.00336033		49998
4	111111111000111		16		0.00160563		49999
4	111111111000111		15		0.000440001		49999
4	111111111000111		14		0.000137806		50000
4	111111111000111		13		1.71661e-05		50000
4	111111111000111		12		0		50000
5	111111111000111		23		0.180108		49967
5	111111111000111		22		0.145047		49973
5	111111111000111		21		0.114459		49982
5	111111111000111		20		0.0876156		49989
5	111111111000111		19		0.0655162		49994
5	111111111000111		18		0.0472205		49997
5	111111111000111		17		0.0325947		49998
5	111111111000111		16		0.0215712		49999
5	111111111000111		15		0.0132589		49999
5	111111111000111		14		0.00768173		50000
5	111111111000111		13		0.00411093		50000
5	111111111000111		12		0.00192505		50000
5	111111111000111		11		0.000794113		50000
5	111111111000111		10		0.000232697		50000
5	111111111000111		9		3.71933e-05		50000
5	111111111000111		8		2.86102e-06		50000
5	111111111000111		7		0		50000
6	111111111000111		19		0.16602		49994
6	111111111000111		18		0.132616		49997
6	111111111000111		17		0.103161		49998
6	111111111000111		16		0.0778849		49999
6	111111111000111		15		0.0568238		49999
6	111111111000111		14		0.0396777		50000
6	111111111000111		13		0.026382		50000
6	111111111000111		12		0.0164448		50000
6	111111111000111		11		0.00941676		50000
6	111111111000111		10		0.00489086		50000
6	111111111000111		9		0.00218534		50000
6	111111111000111		8		0.000876069		50000
6	111111111000111		7		0.000284135		50000
6	111111111000111		6		7.05719e-05		50007
6	111111111000111		5		1.23978e-05		50018
6	111111111000111		4		1.90735e-06		50049
6	111111111000111		3		0		50598
7	111111111000111		16		0.168877		49999
7	111111111000111		15		0.134117		49999
7	111111111000111		14		0.103398		50000
7	111111111000111		13		0.0770024		50000
7	111111111000111		12		0.0549492		50000
7	111111111000111		11		0.0372211		50000
7	111111111000111		10		0.023559		50000
7	111111111000111		9		0.0135393		50000
7	111111111000111		8		0.00708538		50000
7	111111111000111		7		0.00319636		50000
7	111111111000111		6		0.00120091		50007
7	111111111000111		5		0.000419557		50018
7	111111111000111		4		0.000116348		50049
7	111111111000111		3		1.81198e-05		50598
7	111111111000111		2		5.72205e-06		59933
7	111111111000111		1		0		210832
8	111111111000111		14		0.19333		50000
8	111111111000111		13		0.15447		50000
8	111111111000111		12		0.119633		50000
8	111111111000111		11		0.0892091		50000
8	111111111000111		10		0.0634289		50000
8	111111111000111		9		0.0420148		50000
8	111111111000111		8		0.0257913		50000
8	111111111000111		7		0.0142305		50000
8	111111111000111		6		0.00678611		50007
8	111111111000111		5		0.00295961		50018
8	111111111000111		4		0.00104851		50049
8	111111111000111		3		0.000266969		50598
8	111111111000111		2		6.10352e-05		59933
8	111111111000111		1		8.58307e-06		210832
0	1111111111111		58		0		24568
1	1111111111111		46		0		44216
2	1111111111111		37		0.178997		48057
2	1111111111111		36		0.150159		48336
2	1111111111111		35		0.124053		48577
2	1111111111111		34		0.100417		48791
2	1111111111111		33		0		49465
3	1111111111111		31		0.185862		49621
3	1111111111111		30		0.148285		49689
3	1111111111111		29		0.117147		49746
3	1111111111111		28		0.0909191		49790
3	1111111111111		27		0.0691205		49822
3	1111111111111		26		0.0520011		49859
3	1111111111111		25		0.0386498		49887
3	1111111111111		24		0.0281036		49905
3	1111111111111		23		0.019791		49930
3	1111111111111		22		0.0132055		49948
3	1111111111111		21		0.0080744		49965
3	1111111111111		20		0		49979
4	1111111111111		26		0.195075		49859
4	1111111111111		25		0.162163		49887
4	1111111111111		24		0.133445		49905
4	1111111111111		23		0.108427		49930
4	1111111111111		22		0.0866666		49948
4	1111111111111		21		0.0680077		49965
4	1111111111111		20		0.0523536		49979
4	1111111111111		19		0.037992		49988
4	1111111111111		18		0.0272067		49991
4	1111111111111		17		0.0191215		49993
4	1111111111111		16		0.013114		49993
4	1111111111111		15		0.00865132		49995
4	1111111111111		14		0.00545299		49997
4	1111111111111		13		0.00329858		49998
4	1111111111111		12		0.00189793		50000
4	1111111111111		11		0.0010137		50000
4	1111111111111		10		0.000483394		50000
4	1111111111111		9		0.000194073		50000
4	1111111111111		8		5.38826e-05		50007
4	1111111111111		7		0		50007
5	1111111111111		21		0.177185		49965
5	1111111111111		20		0.147956		49979
5	1111111111111		19		0.121953		49988
5	1111111111111		18		0.0986286		49991
5	1111111111111		17		0.0782709		49993
5	1111111111111		16		0.0608857		49993
5	1111111111111		15		0.0461504		49995
5	1111111111111		14		0.0340044		49997
5	1111111111111		13		0.0245111		49998
5	1111111111111		12		0.0172952		50000
5	1111111111111		11		0.0118327		50000
5	1111111111111		10		0.00782371		50000
5	1111111111111		9		0.00496107		50000
5	1111111111111		8		0.00301147		50007
5	1111111111111		7		0.00172228		50007
5	1111111111111		6		0.000928938		50044
5	1111111111111		5		0.000460505		50138
5	1111111111111		4		0.00020647		50457
5	1111111111111		3		7.29561e-05		52169
5	1111111111111		2		1.95503e-05		59011
5	1111111111111		1		4.76837e-06		84206
6	1111111111111		17		0.16936		49993
6	1111111111111		16		0.140765		49993
6	1111111111111		15		0.114721		49995
6	1111111111111		14		0.0914231		49997
6	1111111111111		13		0.071519		49998
6	1111111111111		12		0.0549231		50000
6	1111111111111		11		0.0412754		50000
6	1111111111111		10		0.0302092		50000
6	1111111111111		9		0.0214727		50000
6	1111111111111		8		0.0147512		50007
6	1111111111111		7		0.00976342		50007
6	1111111111111		6		0.00617117		50044
6	1111111111111		5		0.0036611		50138
6	1111111111111		4		0.00202072		50457
6	1111111111111		3		0.00100088		52169
6	1111111111111		2		0.000437617		59011
6	1111111111111		1		0.0001297		84206
7	1111111111111		14		0.172391		49997
7	1111111111111		13		0.142035		49998
7	1111111111111		12		0.115124		50000
7	1111111111111		11		0.0915228		50000
7	1111111111111		10		0.0711976		50000
7	1111111111111		9		0.0540809		50000
7	1111111111111		8		0.0399057		50007
7	1111111111111		7		0.0285421		50007
7	1111111111111		6		0.0196251		50044
7	1111111111111		5		0.0128627		50138
7	1111111111111		4		0.00793248		50457
7	1111111111111		3		0.00448078		52169
7	1111111111111		2		0.00223005		59011
7	1111111111111		1		0.000885546		84206
8	1111111111111		12		0.193152		50000
8	1111111111111		11		0.159933		50000
8	1111111111111		10		0.129907		50000
8	1111111111111		9		0.103261		50000
8	1111111111111		8		0.0801474		50007
8	1111111111111		7		0.0604516		50007
8	1111111111111		6		0.0440637		50044
8	1111111111111		5		0.0308046		50138
8	1111111111111		4		0.0204391		50457
8	1111111111111		3		0.0126066		52169
8	1111111111111		2		0.00697076		59011
8	1111111111111		1		0.00317162		84206
0	110101111001100010111		50		0		24568
1	110101111001100010111		38		0		45585
2	110101111001100010111		33		0.180152		47954
2	110101111001100010111		32		0.135176		48344
2	110101111001100010111		31		0.0998429		48655
2	110101111001100010111		30		0.0681808		48957
2	110101111001100010111		29		0.0466111		49206
2	110101111001100010111		28		0.0274197		49398
2	110101111001100010111		27		0.011611		49572
2	110101111001100010111		26		0.00696534		49662
2	110101111001100010111		25		0		49760
3	110101111001100010111		27		0.168562		49572
3	110101111001100010111		26		0.126543		49662
3	110101111001100010111		25		0.0919498		49760
3	110101111001100010111		24		0.0639258		49818
3	110101111001100010111		23		0.0422341		49862
3	110101111001100010111		22		0.0272101		49892
3	110101111001100010111		21		0.0157082		49914
3	110101111001100010111		20		0.00797862		49945
3	110101111001100010111		19		0.00298077		49961
3	110101111001100010111		18		0.000955105		49974
3	110101111001100010111		17		8.86917e-05		49984
3	110101111001100010111		16		8.58307e-06		49989
3	110101111001100010111		15		0		49997
4	110101111001100010111		23		0.193453		49862
4	110101111001100010111		22		0.151141		49892
4	110101111001100010111		21		0.114798		49914
4	110101111001100010111		20		0.0837877		49945
4	110101111001100010111		19		0.0574434		49961
4	110101111001100010111		18		0.0367003		49974
4	110101111001100010111		17		0.0216523		49984
4	110101111001100010111		16		0.0115971		49989
4	110101111001100010111		15		0.00544304		49997
4	110101111001100010111		14		0.00219673		49997
4	110101111001100010111		13		0.000735462		49998
4	110101111001100010111		12		0.000199318		50000
4	110101111001100010111		11		3.67165e-05		50000
4	110101111001100010111		10		1.90735e-06		50000
4	110101111001100010111		9		0		50000
5	110101111001100010111		19		0.186493		49961
5	110101111001100010111		18		0.144325		49974
5	110101111001100010111		17		0.107061		49984
5	110101111001100010111		16		0.0755185		49989
5	110101111001100010111		15		0.0498954		49997
5	110101111001100010111		14		0.0303516		49997
5	110101111001100010111		13		0.0167511		49998
5	110101111001100010111		12		0.00822908		50000
5	110101111001100010111		11		0.00361168		50000
5	110101111001100010111		10		0.00136375		50000
5	110101111001100010111		9		0.000439048		50000
5	110101111001100010111		8		0.000100136		50000
5	110101111001100010111		7		1.19209e-05		50000
5	110101111001100010111		6		9.53674e-07		50000
5	110101111001100010111		5		0		50000
6	110101111001100010111		16		0.194546		49989
6	110101111001100010111		15		0.149491		49997
6	110101111001100010111		14		0.109398		49997
6	110101111001100010111		13		0.075272		49998
6	110101111001100010111		12		0.0481246		50000
6	110101111001100010111		11		0.0281687		50000
6	110101111001100010111		10		0.0148799		50000
6	110101111001100010111		9		0.00694239		50000
6	110101111001100010111		8		0.00274944		50000
6	110101111001100010111		7		0.000927508		50000
6	110101111001100010111		6		0.000227928		50000
6	110101111001100010111		5		3.91006e-05		50000
6	110101111001100010111		4		1.90735e-06		50000
6	110101111001100010111		3		0		50000
7	110101111001100010111		13		0.174964		49998
7	110101111001100010111		12		0.128794		50000
7	110101111001100010111		11		0.089025		50000
7	110101111001100010111		10		0.0570226		50000
7	110101111001100010111		9		0.0333164		50000
7	110101111001100010111		8		0.0173936		50000
7	110101111001100010111		7		0.00784922		50000
7	110101111001100010111		6		0.00291872		50000
7	110101111001100010111		5		0.000847459		50000
7	110101111001100010111		4		0.000184059		50000
7	110101111001100010111		3		2.28882e-05		50000
7	110101111001100010111		2		9.53674e-07		50017
7	110101111001100010111		1		0		87848
8	110101111001100010111		11		0.188248		50000
8	110101111001100010111		10		0.13602		50000
8	110101111001100010111		9		0.0918276		50000
8	110101111001100010111		8		0.0566169		50000
8	110101111001100010111		7		0.0312344		50000
8	110101111001100010111		6		0.0148348		50000
8	110101111001100010111		5		0.00577587		50000
8	110101111001100010111		4		0.00166756		50000
8	110101111001100010111		3		0.000338495		50000
8	110101111001100010111		2		5.05447e-05		50017
8	110101111001100010111		1		1.90735e-06		87848
0	11111111110000111		54		0		24568
1	11111111110000111		42		0		45080
2	11111111110000111		36		0.191943		47938
2	11111111110000111		35		0.148009		48288
2	11111111110000111		34		0.124422		48507
2	11111111110000111		33		0.103739		48711
2	11111111110000111		32		0.0613276		49077
2	11111111110000111		31		0.0487123		49244
2	11111111110000111		30		0.0375997		49395
2	11111111110000111		29		0		49669
3	11111111110000111		29		0.155851		49669
3	11111111110000111		28		0.121818		49721
3	11111111110000111		27		0.092694		49781
3	11111111110000111		26		0.0648083		49819
3	11111111110000111		25		0.0467116		49860
3	11111111110000111		24		0.0355306		49882
3	11111111110000111		23		0.0252037		49908
3	11111111110000111		22		0.0132246		49937
3	11111111110000111		21		0.00856102		49950
3	11111111110000111		20		0.00501418		49963
3	11111111110000111		19		0.00120234		49976
3	11111111110000111		18		0.000526071		49983
3	11111111110000111		17		0.000153303		49991
3	11111111110000111		16		0		49994
4	11111111110000111		25		0.189827		49860
4	11111111110000111		24		0.154215		49882
4	11111111110000111		23		0.123961		49908
4	11111111110000111		22		0.0960233		49937
4	11111111110000111		21		0.0728233		49950
4	11111111110000111		20		0.053396		49963
4	11111111110000111		19		0.0365248		49976
4	11111111110000111		18		0.0248008		49983
4	11111111110000111		17		0.0161573		49991
4	11111111110000111		16		0.00993246		49994
4	11111111110000111		15		0.00558341		49996
4	11111111110000111		14		0.00296772		49999
4	11111111110000111		13		0.0012309		49999
4	11111111110000111		12		0.000253141		49999
4	11111111110000111		11		4.86374e-05		50000
4	11111111110000111		10		4.76837e-06		50000
4	11111111110000111		9		0		50000
5	11111111110000111		21		0.196976		49950
5	11111111110000111		20		0.160897		49963
5	11111111110000111		19		0.128677		49976
5	11111111110000111		18		0.0998193		49983
5	11111111110000111		17		0.0754228		49991
5	11111111110000111		16		0.0554277		49994
5	11111111110000111		15		0.0391143		49996
5	11111111110000111		14		0.0263885		49999
5	11111111110000111		13		0.0166376		49999
5	11111111110000111		12		0.00936532		49999
5	11111111110000111		11		0.00494117		50000
5	11111111110000111		10		0.0023942		50000
5	11111111110000111		9		0.00103706		50000
5	11111111110000111		8		0.00035423		50000
5	11111111110000111		7		9.67979e-05		50000
5	11111111110000111		6		1.4782e-05		50000
5	11111111110000111		5		0		50000
6	11111111110000111		17		0.177859		49991
6	11111111110000111		16		0.142973		49994
6	11111111110000111		15		0.112088		49996
6	11111111110000111		14		0.0851568		49999
6	11111111110000111		13		0.0622777		49999
6	11111111110000111		12		0.0430704		49999
6	11111111110000111		11		0.0280259		50000
6	11111111110000111		10		0.0169868		50000
6	11111111110000111		9		0.00946403		50000
6	11111111110000111		8		0.00476748		50000
6	11111111110000111		7		0.00218153		50000
6	11111111110000111		6		0.000856042		50000
6	11111111110000111		5		0.000263155		50000
6	11111111110000111		4		7.43866e-05		50021
6	11111111110000111		3		2.09808e-05		50159
6	11111111110000111		2		3.8147e-06		52335
6	11111111110000111		1		0		88226
7	11111111110000111		14		0.176045		49999
7	11111111110000111		13		0.139787		49999
7	11111111110000111		12		0.106978		49999
7	11111111110000111		11		0.0784968		50000
7	11111111110000111		10		0.0545472		50000
7	11111111110000111		9		0.0354814		50000
7	11111111110000111		8		0.0211918		50000
7	11111111110000111		7		0.0118737		50000
7	11111111110000111		6		0.00586498		50000
7	11111111110000111		5		0.00249457		50000
7	11111111110000111		4		0.000906527		50021
7	11111111110000111		3		0.000328004		50159
7	11111111110000111		2		8.4877e-05		52335
7	11111111110000111		1		9.53674e-06		88226
8	11111111110000111		12		0.19612		49999
8	11111111110000111		11		0.154946		50000
8	11111111110000111		10		0.117573		50000
8	11111111110000111		9		0.0847624		50000
8	11111111110000111		8		0.0566754		50000
8	11111111110000111		7		0.0359954		50000
8	11111111110000111		6		0.0207296		50000
8	11111111110000111		5		0.0104215		50000
8	11111111110000111		4		0.0044713		50021
8	11111111110000111		3		0.00185889		50159
8	11111111110000111		2		0.000595868		52335
8	11111111110000111		1		9.63211e-05		88226
0	11111111111111		57		0		24568
1	11111111111111		44		0		44427
2	11111111111111		35		0.174561		48105
2	11111111111111		34		0.147021		48371
2	11111111111111		33		0.122114		48612
2	11111111111111		32		0.0995381		48817
2	11111111111111		31		0.0798601		48990
2	11111111111111		30		0		49525
3	11111111111111		29		0.198669		49604
3	11111111111111		28		0.159814		49672
3	11111111111111		27		0.127318		49725
3	11111111111111		26		0.0997051		49779
3	11111111111111		25		0.0766978		49816
3	11111111111111		24		0.0586738		49851
3	11111111111111		23		0.0445558		49880
3	11111111111111		22		0.0333		49895
3	11111111111111		21		0.0243432		49918
3	11111111111111		20		0.0173044		49936
3	11111111111111		19		0.0117571		49954
3	11111111111111		18		0.00745106		49968
3	11111111111111		17		0.00424695		49976
3	11111111111111		16		0		49988
4	11111111111111		23		0.168806		49880
4	11111111111111		22		0.140242		49895
4	11111111111111		21		0.115141		49918
4	11111111111111		20		0.093403		49936
4	11111111111111		19		0.0746404		49954
4	11111111111111		18		0.0586049		49968
4	11111111111111		17		0.045112		49976
4	11111111111111		16		0.0339965		49988
4	11111111111111		15		0.0243176		49993
4	11111111111111		14		0.0170604		49993
4	11111111111111		13		0.0116569		49995
4	11111111111111		12		0.00765526		49997
4	11111111111111		11		0.00482011		49998
4	11111111111111		10		0.00292015		49999
4	11111111111111		9		0.0016942		50000
4	11111111111111		8		0.000912726		50000
4	11111111111111		7		0.000453353		50007
4	11111111111111		6		0.000196457		50007
4	11111111111111		5		6.96182e-05		50044
4	11111111111111		4		1.4782e-05		50138
4	11111111111111		3		1.90735e-06		50457
4	11111111111111		2		0		52169
5	11111111111111		19		0.181943		49954
5	11111111111111		18		0.153128		49968
5	11111111111111		17		0.127214		49976
5	11111111111111		16		0.104292		49988
5	11111111111111		15		0.0842678		49993
5	11111111111111		14		0.0666989		49993
5	11111111111111		13		0.0515535		49995
5	11111111111111		12		0.0387335		49997
5	11111111111111		11		0.0282387		49998
5	11111111111111		10		0.0201308		49999
5	11111111111111		9		0.0139579		50000
5	11111111111111		8		0.00934827		50000
5	11111111111111		7		0.00601149		50007
5	11111111111111		6		0.00367486		50007
5	11111111111111		5		0.00210685		50044
5	11111111111111		4		0.00112277		50138
5	11111111111111		3		0.00052917		50457
5	11111111111111		2		0.000212193		52169
5	11111111111111		1		6.19888e-05		59011
6	11111111111111		15		0.172037		49993
6	11111111111111		14		0.144123		49993
6	11111111111111		13		0.118684		49995
6	11111111111111		12		0.0955908		49997
6	11111111111111		11		0.0752314		49998
6	11111111111111		10		0.0579925		49999
6	11111111111111		9		0.0437281		50000
6	11111111111111		8		0.0321052		50000
6	11111111111111		7		0.0227904		50007
6	11111111111111		6		0.0155683		50007
6	11111111111111		5		0.0101789		50044
6	11111111111111		4		0.00626123		50138
6	11111111111111		3		0.00354421		50457
6	11111111111111		2		0.00177985		52169
6	11111111111111		1		0.000718832		59011
7	11111111111111		12		0.172951		49997
7	11111111111111		11		0.142822		49998
7	11111111111111		10		0.115832		49999
7	11111111111111		9		0.0920926		50000
7	11111111111111		8		0.0715243		50000
7	11111111111111		7		0.0540205		50007
7	11111111111111		6		0.0394872		50007
7	11111111111111		5		0.0277348		50044
7	11111111111111		4		0.018524		50138
7	11111111111111		3		0.0115495		50457
7	11111111111111		2		0.00648201		52169
7	11111111111111		1		0.00306517		59011
8	11111111111111		10		0.189349		49999
8	11111111111111		9		0.156422		50000
8	11111111111111		8		0.126543		50000
8	11111111111111		7		0.0998828		50007
8	11111111111111		6		0.0766045		50007
8	11111111111111		5		0.0567573		50044
8	11111111111111		4		0.0401657		50138
8	11111111111111		3		0.0267997		50457
8	11111111111111		2		0.0163726		52169
8	11111111111111		1		0.00860876		59011
0	1111011010001110011011		49		0		24568
1	1111011010001110011011		36		0		45846
2	1111011010001110011011		31		0.17489		48021
2	1111011010001110011011		30		0.141161		48357
2	1111011010001110011011		29		0.09369		48736
2	1111011010001110011011		28		0.0620564		49005
2	1111011010001110011011		27		0.0462175		49194
2	1111011010001110011011		26		0.0259685		49407
2	1111011010001110011011		25		0.012925		49556
2	1111011010001110011011		24		0.00655186		49670
2	1111011010001110011011		23		0.00347602		49741
2	1111011010001110011011		22		0		49815
3	1111011010001110011011		25		0.164754		49556
3	1111011010001110011011		24		0.126511		49670
3	1111011010001110011011		23		0.0937067		49741
3	1111011010001110011011		22		0.0662511		49815
3	1111011010001110011011		21		0.0430152		49860
3	1111011010001110011011		20		0.0260971		49895
3	1111011010001110011011		19		0.0146683		49922
3	1111011010001110011011		18		0.00759327		49942
3	1111011010001110011011		17		0.00382715		49956
3	1111011010001110011011		16		0.00137401		49966
3	1111011010001110011011		15		0.000294387		49978
3	1111011010001110011011		14		0		49987
4	1111011010001110011011		21		0.191		49860
4	1111011010001110011011		20		0.149693		49895
4	1111011010001110011011		19		0.112364		49922
4	1111011010001110011011		18		0.0805566		49942
4	1111011010001110011011		17		0.055252		49956
4	1111011010001110011011		16		0.0357513		49966
4	1111011010001110011011		15		0.0207744		49978
4	1111011010001110011011		14		0.0104983		49987
4	1111011010001110011011		13		0.00475752		49993
4	1111011010001110011011		12		0.00196975		49996
4	1111011010001110011011		11		0.000720739		49999
4	1111011010001110011011		10		0.000211716		49999
4	1111011010001110011011		9		4.29153e-05		50000
4	1111011010001110011011		8		3.8147e-06		50000
4	1111011010001110011011		7		4.76837e-07		50000
4	1111011010001110011011		6		0		50000
5	1111011010001110011011		17		0.179038		49956
5	1111011010001110011011		16		0.137491		49966
5	1111011010001110011011		15		0.101322		49978
5	1111011010001110011011		14		0.0701823		49987
5	1111011010001110011011		13		0.0448824		49993
5	1111011010001110011011		12		0.0262905		49996
5	1111011010001110011011		11		0.0139875		49999
5	1111011010001110011011		10		0.00659049		49999
5	1111011010001110011011		9		0.0027076		50000
5	1111011010001110011011		8		0.000946522		50000
5	1111011010001110011011		7		0.000263155		50000
5	1111011010001110011011		6		5.76973e-05		50000
5	1111011010001110011011		5		8.58307e-06		50000
5	1111011010001110011011		4		1.90735e-06		50000
5	1111011010001110011011		3		0		50000
6	1111011010001110011011		14		0.182121		49987
6	1111011010001110011011		13		0.137199		49993
6	1111011010001110011011		12		0.0974838		49996
6	1111011010001110011011		11		0.0646508		49999
6	1111011010001110011011		10		0.0393873		49999
6	1111011010001110011011		9		0.021733		50000
6	1111011010001110011011		8		0.0104988		50000
6	1111011010001110011011		7		0.00430036		50000
6	1111011010001110011011		6		0.0014714		50000
6	1111011010001110011011		5		0.000365198		50000
6	1111011010001110011011		4		7.62939e-05		50000
6	1111011010001110011011		3		6.67572e-06		50000
6	1111011010001110011011		2		9.53674e-07		50000
6	1111011010001110011011		1		0		59115
7	1111011010001110011011		11		0.154271		49999
7	1111011010001110011011		10		0.109271		49999
7	1111011010001110011011		9		0.0718059		50000
7	1111011010001110011011		8		0.0429599		50000
7	1111011010001110011011		7		0.0226506		50000
7	1111011010001110011011		6		0.01011		50000
7	1111011010001110011011		5		0.00368392		50000
7	1111011010001110011011		4		0.00104374		50000
7	1111011010001110011011		3		0.000234604		50000
7	1111011010001110011011		2		3.05176e-05		50000
7	1111011010001110011011		1		0		59115
8	1111011010001110011011		9		0.15821		50000
8	1111011010001110011011		8		0.108336		50000
8	1111011010001110011011		7		0.0673738		50000
8	1111011010001110011011		6		0.0369336		50000
8	1111011010001110011011		5		0.0170571		50000
8	1111011010001110011011		4		0.00622898		50000
8	1111011010001110011011		3		0.00167799		50000
8	1111011010001110011011		2		0.000303209		50000
8	1111011010001110011011		1		2.67029e-05		59115
0	11101110110001110110001		48		0		24568
1	11101110110001110110001		35		0		46203
2	11101110110001110110001		31		0.19143		47973
2	11101110110001110110001		30		0.153933		48285
2	11101110110001110110001		29		0.110915		48637
2	11101110110001110110001		28		0.0878376		48878
2	11101110110001110110001		27		0.0578637		49140
2	11101110110001110110001		26		0.045147		49302
2	11101110110001110110001		25		0.0294839		49473
2	11101110110001110110001		24		0.014829		49603
2	11101110110001110110001		23		0.00827587		49692
2	11101110110001110110001		22		0.00212824		49780
2	11101110110001110110001		21		0		49842
3	11101110110001110110001		25		0.171362		49473
3	11101110110001110110001		24		0.135325		49603
3	11101110110001110110001		23		0.104361		49692
3	11101110110001110110001		22		0.0770398		49780
3	11101110110001110110001		21		0.0545258		49842
3	11101110110001110110001		20		0.0374327		49873
3	11101110110001110110001		19		0.024031		49904
3	11101110110001110110001		18		0.0148635		49930
3	11101110110001110110001		17		0.00842202		49947
3	11101110110001110110001		16		0.00428849		49963
3	11101110110001110110001		15		0.00196648		49970
3	11101110110001110110001		14		0.000545621		49980
3	11101110110001110110001		13		0.000123739		49990
3	11101110110001110110001		12		2.7895e-05		49997
3	11101110110001110110001		11		0		49997
4	11101110110001110110001		21		0.189442		49842
4	11101110110001110110001		20		0.151485		49873
4	11101110110001110110001		19		0.11732		49904
4	11101110110001110110001		18		0.0882058		49930
4	11101110110001110110001		17		0.0639852		49947
4	11101110110001110110001		16		0.0444014		49963
4	11101110110001110110001		15		0.0293344		49970
4	11101110110001110110001		14		0.0179693		49980
4	11101110110001110110001		13		0.0101897		49990
4	11101110110001110110001		12		0.00522435		49997
4	11101110110001110110001		11		0.00242132		49997
4	11101110110001110110001		10		0.00100136		49998
4	11101110110001110110001		9		0.000364721		49999
4	11101110110001110110001		8		0.000120163		50000
4	11101110110001110110001		7		2.76566e-05		50000
4	11101110110001110110001		6		4.29153e-06		50000
4	11101110110001110110001		5		9.53674e-07		50000
4	11101110110001110110001		4		4.76837e-07		50000
4	11101110110001110110001		3		0		50000
5	11101110110001110110001		17		0.176954		49947
5	11101110110001110110001		16		0.1389		49963
5	11101110110001110110001		15		0.105397		49970
5	11101110110001110110001		14		0.0767726		49980
5	11101110110001110110001		13		0.0531992		49990
5	11101110110001110110001		12		0.0346813		49997
5	11101110110001110110001		11		0.0210989		49997
5	11101110110001110110001		10		0.0118035		49998
5	11101110110001110110001		9		0.00607449		49999
5	11101110110001110110001		8		0.00282604		50000
5	11101110110001110110001		7		0.001149		50000
5	11101110110001110110001		6		0.000394285		50000
5	11101110110001110110001		5		0.00011301		50000
5	11101110110001110110001		4		2.3365e-05		50000
5	11101110110001110110001		3		3.33786e-06		50000
5	11101110110001110110001		2		0		50005
6	11101110110001110110001		14		0.179081		49980
6	11101110110001110110001		13		0.138221		49990
6	11101110110001110110001		12		0.10221		49997
6	11101110110001110110001		11		0.0717607		49997
6	11101110110001110110001		10		0.0473309		49998
6	11101110110001110110001		9		0.0290182		49999
6	11101110110001110110001		8		0.0164016		50000
6	11101110110001110110001		7		0.00832695		50000
6	11101110110001110110001		6		0.00372666		50000
6	11101110110001110110001		5		0.00143713		50000
6	11101110110001110110001		4		0.000428081		50000
6	11101110110001110110001		3		8.4877e-05		50000
6	11101110110001110110001		2		1.04904e-05		50005
6	11101110110001110110001		1		9.53674e-07		59064
7	11101110110001110110001		11		0.154712		49997
7	11101110110001110110001		10		0.113429		49998
7	11101110110001110110001		9		0.0784388		49999
7	11101110110001110110001		8		0.0506069		50000
7	11101110110001110110001		7		0.0299956		50000
7	11101110110001110110001		6		0.0161052		50000
7	11101110110001110110001		5		0.00748301		50000
7	11101110110001110110001		4		0.00278753		50000
7	11101110110001110110001		3		0.000792205		50000
7	11101110110001110110001		2		0.000132561		50005
7	11101110110001110110001		1		1.14441e-05		59064
8	11101110110001110110001		9		0.159852		49999
8	11101110110001110110001		8		0.113572		50000
8	11101110110001110110001		7		0.0752562		50000
8	11101110110001110110001		6		0.0456832		50000
8	11101110110001110110001		5		0.0246255		50000
8	11101110110001110110001		4		0.0112686		50000
8	11101110110001110110001		3		0.00386727		50000
8	11101110110001110110001		2		0.000880778		50005
8	11101110110001110110001		1		9.15527e-05		59064
0	1111111111100000111		52		0		24568
1	1111111111100000111		39		0		45555
2	1111111111100000111		34		0.191853		47940
2	1111111111100000111		33		0.164374		48180
2	1111111111100000111		32		0.139576		48412
2	1111111111100000111		31		0.105711		48697
2	1111111111100000111		30		0.088284		48884
2	1111111111100000111		29		0.0725405		49061
2	1111111111100000111		28		0.0359306		49376
2	1111111111100000111		27		0.0272062		49488
2	1111111111100000111		26		0.019251		49586
2	1111111111100000111		25		0		49750
3	1111111111100000111		27		0.176356		49488
3	1111111111100000111		26		0.143337		49586
3	1111111111100000111		25		0.102784		49750
3	1111111111100000111		24		0.0788451		49806
3	1111111111100000111		23		0.0595236		49844
3	1111111111100000111		22		0.0423346		49865
3	1111111111100000111		21		0.0317283		49894
3	1111111111100000111		20		0.0215282		49924
3	1111111111100000111		19		0.0147082		49933
3	1111111111100000111		18		0.00926232		49948
3	1111111111100000111		17		0.00335461		49969
3	1111111111100000111		16		0.00153017		49983
3	1111111111100000111		15		0.000426412		49986
3	1111111111100000111		14		0		49993
4	1111111111100000111		22		0.165581		49865
4	1111111111100000111		21		0.134172		49894
4	1111111111100000111		20		0.10704		49924
4	1111111111100000111		19		0.0836021		49933
4	1111111111100000111		18		0.0634932		49948
4	1111111111100000111		17		0.0445221		49969
4	1111111111100000111		16		0.0302435		49983
4	1111111111100000111		15		0.0192066		49986
4	1111111111100000111		14		0.0116211		49993
4	1111111111100000111		13		0.00718194		49994
4	1111111111100000111		12		0.00409764		49997
4	1111111111100000111		11		0.00206447		49998
4	1111111111100000111		10		0.000769794		49998
4	1111111111100000111		9		0.000166416		50000
4	1111111111100000111		8		2.76566e-05		50000
4	1111111111100000111		7		2.38419e-06		50000
4	1111111111100000111		6		0		50000
5	1111111111100000111		18		0.170339		49948
5	1111111111100000111		17		0.137469		49969
5	1111111111100000111		16		0.10752		49983
5	1111111111100000111		15		0.0810028		49986
5	1111111111100000111		14		0.0588433		49993
5	1111111111100000111		13		0.0412521		49994
5	1111111111100000111		12		0.027759		49997
5	1111111111100000111		11		0.0177726		49998
5	1111111111100000111		10		0.0101585		49998
5	1111111111100000111		9		0.00534958		50000
5	1111111111100000111		8		0.00260061		50000
5	1111111111100000111		7		0.00114232		50000
5	1111111111100000111		6		0.000477195		50000
5	1111111111100000111		5		0.000163555		50000
5	1111111111100000111		4		4.95911e-05		50006
5	1111111111100000111		3		1.28746e-05		50028
5	1111111111100000111		2		1.43051e-06		50505
5	1111111111100000111		1		0		59263
6	1111111111100000111		15		0.182462		49986
6	1111111111100000111		14		0.146166		49993
6	1111111111100000111		13		0.113515		49994
6	1111111111100000111		12		0.0850591		49997
6	1111111111100000111		11		0.0612354		49998
6	1111111111100000111		10		0.0412325		49998
6	1111111111100000111		9		0.0264136		50000
6	1111111111100000111		8		0.0156406		50000
6	1111111111100000111		7		0.00840259		50000
6	1111111111100000111		6		0.00429565		50000
6	1111111111100000111		5		0.00185412		50000
6	1111111111100000111		4		0.000816941		50006
6	1111111111100000111		3		0.000297487		50028
6	1111111111100000111		2		6.19888e-05		50505
6	1111111111100000111		1		1.14441e-05		59263
7	1111111111100000111		12		0.17273		49997
7	1111111111100000111		11		0.134877		49998
7	1111111111100000111		10		0.0998579		49998
7	1111111111100000111		9		0.0713357		50000
7	1111111111100000111		8		0.0479476		50000
7	1111111111100000111		7		0.0295949		50000
7	1111111111100000111		6		0.0172184		50000
7	1111111111100000111		5		0.00864184		50000
7	1111111111100000111		4		0.00426906		50006
7	1111111111100000111		3		0.0018208		50028
7	1111111111100000111		2		0.000572026		50505
7	1111111111100000111		1		0.000163078		59263
8	1111111111100000111		10		0.184956		49998
8	1111111111100000111		9		0.142283		50000
8	1111111111100000111		8		0.10413		50000
8	1111111111100000111		7		0.0710735		50000
8	1111111111100000111		6		0.0457542		50000
8	1111111111100000111		5		0.0256473		50000
8	1111111111100000111		4		0.0142221		50006
8	1111111111100000111		3		0.00693482		50028
8	1111111111100000111		2		0.00249934		50505
8	1111111111100000111		1		0.000810266		59263
