errors	shape		t		lossrate	PM

0	1111111101		37		0		24702
1	1111111101		29		0.104307		46027
1	1111111101		28		0		47774
2	1111111101		22		0.181782		54317
2	1111111101		21		0.131272		54861
2	1111111101		20		0.0458354		55425
2	1111111101		19		0.00510007		55666
2	1111111101		18		0		55815
3	1111111101		17		0.146425		58948
3	1111111101		16		0.102946		59049
3	1111111101		15		0.0700604		59155
3	1111111101		14		0.045379		59240
3	1111111101		13		0.0271002		59301
3	1111111101		12		0.0133938		59364
3	1111111101		11		0.0044046		59423
3	1111111101		10		0.000771463		59473
3	1111111101		9		5.24521e-05		59537
3	1111111101		8		0		59665
4	1111111101		13		0.1566		62378
4	1111111101		12		0.112777		62434
4	1111111101		11		0.0767643		62504
4	1111111101		10		0.0485707		62546
4	1111111101		9		0.0284365		62614
4	1111111101		8		0.0154782		62753
4	1111111101		7		0.00776929		63262
4	1111111101		6		0.003434		65396
4	1111111101		5		0.00124854		73834
4	1111111101		4		0.000339448		106616
4	1111111101		3		6.19888e-05		241597
4	1111111101		2		7.62939e-06		794806
4	1111111101		1		0		8158167
5	1111111101		10		0.170515		65666
5	1111111101		9		0.122193		65737
5	1111111101		8		0.0826853		65883
5	1111111101		7		0.0525294		66397
5	1111111101		6		0.0310121		68652
5	1111111101		5		0.0166667		77490
5	1111111101		4		0.00777972		111904
5	1111111101		3		0.0030148		253830
5	1111111101		2		0.000837922		835118
5	1111111101		1		0.000110626		8564862
0	11111110011		36		0		24702
1	11111110011		27		0.0970958		46645
1	11111110011		26		0		48486
2	11111110011		21		0.171013		54278
2	11111110011		20		0.128305		54704
2	11111110011		19		0.0776276		55190
2	11111110011		18		0.0417727		55510
2	11111110011		17		0.0131328		55752
2	11111110011		16		0.00365233		55911
2	11111110011		15		0		56023
3	11111110011		16		0.160694		58937
3	11111110011		15		0.110117		59058
3	11111110011		14		0.0737411		59134
3	11111110011		13		0.0473638		59219
3	11111110011		12		0.0291488		59298
3	11111110011		11		0.0165328		59352
3	11111110011		10		0.00827163		59417
3	11111110011		9		0.00367182		59473
3	11111110011		8		0.00135785		59532
3	11111110011		7		0.000412881		59659
3	11111110011		6		8.84533e-05		60050
3	11111110011		5		1.16825e-05		61717
3	11111110011		4		0		68815
4	11111110011		12		0.157463		62372
4	11111110011		11		0.112468		62425
4	11111110011		10		0.0764019		62499
4	11111110011		9		0.0488102		62547
4	11111110011		8		0.0289209		62609
4	11111110011		7		0.0157364		62741
4	11111110011		6		0.00771677		63168
4	11111110011		5		0.00335842		64921
4	11111110011		4		0.00123757		72389
4	11111110011		3		0.000389993		101606
4	11111110011		2		8.7738e-05		604359
4	11111110011		1		1.57356e-05		8300252
5	11111110011		9		0.165719		65668
5	11111110011		8		0.116955		65732
5	11111110011		7		0.0775928		65873
5	11111110011		6		0.0473673		66304
5	11111110011		5		0.0262256		68141
5	11111110011		4		0.0125953		75975
5	11111110011		3		0.00521344		106711
5	11111110011		2		0.00152189		635296
5	11111110011		1		0.000402868		8715138
0	111111111		38		0		24701
1	111111111		30		0		46681
2	111111111		23		0.176372		54324
2	111111111		22		0.090227		54921
2	111111111		21		0		55482
3	111111111		18		0.142786		58935
3	111111111		17		0.0975049		59031
3	111111111		16		0.0640633		59140
3	111111111		15		0.0393968		59231
3	111111111		14		0.0208022		59296
3	111111111		13		0.0067932		59356
3	111111111		12		0		59420
4	111111111		14		0.156268		62371
4	111111111		13		0.110934		62430
4	111111111		12		0.073901		62498
4	111111111		11		0.0456427		62534
4	111111111		10		0.0264976		62595
4	111111111		9		0.0142395		62716
4	111111111		8		0.00693101		62970
4	111111111		7		0.00295722		64189
4	111111111		6		0.00102752		69404
4	111111111		5		0.000249326		88547
4	111111111		4		2.71797e-05		166454
4	111111111		3		0		483946
5	111111111		11		0.173996		65654
5	111111111		10		0.125063		65715
5	111111111		9		0.0851297		65838
5	111111111		8		0.0546252		66098
5	111111111		7		0.0328655		67386
5	111111111		6		0.0182849		72840
5	111111111		5		0.00916642		92944
5	111111111		4		0.00402832		174824
5	111111111		3		0.00149804		508310
5	111111111		2		0.000420034		1868541
5	111111111		1		7.15256e-05		7439036
0	1111111111		37		0		24701
1	1111111111		28		0		46973
2	1111111111		21		0.178322		54276
2	1111111111		20		0.130114		54753
2	1111111111		19		0.0646375		55220
2	1111111111		18		0		55641
3	1111111111		16		0.161832		58933
3	1111111111		15		0.113616		59039
3	1111111111		14		0.0779095		59138
3	1111111111		13		0.0513049		59236
3	1111111111		12		0.0318626		59305
3	1111111111		11		0.0180435		59386
3	1111111111		10		0.00844491		59440
3	1111111111		9		0.00237328		59508
3	1111111111		8		0		59620
4	1111111111		12		0.170185		62374
4	1111111111		11		0.125194		62463
4	1111111111		10		0.0881614		62514
4	1111111111		9		0.0587872		62584
4	1111111111		8		0.0365225		62705
4	1111111111		7		0.0208305		62957
4	1111111111		6		0.0108677		64170
4	1111111111		5		0.00511765		69317
4	1111111111		4		0.00208354		88255
4	1111111111		3		0.000680208		165622
4	1111111111		2		0.000158787		481653
4	1111111111		1		1.66893e-05		1774830
5	1111111111		9		0.182996		65703
5	1111111111		8		0.13474		65828
5	1111111111		7		0.0941424		66083
5	1111111111		6		0.061733		67366
5	1111111111		5		0.0376355		72746
5	1111111111		4		0.021027		92625
5	1111111111		3		0.0103313		173915
5	1111111111		2		0.00422299		505793
5	1111111111		1		0.00121522		1863468
0	11111111101		36		0		24701
1	11111111101		27		0.0970958		46378
1	11111111101		26		0		48018
2	11111111101		20		0.176519		54313
2	11111111101		19		0.135563		54780
2	11111111101		18		0.0951549		55185
2	11111111101		17		0.0328959		55613
2	11111111101		16		0.00365233		55813
2	11111111101		15		0		55933
3	11111111101		15		0.161914		58955
3	11111111101		14		0.115166		59061
3	11111111101		13		0.0805421		59165
3	11111111101		12		0.0543659		59237
3	11111111101		11		0.0349348		59322
3	11111111101		10		0.0208844		59397
3	11111111101		9		0.0110863		59454
3	11111111101		8		0.00458616		59526
3	11111111101		7		0.00124425		59657
3	11111111101		6		0.000184059		60132
3	11111111101		5		1.16825e-05		62147
3	11111111101		4		0		70104
4	11111111101		11		0.165403		62392
4	11111111101		10		0.121795		62475
4	11111111101		9		0.0858802		62528
4	11111111101		8		0.057269		62603
4	11111111101		7		0.0354313		62747
4	11111111101		6		0.0200121		63244
4	11111111101		5		0.0101883		65355
4	11111111101		4		0.0045895		73742
4	11111111101		3		0.00168037		106293
4	11111111101		2		0.000434279		240595
4	11111111101		1		5.14984e-05		2042041
5	11111111101		8		0.173361		65725
5	11111111101		7		0.125878		65875
5	11111111101		6		0.0863369		66381
5	11111111101		5		0.0549163		68603
5	11111111101		4		0.031777		77391
5	11111111101		3		0.0161371		111554
5	11111111101		2		0.00634795		252715
5	11111111101		1		0.00141948		2144211
0	111111100111		35		0		24701
1	111111100111		26		0.189535		44783
1	111111100111		25		0.0898889		46855
1	111111100111		24		0		48454
2	111111100111		19		0.16344		54316
2	111111100111		18		0.123446		54716
2	111111100111		17		0.0894117		55061
2	111111100111		16		0.0554869		55451
2	111111100111		15		0.0291117		55700
2	111111100111		14		0.00913638		55899
2	111111100111		13		0.00243986		56024
2	111111100111		12		0		56113
3	111111100111		14		0.171669		58921
3	111111100111		13		0.123754		59059
3	111111100111		12		0.0839555		59153
3	111111100111		11		0.0537162		59244
3	111111100111		10		0.0328784		59313
3	111111100111		9		0.0189952		59387
3	111111100111		8		0.0103188		59446
3	111111100111		7		0.00498241		59516
3	111111100111		6		0.0021385		59621
3	111111100111		5		0.00078553		59890
3	111111100111		4		0.000239372		61198
3	111111100111		3		5.34058e-05		66656
3	111111100111		2		8.10623e-06		180494
3	111111100111		1		0		1972149
4	111111100111		10		0.163799		62384
4	111111100111		9		0.117176		62466
4	111111100111		8		0.0793462		62517
4	111111100111		7		0.050304		62593
4	111111100111		6		0.0292867		62704
4	111111100111		5		0.0154275		62993
4	111111100111		4		0.00692344		64374
4	111111100111		3		0.00269908		70109
4	111111100111		2		0.000718832		189983
4	111111100111		1		0.000184536		2075249
5	111111100111		7		0.162892		65713
5	111111100111		6		0.112443		65829
5	111111100111		5		0.0716395		66125
5	111111100111		4		0.0395829		67574
5	111111100111		3		0.0195386		73571
5	111111100111		2		0.00655401		199465
5	111111100111		1		0.00211537		2179532
0	11111111111		36		0		24701
1	11111111111		26		0		47267
2	11111111111		19		0.172293		54288
2	11111111111		18		0.131157		54745
2	11111111111		17		0.0932755		55122
2	11111111111		16		0.04514		55488
2	11111111111		15		0		55809
3	11111111111		14		0.174201		58945
3	11111111111		13		0.123988		59055
3	11111111111		12		0.0867119		59159
3	11111111111		11		0.0588374		59247
3	11111111111		10		0.038223		59343
3	11111111111		9		0.0234311		59413
3	11111111111		8		0.0131653		59487
3	11111111111		7		0.00641948		59601
3	11111111111		6		0.00242889		59842
3	11111111111		5		0.000509143		61004
3	11111111111		4		0		65895
4	11111111111		10		0.173374		62418
4	11111111111		9		0.129184		62486
4	11111111111		8		0.0923952		62563
4	11111111111		7		0.0628777		62686
4	11111111111		6		0.0402271		62945
4	11111111111		5		0.0237316		64156
4	11111111111		4		0.012511		69299
4	11111111111		3		0.00573081		88199
4	11111111111		2		0.00213015		165468
4	11111111111		1		0.00055486		481347
5	11111111111		7		0.178199		65808
5	11111111111		6		0.130805		66071
5	11111111111		5		0.0909867		67351
5	11111111111		4		0.0588351		72726
5	11111111111		3		0.0344179		92564
5	11111111111		2		0.0174625		173747
5	11111111111		1		0.00682825		505465
0	111111111101		35		0		24701
1	111111111101		25		0.0898889		46754
1	111111111101		24		0		48283
2	111111111101		18		0.16942		54396
2	111111111101		17		0.130945		54802
2	111111111101		16		0.0984335		55162
2	111111111101		15		0.0660643		55467
2	111111111101		14		0.0222903		55791
2	111111111101		13		0.00243986		55949
2	111111111101		12		0		56061
3	111111111101		13		0.171866		58977
3	111111111101		12		0.12259		59096
3	111111111101		11		0.0862051		59185
3	111111111101		10		0.059184		59264
3	111111111101		9		0.0390407		59361
3	111111111101		8		0.0243523		59435
3	111111111101		7		0.0140136		59513
3	111111111101		6		0.007146		59642
3	111111111101		5		0.00293636		60125
3	111111111101		4		0.000824571		62139
3	111111111101		3		0.000135183		70090
3	111111111101		2		9.53674e-06		100972
3	111111111101		1		0		517343
4	111111111101		9		0.164332		62439
4	111111111101		8		0.121586		62506
4	111111111101		7		0.0860546		62589
4	111111111101		6		0.0576856		62731
4	111111111101		5		0.0359343		63237
4	111111111101		4		0.0201719		65345
4	111111111101		3		0.00977004		73728
4	111111111101		2		0.00368631		106265
4	111111111101		1		0.000775993		544547
5	111111111101		6		0.163376		65859
5	111111111101		5		0.117023		66373
5	111111111101		4		0.0781988		68594
5	111111111101		3		0.0471328		77376
5	111111111101		2		0.0237038		111521
5	111111111101		1		0.00732636		571896
0	1111111100111		34		0		24701
1	1111111100111		24		0.175217		45309
1	1111111100111		23		0.0826807		47256
1	1111111100111		22		0		48720
2	1111111100111		17		0.162457		54343
2	1111111100111		16		0.12074		54777
2	1111111100111		15		0.0885359		55122
2	1111111100111		14		0.0613304		55421
2	1111111100111		13		0.0371357		55688
2	1111111100111		12		0.0186812		55892
2	1111111100111		11		0.0058617		56044
2	1111111100111		10		0.00147498		56142
2	1111111100111		9		0		56226
3	1111111100111		12		0.169555		58916
3	1111111100111		11		0.124353		59082
3	1111111100111		10		0.0871513		59182
3	1111111100111		9		0.0574495		59276
3	1111111100111		8		0.0354381		59359
3	1111111100111		7		0.0205715		59426
3	1111111100111		6		0.0110319		59503
3	1111111100111		5		0.00540721		59613
3	1111111100111		4		0.00221199		59885
3	1111111100111		3		0.000771224		61194
3	1111111100111		2		0.000178099		89297
3	1111111100111		1		3.98159e-05		525771
4	1111111100111		8		0.156796		62439
4	1111111100111		7		0.111797		62495
4	1111111100111		6		0.0744943		62579
4	1111111100111		5		0.0459867		62696
4	1111111100111		4		0.0245195		62988
4	1111111100111		3		0.0118629		64369
4	1111111100111		2		0.00374091		93936
4	1111111100111		1		0.00124139		553494
5	1111111100111		5		0.143923		65819
5	1111111100111		4		0.0918649		66119
5	1111111100111		3		0.0532823		67569
5	1111111100111		2		0.0210251		98548
5	1111111100111		1		0.00845087		581450
0	111111111111		35		0		24701
1	111111111111		24		0		47593
2	111111111111		17		0.164487		54385
2	111111111111		16		0.125969		54803
2	111111111111		15		0.0934257		55156
2	111111111111		14		0.0643834		55449
2	111111111111		13		0.0297571		55708
2	111111111111		12		0		55955
3	111111111111		12		0.178049		58983
3	111111111111		11		0.128565		59087
3	111111111111		10		0.0905104		59189
3	111111111111		9		0.0620385		59294
3	111111111111		8		0.0409533		59372
3	111111111111		7		0.0257114		59470
3	111111111111		6		0.0150236		59591
3	111111111111		5		0.0079093		59827
3	111111111111		4		0.00353879		60992
3	111111111111		3		0.00122023		65892
3	111111111111		2		0.000245988		83809
3	111111111111		1		1.28746e-05		157221
4	111111111111		8		0.167143		62442
4	111111111111		7		0.124314		62545
4	111111111111		6		0.088477		62676
4	111111111111		5		0.0596395		62930
4	111111111111		4		0.0374051		64144
4	111111111111		3		0.021223		69295
4	111111111111		2		0.0103006		88183
4	111111111111		1		0.00371957		165459
5	111111111111		5		0.16168		66055
5	111111111111		4		0.11562		67338
5	111111111111		3		0.0768862		72722
5	111111111111		2		0.0456823		92547
5	111111111111		1		0.0224199		173735
0	1111111111101		34		0		24701
1	1111111111101		23		0.0826807		47143
1	1111111111101		22		0		48570
2	1111111111101		16		0.160564		54495
2	1111111111101		15		0.124395		54897
2	1111111111101		14		0.0939752		55208
2	1111111111101		13		0.0680804		55461
2	1111111111101		12		0.0423726		55715
2	1111111111101		11		0.0136837		55958
2	1111111111101		10		0.00147498		56083
2	1111111111101		9		0		56179
3	1111111111101		11		0.169788		58989
3	1111111111101		10		0.124514		59119
3	1111111111101		9		0.0872592		59226
3	1111111111101		8		0.0597		59311
3	1111111111101		7		0.0394467		59408
3	1111111111101		6		0.0246702		59500
3	1111111111101		5		0.0142684		59634
3	1111111111101		4		0.0073235		60116
3	1111111111101		3		0.00307631		62131
3	1111111111101		2		0.000861049		70084
3	1111111111101		1		9.70364e-05		171780
4	1111111111101		7		0.154344		62479
4	1111111111101		6		0.112964		62573
4	1111111111101		5		0.078578		62723
4	1111111111101		4		0.0511414		63228
4	1111111111101		3		0.0300682		65336
4	1111111111101		2		0.0146798		73722
4	1111111111101		1		0.00434548		180778
5	1111111111101		5		0.193654		65849
5	1111111111101		4		0.14169		66363
5	1111111111101		3		0.0965727		68583
5	1111111111101		2		0.0577202		77368
5	1111111111101		1		0.0228482		189822
0	11111111100111		33		0		24701
1	11111111100111		22		0.160899		45840
1	11111111100111		21		0.0754687		47618
1	11111111100111		20		0		48983
2	11111111100111		16		0.19133		54084
2	11111111100111		15		0.152165		54464
2	11111111100111		14		0.118105		54861
2	11111111100111		13		0.0851662		55214
2	11111111100111		12		0.0596767		55489
2	11111111100111		11		0.0385249		55706
2	11111111100111		10		0.0222616		55911
2	11111111100111		9		0.0104896		56070
2	11111111100111		8		0.00330353		56168
2	11111111100111		7		0.000750482		56272
2	11111111100111		6		0		56347
3	11111111100111		10		0.15945		58937
3	11111111100111		9		0.117943		59109
3	11111111100111		8		0.0827069		59212
3	11111111100111		7		0.054888		59323
3	11111111100111		6		0.0336204		59401
3	11111111100111		5		0.0189519		59493
3	11111111100111		4		0.00919122		59609
3	11111111100111		3		0.00407982		59880
3	11111111100111		2		0.00117683		66542
3	11111111100111		1		0.000369251		174042
4	11111111100111		7		0.189861		62402
4	11111111100111		6		0.139971		62471
4	11111111100111		5		0.0968708		62567
4	11111111100111		4		0.0592183		62691
4	11111111100111		3		0.0333893		62984
4	11111111100111		2		0.0123368		70027
4	11111111100111		1		0.00505263		183170
5	11111111100111		4		0.163811		65818
5	11111111100111		3		0.107958		66113
5	11111111100111		2		0.0493969		73484
5	11111111100111		1		0.0233815		192463
0	1111111111111		34		0		24701
1	1111111111111		22		0		47929
2	1111111111111		16		0.19626		54090
2	1111111111111		15		0.154992		54512
2	1111111111111		14		0.118913		54919
2	1111111111111		13		0.0885348		55229
2	1111111111111		12		0.0634983		55460
2	1111111111111		11		0.0412489		55709
2	1111111111111		10		0.0175213		55929
2	1111111111111		9		0		56092
3	1111111111111		10		0.168874		58955
3	1111111111111		9		0.126068		59131
3	1111111111111		8		0.0891005		59239
3	1111111111111		7		0.0608015		59340
3	1111111111111		6		0.0398659		59435
3	1111111111111		5		0.0247762		59577
3	1111111111111		4		0.0142418		59822
3	1111111111111		3		0.00726193		60985
3	1111111111111		2		0.00304067		65884
3	1111111111111		1		0.000848174		83805
4	1111111111111		7		0.19967		62408
4	1111111111111		6		0.15238		62507
4	1111111111111		5		0.111387		62661
4	1111111111111		4		0.0770935		62925
4	1111111111111		3		0.049615		64137
4	1111111111111		2		0.0285602		69287
4	1111111111111		1		0.0134942		88178
5	1111111111111		4		0.185334		66047
5	1111111111111		3		0.13402		67331
5	1111111111111		2		0.0894063		72713
5	1111111111111		1		0.0519121		92541
0	11111111111101		33		0		24701
1	11111111111101		21		0.0754687		47525
1	11111111111101		20		0		48815
2	11111111111101		15		0.189104		54220
2	11111111111101		14		0.14976		54652
2	11111111111101		13		0.115876		55023
2	11111111111101		12		0.0875255		55292
2	11111111111101		11		0.0635921		55506
2	11111111111101		10		0.0430216		55743
2	11111111111101		9		0.0236655		55946
2	11111111111101		8		0.00707281		56112
2	11111111111101		7		0.000750482		56228
2	11111111111101		6		0		56317
3	11111111111101		9		0.157295		58977
3	11111111111101		8		0.117629		59153
3	11111111111101		7		0.0830708		59280
3	11111111111101		6		0.0558344		59368
3	11111111111101		5		0.035921		59476
3	11111111111101		4		0.0216656		59625
3	11111111111101		3		0.0117731		60109
3	11111111111101		2		0.00518996		62129
3	11111111111101		1		0.00126547		87197
4	11111111111101		6		0.182105		62436
4	11111111111101		5		0.136126		62548
4	11111111111101		4		0.0965214		62712
4	11111111111101		3		0.0637236		63221
4	11111111111101		2		0.0369295		65335
4	11111111111101		1		0.0141488		91749
5	11111111111101		3		0.159625		66355
5	11111111111101		2		0.107538		68582
5	11111111111101		1		0.0516797		96287
0	111111111100111		32		0		24701
1	111111111100111		20		0.146576		46312
1	111111111100111		19		0.068269		47965
1	111111111100111		18		0		49249
2	111111111100111		14		0.177283		54244
2	111111111100111		13		0.140218		54635
2	111111111100111		12		0.108361		55002
2	111111111100111		11		0.0813055		55307
2	111111111100111		10		0.0558962		55553
2	111111111100111		9		0.0364173		55778
2	111111111100111		8		0.021275		55960
2	111111111100111		7		0.0113432		56110
2	111111111100111		6		0.00484741		56226
2	111111111100111		5		0.00146449		56328
2	111111111100111		4		0.000267684		56420
2	111111111100111		3		0		56542
3	111111111100111		9		0.188367		58798
3	111111111100111		8		0.144368		58991
3	111111111100111		7		0.105502		59153
3	111111111100111		6		0.0727486		59272
3	111111111100111		5		0.046707		59380
3	111111111100111		4		0.0262371		59477
3	111111111100111		3		0.0137237		59604
3	111111111100111		2		0.00450689		61207
3	111111111100111		1		0.00173301		87037
4	111111111100111		5		0.162653		62449
4	111111111100111		4		0.111054		62551
4	111111111100111		3		0.0707532		62685
4	111111111100111		2		0.0301782		64388
4	111111111100111		1		0.0142931		91630
5	111111111100111		3		0.17872		65812
5	111111111100111		2		0.092801		67568
5	111111111100111		1		0.0504824		96251
0	11111111111111		33		0		24701
1	11111111111111		20		0		48248
2	11111111111111		14		0.18227		54255
2	11111111111111		13		0.143548		54680
2	11111111111111		12		0.10986		55059
2	11111111111111		11		0.0817223		55308
2	11111111111111		10		0.0586496		55540
2	11111111111111		9		0.0394428		55764
2	11111111111111		8		0.0229686		55955
2	11111111111111		7		0.00834495		56120
2	11111111111111		6		0		56242
3	11111111111111		9		0.195902		58784
3	11111111111111		8		0.152907		58988
3	11111111111111		7		0.114501		59161
3	11111111111111		6		0.0817577		59291
3	11111111111111		5		0.05484		59411
3	11111111111111		4		0.034757		59551
3	11111111111111		3		0.0204657		59812
3	11111111111111		2		0.0106757		60983
3	11111111111111		1		0.0044046		65881
4	11111111111111		5		0.174737		62480
4	11111111111111		4		0.129851		62632
4	11111111111111		3		0.09091		62915
4	11111111111111		2		0.0584949		64135
4	11111111111111		1		0.032752		69284
5	11111111111111		2		0.14575		67327
5	11111111111111		1		0.0956452		72710
0	111111111111101		32		0		24701
1	111111111111101		19		0.068269		47864
1	111111111111101		18		0		49087
2	111111111111101		13		0.174158		54411
2	111111111111101		12		0.137262		54830
2	111111111111101		11		0.105746		55149
2	111111111111101		10		0.0794627		55387
2	111111111111101		9		0.0574113		55604
2	111111111111101		8		0.0387805		55808
2	111111111111101		7		0.0234658		55979
2	111111111111101		6		0.0108364		56162
2	111111111111101		5		0.00277942		56296
2	111111111111101		4		0.000267684		56395
2	111111111111101		3		0		56555
3	111111111111101		8		0.180816		58833
3	111111111111101		7		0.139738		59012
3	111111111111101		6		0.103769		59210
3	111111111111101		5		0.0727568		59345
3	111111111111101		4		0.0474699		59451
3	111111111111101		3		0.0286934		59615
3	111111111111101		2		0.0152519		60108
3	111111111111101		1		0.00525588		66321
4	111111111111101		4		0.154029		62521
4	111111111111101		3		0.110347		62702
4	111111111111101		2		0.0716213		63219
4	111111111111101		1		0.0329868		69759
5	111111111111101		2		0.169571		66353
5	111111111111101		1		0.0943108		73226
0	1111111111100111		31		0		24701
1	1111111111100111		18		0.132265		46783
1	1111111111100111		17		0.0610751		48341
1	1111111111100111		16		0		49512
2	1111111111100111		12		0.16146		54461
2	1111111111100111		11		0.127118		54827
2	1111111111100111		10		0.097164		55143
2	1111111111100111		9		0.0720896		55409
2	1111111111100111		8		0.051007		55654
2	1111111111100111		7		0.0323572		55864
2	1111111111100111		6		0.0187562		56029
2	1111111111100111		5		0.00931263		56187
2	1111111111100111		4		0.00419688		56301
2	1111111111100111		3		0.00143355		56409
2	1111111111100111		2		0.000347316		56859
2	1111111111100111		1		2.6226e-05		62911
3	1111111111100111		7		0.165813		58892
3	1111111111100111		6		0.1245		59069
3	1111111111100111		5		0.0882049		59232
3	1111111111100111		4		0.0558991		59350
3	1111111111100111		3		0.0331014		59467
3	1111111111100111		2		0.0127982		59934
3	1111111111100111		1		0.00578016		66303
4	1111111111100111		4		0.175127		62415
4	1111111111100111		3		0.122847		62541
4	1111111111100111		2		0.0594296		63034
4	1111111111100111		1		0.0320526		69782
5	1111111111100111		2		0.149573		66167
5	1111111111100111		1		0.0910569		73241
