errors	shape		t		lossrate	PM

0	11111101		25		0		30302
1	11111101		19		0.0972584		49198
1	11111101		18		0		50519
2	11111101		14		0.167082		55262
2	11111101		13		0.104814		55574
2	11111101		12		0.0339797		55846
2	11111101		11		0.00364709		56012
2	11111101		10		0		56134
3	11111101		10		0.123572		59293
3	11111101		9		0.0727274		59655
3	11111101		8		0.0398902		60967
3	11111101		7		0.0188759		66056
3	11111101		6		0.00669515		86670
3	11111101		5		0.00151378		172738
3	11111101		4		0.000187874		525096
3	11111101		3		1.00136e-05		1975856
3	11111101		2		0		8337974
4	11111101		8		0.189966		64256
4	11111101		7		0.122523		69647
4	11111101		6		0.0716598		91496
4	11111101		5		0.0364316		182493
4	11111101		4		0.0153871		555249
4	11111101		3		0.00506592		2088556
4	11111101		2		0.00110519		8826956
4	11111101		1		0.000110626		87767284
0	111110011		24		0		30300
1	111110011		18		0.188352		47999
1	111110011		17		0.0870008		49658
1	111110011		16		0		50967
2	111110011		13		0.153274		55271
2	111110011		12		0.101736		55513
2	111110011		11		0.0562309		55750
2	111110011		10		0.0272187		55931
2	111110011		9		0.00839484		56099
2	111110011		8		0.0019905		56397
2	111110011		7		0		57459
3	111110011		9		0.133941		59250
3	111110011		8		0.0801286		59572
3	111110011		7		0.0423756		60703
3	111110011		6		0.0199261		65057
3	111110011		5		0.00809193		82722
3	111110011		4		0.00289404		160497
3	111110011		3		0.000803173		568455
3	111110011		2		0.000169277		6420514
3	111110011		1		2.6226e-05		83612556
4	111110011		7		0.187567		63980
4	111110011		6		0.117264		68581
4	111110011		5		0.0651333		87311
4	111110011		4		0.0308532		169791
4	111110011		3		0.0124503		606224
4	111110011		2		0.0034948		6811557
4	111110011		1		0.000830293		87950582
0	1111111		26		0		30302
1	1111111		20		0		49653
2	1111111		15		0.164607		55240
2	1111111		14		0.0753752		55588
2	1111111		13		0		55893
3	1111111		11		0.121731		59247
3	1111111		10		0.069813		59499
3	1111111		9		0.0361834		60381
3	1111111		8		0.0152688		63754
3	1111111		7		0.00374758		76433
3	1111111		6		0		128774
4	1111111		9		0.19871		63629
4	1111111		8		0.12872		67224
4	1111111		7		0.075968		80717
4	1111111		6		0.0395069		136133
4	1111111		5		0.0173908		358710
4	1111111		4		0.00633609		1257309
4	1111111		3		0.00178748		4863607
4	1111111		2		0.000314653		19378847
4	1111111		1		2.0504e-05		77328139
0	111111101		24		0		30292
1	111111101		17		0.0870008		49496
1	111111101		16		0		50706
2	111111101		12		0.157245		55296
2	111111101		11		0.107467		55551
2	111111101		10		0.0623375		55799
2	111111101		9		0.0191491		56036
2	111111101		8		0.0019905		56406
2	111111101		7		0		57556
3	111111101		8		0.133201		59582
3	111111101		7		0.0795112		60790
3	111111101		6		0.0446556		65512
3	111111101		5		0.022734		84501
3	111111101		4		0.00967324		164459
3	111111101		3		0.00292397		494703
3	111111101		2		0.000497222		1889631
3	111111101		1		3.29018e-05		20297513
4	111111101		6		0.184147		69044
4	111111101		5		0.118834		89083
4	111111101		4		0.0692051		173248
4	111111101		3		0.0342927		521429
4	111111101		2		0.0126546		1992579
4	111111101		1		0.0024389		21362884
0	1111110011		23		0		30291
1	1111110011		16		0.167973		48461
1	1111110011		15		0.0767359		49947
1	1111110011		14		0		51155
2	1111110011		11		0.148742		55320
2	1111110011		10		0.0972083		55556
2	1111110011		9		0.0596254		55772
2	1111110011		8		0.0306117		55981
2	1111110011		7		0.0134853		56319
2	1111110011		6		0.00411636		57328
2	1111110011		5		0.000829339		61224
2	1111110011		4		0		76799
3	1111110011		8		0.192735		59121
3	1111110011		7		0.128237		59490
3	1111110011		6		0.0771076		60559
3	1111110011		5		0.0416909		64663
3	1111110011		4		0.019034		81094
3	1111110011		3		0.0073514		155376
3	1111110011		2		0.00196695		1401914
3	1111110011		1		0.000494838		20331453
4	1111110011		5		0.166701		68140
4	1111110011		4		0.0986037		85510
4	1111110011		3		0.0509142		164002
4	1111110011		2		0.0182872		1479152
4	1111110011		1		0.00597024		21398809
0	11111111		25		0		30289
1	11111111		18		0		49911
2	11111111		13		0.161785		55253
2	11111111		12		0.103985		55523
2	11111111		11		0.0452322		55803
2	11111111		10		0		56037
3	11111111		9		0.137488		59395
3	11111111		8		0.0822185		60176
3	11111111		7		0.0460754		63175
3	11111111		6		0.023261		74356
3	11111111		5		0.00985831		121322
3	11111111		4		0.0030005		313541
3	11111111		3		0.000443339		1108559
3	11111111		2		0		4382189
4	11111111		6		0.133857		78394
4	11111111		5		0.0816375		127828
4	11111111		4		0.0443937		330438
4	11111111		3		0.0204419		1168235
4	11111111		2		0.00725579		4614536
4	11111111		1		0.00161183		18854548
0	1111111101		23		0		30289
1	1111111101		15		0.0767359		49807
1	1111111101		14		0		50911
2	1111111101		10		0.143353		55373
2	1111111101		9		0.0981644		55627
2	1111111101		8		0.0622583		55853
2	1111111101		7		0.0307763		56291
2	1111111101		6		0.00835508		57490
2	1111111101		5		0.000829339		61901
2	1111111101		4		0		79614
3	1111111101		7		0.186656		59457
3	1111111101		6		0.125179		60715
3	1111111101		5		0.0757023		65386
3	1111111101		4		0.0412219		84045
3	1111111101		3		0.019741		162816
3	1111111101		2		0.00723356		489840
3	1111111101		1		0.00129187		4931223
4	1111111101		4		0.158929		88575
4	1111111101		3		0.0972767		171399
4	1111111101		2		0.0493212		516019
4	1111111101		1		0.014693		5191041
0	11111110011		22		0		30288
1	11111110011		14		0.147586		48916
1	11111110011		13		0.0664868		50291
1	11111110011		12		0		51325
2	11111110011		10		0.184867		55132
2	11111110011		9		0.13234		55406
2	11111110011		8		0.0902098		55629
2	11111110011		7		0.0542798		55877
2	11111110011		6		0.0292837		56230
2	11111110011		5		0.012862		57256
2	11111110011		4		0.00481611		61155
2	11111110011		3		0.00131732		76595
2	11111110011		2		0.00016737		351253
2	11111110011		1		0		4671931
3	11111110011		6		0.168742		59392
3	11111110011		5		0.109564		60479
3	11111110011		4		0.0621311		64588
3	11111110011		3		0.0310861		80880
3	11111110011		2		0.0107272		370883
3	11111110011		1		0.00351286		4931104
4	11111110011		3		0.124638		85261
4	11111110011		2		0.0552971		390701
4	11111110011		1		0.0230169		5190844
0	111111111		24		0		30287
1	111111111		16		0		50161
2	111111111		11		0.150509		55307
2	111111111		10		0.10065		55563
2	111111111		9		0.0608429		55811
2	111111111		8		0.0242169		56109
2	111111111		7		0		56905
3	111111111		7		0.138679		60109
3	111111111		6		0.0844263		63036
3	111111111		5		0.0477515		73955
3	111111111		4		0.0245343		119895
3	111111111		3		0.0107597		308797
3	111111111		2		0.00356275		1095553
3	111111111		1		0.000642121		4354115
4	111111111		5		0.184388		77960
4	111111111		4		0.120469		126243
4	111111111		3		0.0707993		325196
4	111111111		2		0.0354621		1153734
4	111111111		1		0.013123		4583424
0	1111111111		23		0		30287
1	1111111111		14		0		50423
2	1111111111		10		0.191138		55128
2	1111111111		9		0.135323		55412
2	1111111111		8		0.0903463		55662
2	1111111111		7		0.0562466		55977
2	1111111111		6		0.02982		56791
2	1111111111		5		0.00939977		59618
2	1111111111		4		0		69938
3	1111111111		6		0.180223		59985
3	1111111111		5		0.121861		62959
3	1111111111		4		0.0749818		73857
3	1111111111		3		0.0406398		119647
3	1111111111		2		0.0189101		308016
3	1111111111		1		0.00654548		1093907
4	1111111111		3		0.149798		125970
4	1111111111		2		0.0903723		324329
4	1111111111		1		0.0446715		1151927
0	11111111101		22		0		30287
1	11111111101		13		0.0664868		50154
1	11111111101		12		0		51118
2	11111111101		9		0.177582		55227
2	11111111101		8		0.126042		55491
2	11111111101		7		0.0853638		55754
2	11111111101		6		0.0535409		56165
2	11111111101		5		0.0288682		57397
2	11111111101		4		0.0107425		61846
2	11111111101		3		0.00213802		79522
2	11111111101		2		0.00016737		153942
2	11111111101		1		0		1166175
3	11111111101		5		0.158164		60612
3	11111111101		4		0.103883		65329
3	11111111101		3		0.0601398		83944
3	11111111101		2		0.0286454		162542
3	11111111101		1		0.00825083		1230839
4	11111111101		3		0.186687		88465
4	11111111101		2		0.114893		171097
4	11111111101		1		0.0461423		1295966
0	111111100111		21		0		30287
1	111111100111		12		0.127216		49301
1	111111100111		11		0.0562482		50512
1	111111100111		10		0		51434
2	111111100111		8		0.169713		55244
2	111111100111		7		0.108402		55528
2	111111100111		6		0.0708485		55774
2	111111100111		5		0.0409538		56088
2	111111100111		4		0.0205038		56954
2	111111100111		3		0.00840259		60017
2	111111100111		2		0.00268149		123733
2	111111100111		1		0.000713587		1163515
3	111111100111		4		0.129579		60158
3	111111100111		3		0.075834		63384
3	111111100111		2		0.0293395		130565
3	111111100111		1		0.0120395		1228264
4	111111100111		2		0.111329		137618
4	111111100111		1		0.0543768		1293151
0	11111111111		22		0		30287
1	11111111111		12		0		50672
2	11111111111		8		0.167201		55272
2	11111111111		7		0.116687		55554
2	11111111111		6		0.0767071		55875
2	11111111111		5		0.0467897		56712
2	11111111111		4		0.0247651		59552
2	11111111111		3		0.00964773		69886
2	11111111111		2		0.00180984		113214
2	11111111111		1		0		291722
3	11111111111		4		0.147377		62886
3	11111111111		3		0.0951362		73802
3	11111111111		2		0.054181		119588
3	11111111111		1		0.024726		307923
4	11111111111		2		0.167164		125905
4	11111111111		1		0.10004		324228
0	111111111101		21		0		30287
1	111111111101		11		0.0562482		50462
1	111111111101		10		0		51355
2	111111111101		7		0.152118		55385
2	111111111101		6		0.105819		55654
2	111111111101		5		0.0696279		56106
2	111111111101		4		0.0417135		57334
2	111111111101		3		0.0210702		61788
2	111111111101		2		0.00711262		79487
2	111111111101		1		0.000968695		323221
3	111111111101		4		0.181215		60546
3	111111111101		3		0.122445		65263
3	111111111101		2		0.072109		83905
3	111111111101		1		0.0273142		341184
4	111111111101		1		0.100615		359256
0	1111111100111		20		0		30287
1	1111111100111		10		0.106856		49755
1	1111111100111		9		0.0460165		50874
1	1111111100111		8		0		51666
2	1111111100111		6		0.139629		55414
2	1111111100111		5		0.0864103		55691
2	1111111100111		4		0.0513178		56042
2	1111111100111		3		0.0280603		56923
2	1111111100111		2		0.00960571		72341
2	1111111100111		1		0.00357252		320485
3	1111111100111		3		0.146128		60127
3	1111111100111		2		0.0663152		76394
3	1111111100111		1		0.0323249		338318
4	1111111100111		2		0.191604		80496
4	1111111100111		1		0.108589		356213
0	111111111111		21		0		30287
1	111111111111		11		0.175823		48083
1	111111111111		10		0		50943
2	111111111111		7		0.197032		55143
2	111111111111		6		0.140199		55454
2	111111111111		5		0.0951746		55796
2	111111111111		4		0.0601487		56653
2	111111111111		3		0.0344391		59505
2	111111111111		2		0.0162398		69854
2	111111111111		1		0.00482607		113198
3	111111111111		3		0.164446		62838
3	111111111111		2		0.107657		73766
3	111111111111		1		0.0606788		119570
4	111111111111		1		0.174674		125885
0	1111111111101		20		0		30287
1	1111111111101		9		0.0460165		50806
1	1111111111101		8		0		51577
2	1111111111101		6		0.175661		55286
2	1111111111101		5		0.124058		55581
2	1111111111101		4		0.0829466		56039
2	1111111111101		3		0.0512287		57303
2	1111111111101		2		0.0268584		61752
2	1111111111101		1		0.00811392		120027
3	1111111111101		3		0.197205		60511
3	1111111111101		2		0.13252		65225
3	1111111111101		1		0.0630354		126647
4	1111111111101		1		0.174142		133377
0	11111111100111		19		0		30287
1	11111111100111		9		0.18097		48220
1	11111111100111		8		0.0865027		50279
1	11111111100111		7		0.0357891		51252
1	11111111100111		6		0		51889
2	11111111100111		5		0.166429		55309
2	11111111100111		4		0.103382		55618
2	11111111100111		3		0.0603672		56002
2	11111111100111		2		0.0240433		59843
2	11111111100111		1		0.0116631		119514
3	11111111100111		2		0.121429		63198
3	11111111100111		1		0.0674454		126196
4	11111111100111		1		0.181262		132857
0	1111111111111		20		0		30287
1	1111111111111		9		0.142006		48870
1	1111111111111		8		0		51214
2	1111111111111		5		0.161264		55356
2	1111111111111		4		0.110643		55733
2	1111111111111		3		0.0710505		56607
2	1111111111111		2		0.0410155		59471
2	1111111111111		1		0.0194343		69837
3	1111111111111		2		0.174843		62801
3	1111111111111		1		0.113279		73749
0	11111111111101		19		0		30287
1	11111111111101		8		0.160617		49072
1	11111111111101		7		0.0357891		51173
1	11111111111101		6		0		51806
2	11111111111101		5		0.196729		55195
2	11111111111101		4		0.13951		55510
2	11111111111101		3		0.0935724		56001
2	11111111111101		2		0.0572159		57272
2	11111111111101		1		0.024318		71349
3	11111111111101		1		0.114469		75323
0	111111111100111		18		0		30287
1	111111111100111		8		0.18097		48117
1	111111111100111		7		0.139745		49129
1	111111111100111		6		0.0661541		50827
1	111111111100111		5		0.0255646		51594
1	111111111100111		4		0		52181
2	111111111100111		4		0.18209		55242
2	111111111100111		3		0.119093		55561
2	111111111100111		2		0.0507649		56726
2	111111111100111		1		0.026822		70904
3	111111111100111		2		0.194756		59928
3	111111111100111		1		0.11919		74868
0	11111111111111		19		0		30287
1	11111111111111		8		0.182492		48371
1	11111111111111		7		0.109904		49632
1	11111111111111		6		0		51513
2	11111111111111		4		0.179561		55276
2	11111111111111		3		0.1232		55676
2	11111111111111		2		0.0787076		56576
2	11111111111111		1		0.0446078		59451
3	11111111111111		1		0.179746		62779
0	111111111111101		18		0		30287
1	111111111111101		7		0.167763		48685
1	111111111111101		6		0.119396		49894
1	111111111111101		5		0.0255646		51531
1	111111111111101		4		0		52079
2	111111111111101		3		0.151816		55460
2	111111111111101		2		0.100376		55977
2	111111111111101		1		0.050302		59521
3	111111111111101		1		0.17908		62867
0	1111111111100111		17		0		30287
1	1111111111100111		7		0.18097		48067
1	1111111111100111		6		0.139745		49051
1	1111111111100111		5		0.0983678		50081
1	1111111111100111		4		0.0458078		51331
1	1111111111100111		3		0.0153397		52013
1	1111111111100111		2		0		52779
2	1111111111100111		3		0.193196		55063
2	1111111111100111		2		0.0975615		55861
2	1111111111100111		1		0.054618		59411
3	1111111111100111		1		0.185772		62764
