errors	shape		t		lossrate	PM

0	1111111111		58		0		25052
1	1111111111		49		0		43905
2	1111111111		40		0.172539		48196
2	1111111111		39		0		49274
3	1111111111		35		0.155036		49684
3	1111111111		34		0.118532		49754
3	1111111111		33		0.088791		49809
3	1111111111		32		0.0643444		49863
3	1111111111		31		0.0448449		49893
3	1111111111		30		0.0299551		49916
3	1111111111		29		0		49960
4	1111111111		30		0.165197		49916
4	1111111111		29		0.130621		49960
4	1111111111		28		0.0939394		49974
4	1111111111		27		0.0664955		49982
4	1111111111		26		0.0465029		49986
4	1111111111		25		0.0320184		49989
4	1111111111		24		0.0214158		49992
4	1111111111		23		0.0137265		49992
4	1111111111		22		0.00821441		49994
4	1111111111		21		0.00445658		49996
4	1111111111		20		0.00207639		49997
4	1111111111		19		0		49998
5	1111111111		26		0.171812		49986
5	1111111111		25		0.136349		49989
5	1111111111		24		0.106078		49992
5	1111111111		23		0.0807087		49992
5	1111111111		22		0.0596122		49994
5	1111111111		21		0.0426108		49996
5	1111111111		20		0.0296203		49997
5	1111111111		19		0.0199485		49998
5	1111111111		18		0.0125318		49999
5	1111111111		17		0.00764203		49999
5	1111111111		16		0.0045287		49999
5	1111111111		15		0.00257635		49999
5	1111111111		14		0.00137758		49999
5	1111111111		13		0.000678301		49999
5	1111111111		12		0.000296056		50000
5	1111111111		11		0.000102997		50006
5	1111111111		10		2.43187e-05		50006
5	1111111111		9		0		50042
6	1111111111		23		0.19787		49992
6	1111111111		22		0.160244		49994
6	1111111111		21		0.126815		49996
6	1111111111		20		0.0984671		49997
6	1111111111		19		0.0749986		49998
6	1111111111		18		0.0557672		49999
6	1111111111		17		0.0402124		49999
6	1111111111		16		0.0281993		49999
6	1111111111		15		0.0192276		49999
6	1111111111		14		0.0126763		49999
6	1111111111		13		0.00802994		49999
6	1111111111		12		0.00485384		50000
6	1111111111		11		0.00277799		50006
6	1111111111		10		0.00149995		50006
6	1111111111		9		0.000762641		50042
6	1111111111		8		0.000348032		50139
6	1111111111		7		0.000159264		50412
6	1111111111		6		5.81741e-05		52059
6	1111111111		5		2.19345e-05		58502
6	1111111111		4		9.53674e-07		82424
6	1111111111		3		9.53674e-07		180260
6	1111111111		2		0		574696
7	1111111111		19		0.165174		49998
7	1111111111		18		0.13222		49999
7	1111111111		17		0.103646		49999
7	1111111111		16		0.0794515		49999
7	1111111111		15		0.0595032		49999
7	1111111111		14		0.0434052		49999
7	1111111111		13		0.0307344		49999
7	1111111111		12		0.0210461		50000
7	1111111111		11		0.013909		50006
7	1111111111		10		0.00884318		50006
7	1111111111		9		0.00539082		50042
7	1111111111		8		0.00311369		50139
7	1111111111		7		0.00168848		50412
7	1111111111		6		0.000856996		52059
7	1111111111		5		0.000397623		58502
7	1111111111		4		0.000152588		82424
7	1111111111		3		5.72205e-05		180260
7	1111111111		2		1.43051e-05		574696
7	1111111111		1		9.53674e-07		2174422
0	111001001010011101		50		0		25052
1	111001001010011101		41		0		45229
2	111001001010011101		36		0.175814		48089
2	111001001010011101		35		0.107387		48593
2	111001001010011101		34		0.0604342		48978
2	111001001010011101		33		0.0381961		49211
2	111001001010011101		32		0.0211654		49430
2	111001001010011101		31		0		49665
3	111001001010011101		31		0.17056		49665
3	111001001010011101		30		0.119074		49757
3	111001001010011101		29		0.0792584		49813
3	111001001010011101		28		0.0473734		49870
3	111001001010011101		27		0.0266171		49913
3	111001001010011101		26		0.0141791		49937
3	111001001010011101		25		0.0048517		49965
3	111001001010011101		24		0.00125521		49977
3	111001001010011101		23		0.000143766		49984
3	111001001010011101		22		0		49988
4	111001001010011101		27		0.182951		49913
4	111001001010011101		26		0.134008		49937
4	111001001010011101		25		0.0930709		49965
4	111001001010011101		24		0.0604167		49977
4	111001001010011101		23		0.0367931		49984
4	111001001010011101		22		0.0203228		49988
4	111001001010011101		21		0.00967228		49992
4	111001001010011101		20		0.0039922		49995
4	111001001010011101		19		0.00127232		49996
4	111001001010011101		18		0.000304163		49998
4	111001001010011101		17		5.00679e-05		49999
4	111001001010011101		16		4.76837e-06		50000
4	111001001010011101		15		0		50000
5	111001001010011101		23		0.165369		49984
5	111001001010011101		22		0.12005		49988
5	111001001010011101		21		0.0825654		49992
5	111001001010011101		20		0.0531364		49995
5	111001001010011101		19		0.0315577		49996
5	111001001010011101		18		0.0168406		49998
5	111001001010011101		17		0.00806874		49999
5	111001001010011101		16		0.00337267		50000
5	111001001010011101		15		0.00116235		50000
5	111001001010011101		14		0.000325143		50000
5	111001001010011101		13		5.48363e-05		50000
5	111001001010011101		12		7.62939e-06		50000
5	111001001010011101		11		0		50000
6	111001001010011101		20		0.173296		49995
6	111001001010011101		19		0.126363		49996
6	111001001010011101		18		0.0870768		49998
6	111001001010011101		17		0.0561202		49999
6	111001001010011101		16		0.0334593		50000
6	111001001010011101		15		0.0181374		50000
6	111001001010011101		14		0.0087685		50000
6	111001001010011101		13		0.00368869		50000
6	111001001010011101		12		0.00135428		50000
6	111001001010011101		11		0.000431895		50000
6	111001001010011101		10		9.34601e-05		50000
6	111001001010011101		9		1.33514e-05		50000
6	111001001010011101		8		9.53674e-07		50000
6	111001001010011101		7		0		50000
7	111001001010011101		17		0.15912		49999
7	111001001010011101		16		0.113205		50000
7	111001001010011101		15		0.07563		50000
7	111001001010011101		14		0.0467765		50000
7	111001001010011101		13		0.0264618		50000
7	111001001010011101		12		0.0134584		50000
7	111001001010011101		11		0.00610673		50000
7	111001001010011101		10		0.00240135		50000
7	111001001010011101		9		0.00074929		50000
7	111001001010011101		8		0.000185013		50000
7	111001001010011101		7		4.19617e-05		50000
7	111001001010011101		6		4.76837e-06		50000
7	111001001010011101		5		0		50000
0	1111111000111		55		0		25052
1	1111111000111		46		0		44550
2	1111111000111		40		0.198685		47925
2	1111111000111		39		0.136728		48383
2	1111111000111		38		0.111374		48643
2	1111111000111		37		0.0887467		48852
2	1111111000111		36		0		49473
3	1111111000111		34		0.169948		49658
3	1111111000111		33		0.111216		49750
3	1111111000111		32		0.0808018		49821
3	1111111000111		31		0.0620083		49861
3	1111111000111		30		0.034082		49904
3	1111111000111		29		0.0155829		49944
3	1111111000111		28		0.010003		49960
3	1111111000111		27		0.00577801		49971
3	1111111000111		26		0		49981
4	1111111000111		30		0.198454		49904
4	1111111000111		29		0.151617		49944
4	1111111000111		28		0.11359		49960
4	1111111000111		27		0.0798891		49971
4	1111111000111		26		0.0540119		49981
4	1111111000111		25		0.0365914		49984
4	1111111000111		24		0.0233853		49988
4	1111111000111		23		0.0124615		49992
4	1111111000111		22		0.00655544		49995
4	1111111000111		21		0.00351477		49996
4	1111111000111		20		0.0010047		49997
4	1111111000111		19		0.00020647		49999
4	1111111000111		18		6.67572e-05		49999
4	1111111000111		17		1.57356e-05		49999
4	1111111000111		16		0		50000
5	1111111000111		26		0.196872		49981
5	1111111000111		25		0.153022		49984
5	1111111000111		24		0.116457		49988
5	1111111000111		23		0.0858083		49992
5	1111111000111		22		0.0603616		49995
5	1111111000111		21		0.0407569		49996
5	1111111000111		20		0.0257853		49997
5	1111111000111		19		0.0153806		49999
5	1111111000111		18		0.00869668		49999
5	1111111000111		17		0.00439578		49999
5	1111111000111		16		0.00192982		50000
5	1111111000111		15		0.000767887		50000
5	1111111000111		14		0.000204563		50000
5	1111111000111		13		2.47955e-05		50000
5	1111111000111		12		3.8147e-06		50000
5	1111111000111		11		4.76837e-07		50000
5	1111111000111		10		0		50000
6	1111111000111		22		0.174005		49995
6	1111111000111		21		0.134897		49996
6	1111111000111		20		0.101299		49997
6	1111111000111		19		0.0731707		49999
6	1111111000111		18		0.0506549		49999
6	1111111000111		17		0.0335211		49999
6	1111111000111		16		0.0208164		50000
6	1111111000111		15		0.0120132		50000
6	1111111000111		14		0.00632948		50000
6	1111111000111		13		0.00296724		50000
6	1111111000111		12		0.001239		50000
6	1111111000111		11		0.000450969		50000
6	1111111000111		10		0.000130653		50000
6	1111111000111		9		2.67029e-05		50000
6	1111111000111		8		3.8147e-06		50006
6	1111111000111		7		0		50011
7	1111111000111		19		0.175782		49999
7	1111111000111		18		0.136025		49999
7	1111111000111		17		0.101854		49999
7	1111111000111		16		0.0734411		50000
7	1111111000111		15		0.0505616		50000
7	1111111000111		14		0.0329494		50000
7	1111111000111		13		0.0200878		50000
7	1111111000111		12		0.0112289		50000
7	1111111000111		11		0.00567824		50000
7	1111111000111		10		0.00253546		50000
7	1111111000111		9		0.000982761		50000
7	1111111000111		8		0.000336587		50006
7	1111111000111		7		9.44138e-05		50011
7	1111111000111		6		3.05176e-05		50045
7	1111111000111		5		6.67572e-06		50152
7	1111111000111		4		0		50548
0	11111111111		57		0		25052
1	11111111111		47		0		44167
2	11111111111		38		0.17111		48220
2	11111111111		37		0.140275		48477
2	11111111111		36		0		49354
3	11111111111		33		0.176685		49655
3	11111111111		32		0.13757		49726
3	11111111111		31		0.1058		49785
3	11111111111		30		0.0794517		49830
3	11111111111		29		0.0579352		49877
3	11111111111		28		0.0412163		49905
3	11111111111		27		0.0284541		49923
3	11111111111		26		0.0185603		49947
3	11111111111		25		0		49975
4	11111111111		28		0.184223		49905
4	11111111111		27		0.149023		49923
4	11111111111		26		0.118806		49947
4	11111111111		25		0.0926033		49975
4	11111111111		24		0.0664568		49982
4	11111111111		23		0.0472773		49987
4	11111111111		22		0.033227		49989
4	11111111111		21		0.0228216		49992
4	11111111111		20		0.0152265		49992
4	11111111111		19		0.00969261		49995
4	11111111111		18		0.00579154		49995
4	11111111111		17		0.00323057		49997
4	11111111111		16		0.00162566		49998
4	11111111111		15		0.000670195		49999
4	11111111111		14		0		49999
5	11111111111		24		0.195092		49982
5	11111111111		23		0.159376		49987
5	11111111111		22		0.127933		49989
5	11111111111		21		0.100616		49992
5	11111111111		20		0.0775093		49992
5	11111111111		19		0.0581707		49995
5	11111111111		18		0.0423861		49995
5	11111111111		17		0.0301038		49997
5	11111111111		16		0.0208585		49998
5	11111111111		15		0.0139988		49999
5	11111111111		14		0.00899869		49999
5	11111111111		13		0.00545204		49999
5	11111111111		12		0.00319636		49999
5	11111111111		11		0.00180465		49999
5	11111111111		10		0.000966072		50006
5	11111111111		9		0.000470042		50006
5	11111111111		8		0.000218868		50042
5	11111111111		7		8.15392e-05		50135
5	11111111111		6		2.38419e-05		50406
5	11111111111		5		4.76837e-06		52021
5	11111111111		4		0		58464
6	11111111111		20		0.181832		49992
6	11111111111		19		0.148176		49995
6	11111111111		18		0.118112		49995
6	11111111111		17		0.0923221		49997
6	11111111111		16		0.0708441		49998
6	11111111111		15		0.0532055		49999
6	11111111111		14		0.0389264		49999
6	11111111111		13		0.0276867		49999
6	11111111111		12		0.0190873		49999
6	11111111111		11		0.0127553		49999
6	11111111111		10		0.00818223		50006
6	11111111111		9		0.00502181		50006
6	11111111111		8		0.00294155		50042
6	11111111111		7		0.00161898		50135
6	11111111111		6		0.0008322		50406
6	11111111111		5		0.000379503		52021
6	11111111111		4		0.00015831		58464
6	11111111111		3		5.43594e-05		82297
6	11111111111		2		1.14441e-05		179945
6	11111111111		1		9.53674e-07		574064
7	11111111111		17		0.184603		49997
7	11111111111		16		0.150632		49998
7	11111111111		15		0.120683		49999
7	11111111111		14		0.094708		49999
7	11111111111		13		0.0726907		49999
7	11111111111		12		0.0544832		49999
7	11111111111		11		0.0397629		49999
7	11111111111		10		0.0281409		50006
7	11111111111		9		0.0192033		50006
7	11111111111		8		0.0126301		50042
7	11111111111		7		0.00792307		50135
7	11111111111		6		0.00470674		50406
7	11111111111		5		0.00259346		52021
7	11111111111		4		0.00132567		58464
7	11111111111		3		0.000597775		82297
7	11111111111		2		0.00022316		179945
7	11111111111		1		6.58035e-05		574064
0	11111101110101		54		0		25052
1	11111101110101		44		0		44725
2	11111101110101		38		0.192887		48006
2	11111101110101		37		0.156064		48290
2	11111101110101		36		0.128924		48565
2	11111101110101		35		0.096661		48833
2	11111101110101		34		0.0695689		49068
2	11111101110101		33		0		49541
3	11111101110101		32		0.182421		49648
3	11111101110101		31		0.137408		49721
3	11111101110101		30		0.102706		49785
3	11111101110101		29		0.0718475		49841
3	11111101110101		28		0.0492312		49892
3	11111101110101		27		0.0326416		49916
3	11111101110101		26		0.0211726		49936
3	11111101110101		25		0.0137895		49955
3	11111101110101		24		0.00700039		49972
3	11111101110101		23		0.00276089		49978
3	11111101110101		22		0		49983
4	11111101110101		27		0.169503		49916
4	11111101110101		26		0.132253		49936
4	11111101110101		25		0.100592		49955
4	11111101110101		24		0.0749928		49972
4	11111101110101		23		0.0537633		49978
4	11111101110101		22		0.0368023		49983
4	11111101110101		21		0.0238751		49987
4	11111101110101		20		0.0148865		49993
4	11111101110101		19		0.00864089		49995
4	11111101110101		18		0.0044713		49996
4	11111101110101		17		0.00210398		49997
4	11111101110101		16		0.000861764		49997
4	11111101110101		15		0.000277936		49998
4	11111101110101		14		5.76973e-05		49999
4	11111101110101		13		5.24521e-06		50000
4	11111101110101		12		0		50000
5	11111101110101		23		0.172928		49978
5	11111101110101		22		0.136944		49983
5	11111101110101		21		0.105722		49987
5	11111101110101		20		0.0792377		49993
5	11111101110101		19		0.0573373		49995
5	11111101110101		18		0.0398389		49996
5	11111101110101		17		0.0263709		49997
5	11111101110101		16		0.0165612		49997
5	11111101110101		15		0.00974452		49998
5	11111101110101		14		0.00529552		49999
5	11111101110101		13		0.00257683		50000
5	11111101110101		12		0.00107324		50000
5	11111101110101		11		0.000356615		50000
5	11111101110101		10		6.29425e-05		50000
5	11111101110101		9		3.8147e-06		50000
5	11111101110101		8		0		50002
6	11111101110101		20		0.192551		49993
6	11111101110101		19		0.154323		49995
6	11111101110101		18		0.120508		49996
6	11111101110101		17		0.0913798		49997
6	11111101110101		16		0.0669637		49997
6	11111101110101		15		0.0471701		49998
6	11111101110101		14		0.0317461		49999
6	11111101110101		13		0.0201607		50000
6	11111101110101		12		0.0119152		50000
6	11111101110101		11		0.00637209		50000
6	11111101110101		10		0.00296056		50000
6	11111101110101		9		0.00110185		50000
6	11111101110101		8		0.000313699		50002
6	11111101110101		7		5.62668e-05		50013
6	11111101110101		6		3.8147e-06		50017
6	11111101110101		5		0		50073
7	11111101110101		17		0.192901		49997
7	11111101110101		16		0.153891		49997
7	11111101110101		15		0.119357		49998
7	11111101110101		14		0.0896008		49999
7	11111101110101		13		0.0647302		50000
7	11111101110101		12		0.0446351		50000
7	11111101110101		11		0.0290043		50000
7	11111101110101		10		0.0174067		50000
7	11111101110101		9		0.00936294		50000
7	11111101110101		8		0.00428993		50002
7	11111101110101		7		0.00155902		50013
7	11111101110101		6		0.000423312		50017
7	11111101110101		5		8.96454e-05		50073
7	11111101110101		4		9.53674e-06		50263
7	11111101110101		3		9.53674e-07		51306
7	11111101110101		2		0		62152
0	11111110001111		54		0		25052
1	11111110001111		44		0		44718
2	11111110001111		37		0.133603		48411
2	11111110001111		36		0.109465		48659
2	11111110001111		35		0.0878738		48840
2	11111110001111		34		0.0695689		49047
2	11111110001111		33		0		49546
3	11111110001111		32		0.191277		49621
3	11111110001111		31		0.145961		49707
3	11111110001111		30		0.107269		49771
3	11111110001111		29		0.0681542		49847
3	11111110001111		28		0.0519692		49875
3	11111110001111		27		0.0360198		49910
3	11111110001111		26		0.0133034		49954
3	11111110001111		25		0.00869882		49963
3	11111110001111		24		0.00522506		49973
3	11111110001111		23		0.00276089		49980
3	11111110001111		22		0		49985
4	11111110001111		27		0.179058		49910
4	11111110001111		26		0.138856		49954
4	11111110001111		25		0.10371		49963
4	11111110001111		24		0.075779		49973
4	11111110001111		23		0.0531861		49980
4	11111110001111		22		0.0338182		49985
4	11111110001111		21		0.0225406		49987
4	11111110001111		20		0.0137162		49993
4	11111110001111		19		0.0067482		49995
4	11111110001111		18		0.00345963		49998
4	11111110001111		17		0.00170135		49998
4	11111110001111		16		0.000593007		49999
4	11111110001111		15		4.673e-05		50000
4	11111110001111		14		9.05991e-06		50000
4	11111110001111		13		1.90735e-06		50000
4	11111110001111		12		0		50000
5	11111110001111		23		0.18121		49980
5	11111110001111		22		0.142191		49985
5	11111110001111		21		0.107972		49987
5	11111110001111		20		0.0800536		49993
5	11111110001111		19		0.0571862		49995
5	11111110001111		18		0.0389177		49998
5	11111110001111		17		0.0252532		49998
5	11111110001111		16		0.0153139		49999
5	11111110001111		15		0.00842202		50000
5	11111110001111		14		0.00440007		50000
5	11111110001111		13		0.00202453		50000
5	11111110001111		12		0.000764072		50000
5	11111110001111		11		0.000264585		50000
5	11111110001111		10		6.53267e-05		50000
5	11111110001111		9		7.15256e-06		50000
5	11111110001111		8		0		50000
6	11111110001111		20		0.199812		49993
6	11111110001111		19		0.159438		49995
6	11111110001111		18		0.123742		49998
6	11111110001111		17		0.0930619		49998
6	11111110001111		16		0.0673943		49999
6	11111110001111		15		0.0465384		50000
6	11111110001111		14		0.0304571		50000
6	11111110001111		13		0.0187252		50000
6	11111110001111		12		0.0106658		50000
6	11111110001111		11		0.0054999		50000
6	11111110001111		10		0.00255829		50000
6	11111110001111		9		0.00103325		50000
6	11111110001111		8		0.000369012		50000
6	11111110001111		7		0.000110626		50006
6	11111110001111		6		3.43323e-05		50006
6	11111110001111		5		6.67572e-06		50045
6	11111110001111		4		9.53674e-07		50140
6	11111110001111		3		9.53674e-07		52406
6	11111110001111		2		0		87777
7	11111110001111		17		0.199452		49998
7	11111110001111		16		0.158375		49999
7	11111110001111		15		0.121844		50000
7	11111110001111		14		0.0903454		50000
7	11111110001111		13		0.0641931		50000
7	11111110001111		12		0.0432017		50000
7	11111110001111		11		0.0273166		50000
7	11111110001111		10		0.0159682		50000
7	11111110001111		9		0.00847918		50000
7	11111110001111		8		0.0040924		50000
7	11111110001111		7		0.00174558		50006
7	11111110001111		6		0.000660658		50006
7	11111110001111		5		0.000224113		50045
7	11111110001111		4		6.77109e-05		50140
7	11111110001111		3		1.14441e-05		52406
7	11111110001111		2		2.86102e-06		87777
7	11111110001111		1		0		665634
0	111111111111		56		0		25052
1	111111111111		45		0		44383
2	111111111111		36		0.168529		48253
2	111111111111		35		0.139042		48499
2	111111111111		34		0.112445		48739
2	111111111111		33		0		49439
3	111111111111		31		0.195311		49629
3	111111111111		30		0.153977		49703
3	111111111111		29		0.120262		49762
3	111111111111		28		0.0922338		49811
3	111111111111		27		0.0690648		49853
3	111111111111		26		0.0508448		49891
3	111111111111		25		0.0368298		49912
3	111111111111		24		0.0259585		49932
3	111111111111		23		0.0174499		49952
3	111111111111		22		0.0108132		49968
3	111111111111		21		0		49983
4	111111111111		26		0.197753		49891
4	111111111111		25		0.162334		49912
4	111111111111		24		0.131833		49932
4	111111111111		23		0.105386		49952
4	111111111111		22		0.0825952		49968
4	111111111111		21		0.0633087		49983
4	111111111111		20		0.0454411		49988
4	111111111111		19		0.0322455		49989
4	111111111111		18		0.0224185		49990
4	111111111111		17		0.0152233		49994
4	111111111111		16		0.00994426		49995
4	111111111111		15		0.00617784		49995
4	111111111111		14		0.00365114		49998
4	111111111111		13		0.00203592		49998
4	111111111111		12		0.00103992		49998
4	111111111111		11		0.000456214		49999
4	111111111111		10		0.000145912		49999
4	111111111111		9		0		50006
5	111111111111		21		0.173097		49983
5	111111111111		20		0.142557		49988
5	111111111111		19		0.115106		49989
5	111111111111		18		0.0909867		49990
5	111111111111		17		0.0705015		49994
5	111111111111		16		0.053256		49995
5	111111111111		15		0.0390451		49995
5	111111111111		14		0.0278865		49998
5	111111111111		13		0.0194797		49998
5	111111111111		12		0.0132034		49998
5	111111111111		11		0.00861818		49999
5	111111111111		10		0.00538468		49999
5	111111111111		9		0.00320208		50006
5	111111111111		8		0.00179511		50006
5	111111111111		7		0.000954151		50042
5	111111111111		6		0.000469089		50135
5	111111111111		5		0.000211239		50402
5	111111111111		4		7.62939e-05		52021
5	111111111111		3		2.19345e-05		58459
5	111111111111		2		5.72205e-06		82271
5	111111111111		1		4.76837e-07		179893
6	111111111111		18		0.194012		49990
6	111111111111		17		0.161188		49994
6	111111111111		16		0.131375		49995
6	111111111111		15		0.104637		49995
6	111111111111		14		0.0816007		49998
6	111111111111		13		0.0624378		49998
6	111111111111		12		0.0467193		49998
6	111111111111		11		0.0340675		49999
6	111111111111		10		0.0240896		49999
6	111111111111		9		0.0165067		50006
6	111111111111		8		0.0108705		50006
6	111111111111		7		0.00683343		50042
6	111111111111		6		0.00408578		50135
6	111111111111		5		0.0022881		50402
6	111111111111		4		0.00116378		52021
6	111111111111		3		0.000526309		58459
6	111111111111		2		0.000202179		82271
6	111111111111		1		5.62668e-05		179893
7	111111111111		15		0.195517		49995
7	111111111111		14		0.161172		49998
7	111111111111		13		0.130567		49998
7	111111111111		12		0.10379		49998
7	111111111111		11		0.0806982		49999
7	111111111111		10		0.0612282		49999
7	111111111111		9		0.0452071		50006
7	111111111111		8		0.0323461		50006
7	111111111111		7		0.0223113		50042
7	111111111111		6		0.0147164		50135
7	111111111111		5		0.00919664		50402
7	111111111111		4		0.00536144		52021
7	111111111111		3		0.00284266		58459
7	111111111111		2		0.00128853		82271
7	111111111111		1		0.000457644		179893
0	1110100111010011101		49		0		25052
1	1110100111010011101		38		0		45564
2	1110100111010011101		33		0.182778		48088
2	1110100111010011101		32		0.143788		48413
2	1110100111010011101		31		0.108591		48706
2	1110100111010011101		30		0.060894		49055
2	1110100111010011101		29		0.0415017		49265
2	1110100111010011101		28		0.0244371		49456
2	1110100111010011101		27		0.0133921		49611
2	1110100111010011101		26		0		49755
3	1110100111010011101		27		0.162596		49611
3	1110100111010011101		26		0.121356		49755
3	1110100111010011101		25		0.0876834		49812
3	1110100111010011101		24		0.0602507		49858
3	1110100111010011101		23		0.0395932		49898
3	1110100111010011101		22		0.0241664		49929
3	1110100111010011101		21		0.0140253		49945
3	1110100111010011101		20		0.00603443		49965
3	1110100111010011101		19		0.00194979		49978
3	1110100111010011101		18		0.000271022		49987
3	1110100111010011101		17		1.16825e-05		49990
3	1110100111010011101		16		0		49995
4	1110100111010011101		23		0.18289		49898
4	1110100111010011101		22		0.141458		49929
4	1110100111010011101		21		0.106054		49945
4	1110100111010011101		20		0.0761068		49965
4	1110100111010011101		19		0.0518659		49978
4	1110100111010011101		18		0.0332122		49987
4	1110100111010011101		17		0.0196512		49990
4	1110100111010011101		16		0.0103317		49995
4	1110100111010011101		15		0.0047822		49996
4	1110100111010011101		14		0.00169516		49997
4	1110100111010011101		13		0.000472903		49998
4	1110100111010011101		12		7.29561e-05		49999
4	1110100111010011101		11		3.8147e-06		50000
4	1110100111010011101		10		0		50000
5	1110100111010011101		19		0.172071		49978
5	1110100111010011101		18		0.131911		49987
5	1110100111010011101		17		0.0972199		49990
5	1110100111010011101		16		0.068101		49995
5	1110100111010011101		15		0.044897		49996
5	1110100111010011101		14		0.0273671		49997
5	1110100111010011101		13		0.0152228		49998
5	1110100111010011101		12		0.00750053		49999
5	1110100111010011101		11		0.00320208		50000
5	1110100111010011101		10		0.00111806		50000
5	1110100111010011101		9		0.000271738		50000
5	1110100111010011101		8		3.57628e-05		50000
5	1110100111010011101		7		4.76837e-06		50000
5	1110100111010011101		6		0		50000
6	1110100111010011101		16		0.178348		49995
6	1110100111010011101		15		0.135819		49996
6	1110100111010011101		14		0.0987275		49997
6	1110100111010011101		13		0.0677339		49998
6	1110100111010011101		12		0.0434326		49999
6	1110100111010011101		11		0.0255989		50000
6	1110100111010011101		10		0.0135882		50000
6	1110100111010011101		9		0.00630009		50000
6	1110100111010011101		8		0.0025174		50000
6	1110100111010011101		7		0.000802696		50000
6	1110100111010011101		6		0.000173569		50000
6	1110100111010011101		5		2.67029e-05		50000
6	1110100111010011101		4		9.53674e-07		50000
6	1110100111010011101		3		0		50020
7	1110100111010011101		13		0.160623		49998
7	1110100111010011101		12		0.117629		49999
7	1110100111010011101		11		0.0810829		50000
7	1110100111010011101		10		0.0520743		50000
7	1110100111010011101		9		0.0305227		50000
7	1110100111010011101		8		0.016001		50000
7	1110100111010011101		7		0.00730979		50000
7	1110100111010011101		6		0.00276375		50000
7	1110100111010011101		5		0.000790298		50000
7	1110100111010011101		4		0.000148773		50000
7	1110100111010011101		3		1.62125e-05		50020
7	1110100111010011101		2		0		50568
0	111111111000111		53		0		25052
1	111111111000111		42		0		44977
2	111111111000111		36		0.188678		48035
2	111111111000111		35		0.159011		48303
2	111111111000111		34		0.132467		48532
2	111111111000111		33		0.0862851		48880
2	111111111000111		32		0.0688612		49063
2	111111111000111		31		0.0541594		49227
2	111111111000111		30		0		49615
3	111111111000111		30		0.198311		49615
3	111111111000111		29		0.155977		49691
3	111111111000111		28		0.118566		49770
3	111111111000111		27		0.0794919		49834
3	111111111000111		26		0.0592363		49869
3	111111111000111		25		0.0451306		49899
3	111111111000111		24		0.0258949		49932
3	111111111000111		23		0.0178559		49949
3	111111111000111		22		0.0116402		49958
3	111111111000111		21		0.00433791		49974
3	111111111000111		20		0.00238919		49981
3	111111111000111		19		0.0010947		49985
3	111111111000111		18		0		49991
4	111111111000111		25		0.184422		49899
4	111111111000111		24		0.147238		49932
4	111111111000111		23		0.11441		49949
4	111111111000111		22		0.0875021		49958
4	111111111000111		21		0.0631819		49974
4	111111111000111		20		0.0451556		49981
4	111111111000111		19		0.0311498		49985
4	111111111000111		18		0.0197008		49991
4	111111111000111		17		0.0123829		49993
4	111111111000111		16		0.0073396		49997
4	111111111000111		15		0.0034796		49998
4	111111111000111		14		0.00161755		49998
4	111111111000111		13		0.000594437		49999
4	111111111000111		12		8.39233e-05		49999
4	111111111000111		11		1.62125e-05		49999
4	111111111000111		10		4.76837e-07		50000
4	111111111000111		9		0		50000
5	111111111000111		21		0.187319		49974
5	111111111000111		20		0.15018		49981
5	111111111000111		19		0.117895		49985
5	111111111000111		18		0.0902187		49991
5	111111111000111		17		0.0666744		49993
5	111111111000111		16		0.0477687		49997
5	111111111000111		15		0.0325952		49998
5	111111111000111		14		0.0210377		49998
5	111111111000111		13		0.012673		49999
5	111111111000111		12		0.00688648		49999
5	111111111000111		11		0.0034411		49999
5	111111111000111		10		0.00149757		50000
5	111111111000111		9		0.0004915		50000
5	111111111000111		8		0.000121593		50000
5	111111111000111		7		1.43051e-05		50000
5	111111111000111		6		0		50006
6	111111111000111		17		0.165965		49993
6	111111111000111		16		0.13141		49997
6	111111111000111		15		0.101177		49998
6	111111111000111		14		0.0752658		49998
6	111111111000111		13		0.0537408		49999
6	111111111000111		12		0.0363879		49999
6	111111111000111		11		0.0230765		49999
6	111111111000111		10		0.0135224		50000
6	111111111000111		9		0.00704467		50000
6	111111111000111		8		0.00326765		50000
6	111111111000111		7		0.001279		50000
6	111111111000111		6		0.000414789		50006
6	111111111000111		5		0.000126839		50011
6	111111111000111		4		2.95639e-05		50045
6	111111111000111		3		2.86102e-06		50592
6	111111111000111		2		0		59282
7	111111111000111		14		0.162771		49998
7	111111111000111		13		0.127228		49999
7	111111111000111		12		0.0958737		49999
7	111111111000111		11		0.0691918		49999
7	111111111000111		10		0.0472546		50000
7	111111111000111		9		0.0297763		50000
7	111111111000111		8		0.0172652		50000
7	111111111000111		7		0.00886112		50000
7	111111111000111		6		0.00382549		50006
7	111111111000111		5		0.00149614		50011
7	111111111000111		4		0.000443339		50045
7	111111111000111		3		8.4877e-05		50592
7	111111111000111		2		1.71661e-05		59282
7	111111111000111		1		9.53674e-07		202125
0	1111111111111		55		0		25052
1	1111111111111		43		0		44622
2	1111111111111		35		0.19682		48044
2	1111111111111		34		0.164853		48295
2	1111111111111		33		0.136728		48529
2	1111111111111		32		0.111374		48758
2	1111111111111		31		0.0887467		48943
2	1111111111111		30		0		49528
3	1111111111111		28		0.167689		49683
3	1111111111111		27		0.132382		49749
3	1111111111111		26		0.102705		49793
3	1111111111111		25		0.0781097		49842
3	1111111111111		24		0.0587349		49876
3	1111111111111		23		0.0437416		49903
3	1111111111111		22		0.0319963		49925
3	1111111111111		21		0.0227725		49940
3	1111111111111		20		0.0155829		49958
3	1111111111111		19		0.010003		49971
3	1111111111111		18		0.00577801		49981
3	1111111111111		17		0		49988
4	1111111111111		23		0.17111		49903
4	1111111111111		22		0.140625		49925
4	1111111111111		21		0.114051		49940
4	1111111111111		20		0.0911618		49958
4	1111111111111		19		0.0715819		49971
4	1111111111111		18		0.0550534		49981
4	1111111111111		17		0.0414295		49988
4	1111111111111		16		0.0294399		49989
4	1111111111111		15		0.0205264		49992
4	1111111111111		14		0.0139866		49995
4	1111111111111		13		0.00916028		49995
4	1111111111111		12		0.00573128		49996
4	1111111111111		11		0.00344205		49998
4	1111111111111		10		0.00196737		49998
4	1111111111111		9		0.00105518		49998
4	1111111111111		8		0.000508666		50005
4	1111111111111		7		0.00020647		50006
4	1111111111111		6		6.67572e-05		50042
4	1111111111111		5		1.57356e-05		50135
4	1111111111111		4		0		50402
5	1111111111111		19		0.180303		49971
5	1111111111111		18		0.149983		49981
5	1111111111111		17		0.123034		49988
5	1111111111111		16		0.0994548		49989
5	1111111111111		15		0.0786747		49992
5	1111111111111		14		0.0608897		49995
5	1111111111111		13		0.045792		49995
5	1111111111111		12		0.0333865		49996
5	1111111111111		11		0.0236921		49998
5	1111111111111		10		0.016404		49998
5	1111111111111		9		0.0109748		49998
5	1111111111111		8		0.00707638		50005
5	1111111111111		7		0.00434214		50006
5	1111111111111		6		0.00252265		50042
5	1111111111111		5		0.00135428		50135
5	1111111111111		4		0.000673056		50402
5	1111111111111		3		0.000293672		52021
5	1111111111111		2		9.87053e-05		58459
5	1111111111111		1		2.24113e-05		82270
6	1111111111111		16		0.198723		49989
6	1111111111111		15		0.166766		49992
6	1111111111111		14		0.137767		49995
6	1111111111111		13		0.111385		49995
6	1111111111111		12		0.0878775		49996
6	1111111111111		11		0.0677882		49998
6	1111111111111		10		0.051169		49998
6	1111111111111		9		0.0376525		49998
6	1111111111111		8		0.0268508		50005
6	1111111111111		7		0.0184482		50006
6	1111111111111		6		0.0121648		50042
6	1111111111111		5		0.00760698		50135
6	1111111111111		4		0.00443804		50402
6	1111111111111		3		0.0023585		52021
6	1111111111111		2		0.00107896		58459
6	1111111111111		1		0.000406206		82270
7	1111111111111		13		0.198553		49995
7	1111111111111		12		0.164674		49996
7	1111111111111		11		0.133953		49998
7	1111111111111		10		0.106895		49998
7	1111111111111		9		0.0833753		49998
7	1111111111111		8		0.0633369		50005
7	1111111111111		7		0.0466847		50006
7	1111111111111		6		0.0331652		50042
7	1111111111111		5		0.0225546		50135
7	1111111111111		4		0.0144891		50402
7	1111111111111		3		0.00860971		52021
7	1111111111111		2		0.00454342		58459
7	1111111111111		1		0.00194836		82270
0	110101111001100010111		47		0		25052
1	110101111001100010111		35		0		45987
2	110101111001100010111		31		0.19354		47994
2	110101111001100010111		30		0.162354		48286
2	110101111001100010111		29		0.120011		48605
2	110101111001100010111		28		0.0864097		48884
2	110101111001100010111		27		0.0567467		49143
2	110101111001100010111		26		0.037062		49325
2	110101111001100010111		25		0.0201172		49514
2	110101111001100010111		24		0.00719357		49675
2	110101111001100010111		23		0.00379628		49760
2	110101111001100010111		22		0		49841
3	110101111001100010111		25		0.187625		49514
3	110101111001100010111		24		0.142984		49675
3	110101111001100010111		23		0.103753		49760
3	110101111001100010111		22		0.0722753		49841
3	110101111001100010111		21		0.0477303		49874
3	110101111001100010111		20		0.0297113		49907
3	110101111001100010111		19		0.017317		49937
3	110101111001100010111		18		0.00870728		49951
3	110101111001100010111		17		0.00383401		49968
3	110101111001100010111		16		0.00103635		49981
3	110101111001100010111		15		0.000226974		49989
3	110101111001100010111		14		0		49991
4	110101111001100010111		20		0.159082		49907
4	110101111001100010111		19		0.119355		49937
4	110101111001100010111		18		0.0857521		49951
4	110101111001100010111		17		0.0580742		49968
4	110101111001100010111		16		0.0364688		49981
4	110101111001100010111		15		0.0207202		49989
4	110101111001100010111		14		0.0104634		49991
4	110101111001100010111		13		0.00470197		49992
4	110101111001100010111		12		0.00178891		49996
4	110101111001100010111		11		0.000594437		49997
4	110101111001100010111		10		0.000156879		49998
4	110101111001100010111		9		2.71797e-05		49999
4	110101111001100010111		8		1.90735e-06		50000
4	110101111001100010111		7		4.76837e-07		50000
4	110101111001100010111		6		0		50000
5	110101111001100010111		17		0.186349		49968
5	110101111001100010111		16		0.142057		49981
5	110101111001100010111		15		0.103228		49989
5	110101111001100010111		14		0.0704395		49991
5	110101111001100010111		13		0.0443758		49992
5	110101111001100010111		12		0.0254368		49996
5	110101111001100010111		11		0.0130557		49997
5	110101111001100010111		10		0.00591999		49998
5	110101111001100010111		9		0.00233328		49999
5	110101111001100010111		8		0.00078553		50000
5	110101111001100010111		7		0.000185966		50000
5	110101111001100010111		6		2.81334e-05		50000
5	110101111001100010111		5		4.76837e-07		50000
5	110101111001100010111		4		0		50000
6	110101111001100010111		14		0.185217		49991
6	110101111001100010111		13		0.138057		49992
6	110101111001100010111		12		0.0968647		49996
6	110101111001100010111		11		0.0631341		49997
6	110101111001100010111		10		0.0375056		49998
6	110101111001100010111		9		0.0200195		49999
6	110101111001100010111		8		0.0093469		50000
6	110101111001100010111		7		0.00370294		50000
6	110101111001100010111		6		0.00120664		50000
6	110101111001100010111		5		0.000294626		50000
6	110101111001100010111		4		5.43594e-05		50000
6	110101111001100010111		3		4.76837e-06		50000
6	110101111001100010111		2		0		50012
7	110101111001100010111		11		0.154501		49997
7	110101111001100010111		10		0.107665		49998
7	110101111001100010111		9		0.0692903		49999
7	110101111001100010111		8		0.0402838		50000
7	110101111001100010111		7		0.0206156		50000
7	110101111001100010111		6		0.00899535		50000
7	110101111001100010111		5		0.00311458		50000
7	110101111001100010111		4		0.000796974		50000
7	110101111001100010111		3		0.000120163		50000
7	110101111001100010111		2		8.58307e-06		50012
7	110101111001100010111		1		9.53674e-07		84891
0	11111111110000111		51		0		25052
1	11111111110000111		39		0		45477
2	11111111110000111		33		0.17663		48187
2	11111111110000111		32		0.134365		48514
2	11111111110000111		31		0.111825		48710
2	11111111110000111		30		0.0923277		48897
2	11111111110000111		29		0.0522646		49232
2	11111111110000111		28		0.0405739		49355
2	11111111110000111		27		0.0304268		49476
2	11111111110000111		26		0		49754
3	11111111110000111		27		0.179417		49476
3	11111111110000111		26		0.134621		49754
3	11111111110000111		25		0.103205		49812
3	11111111110000111		24		0.0773193		49846
3	11111111110000111		23		0.0537471		49883
3	11111111110000111		22		0.0376729		49917
3	11111111110000111		21		0.0278565		49932
3	11111111110000111		20		0.0190532		49947
3	11111111110000111		19		0.00921482		49970
3	11111111110000111		18		0.00550848		49978
3	11111111110000111		17		0.00281769		49982
3	11111111110000111		16		0.000469089		49987
3	11111111110000111		15		0.000146389		49992
3	11111111110000111		14		2.14577e-05		49994
3	11111111110000111		13		0		49998
4	11111111110000111		22		0.162536		49917
4	11111111110000111		21		0.12974		49932
4	11111111110000111		20		0.102098		49947
4	11111111110000111		19		0.0766472		49970
4	11111111110000111		18		0.0559959		49978
4	11111111110000111		17		0.0392082		49982
4	11111111110000111		16		0.0252704		49987
4	11111111110000111		15		0.016055		49992
4	11111111110000111		14		0.00975496		49994
4	11111111110000111		13		0.00556678		49998
4	11111111110000111		12		0.0025664		49999
4	11111111110000111		11		0.00105709		49999
4	11111111110000111		10		0.000262201		49999
4	11111111110000111		9		1.57356e-05		49999
4	11111111110000111		8		0		50000
5	11111111110000111		18		0.163178		49978
5	11111111110000111		17		0.12956		49982
5	11111111110000111		16		0.100045		49987
5	11111111110000111		15		0.0742891		49992
5	11111111110000111		14		0.0533544		49994
5	11111111110000111		13		0.0368882		49998
5	11111111110000111		12		0.0237861		49999
5	11111111110000111		11		0.0142597		49999
5	11111111110000111		10		0.00764769		49999
5	11111111110000111		9		0.00363117		49999
5	11111111110000111		8		0.00156516		50000
5	11111111110000111		7		0.000641167		50000
5	11111111110000111		6		0.000204086		50000
5	11111111110000111		5		3.14713e-05		50000
5	11111111110000111		4		6.19888e-06		50011
5	11111111110000111		3		9.53674e-07		50129
5	11111111110000111		2		0		52265
6	11111111110000111		15		0.174241		49992
6	11111111110000111		14		0.138098		49994
6	11111111110000111		13		0.106245		49998
6	11111111110000111		12		0.0784229		49999
6	11111111110000111		11		0.0552682		49999
6	11111111110000111		10		0.0364908		49999
6	11111111110000111		9		0.0220866		49999
6	11111111110000111		8		0.0120904		50000
6	11111111110000111		7		0.00624794		50000
6	11111111110000111		6		0.00281316		50000
6	11111111110000111		5		0.0010342		50000
6	11111111110000111		4		0.000320375		50011
6	11111111110000111		3		9.25064e-05		50129
6	11111111110000111		2		1.52588e-05		52265
6	11111111110000111		1		1.90735e-06		86197
7	11111111110000111		12		0.164759		49999
7	11111111110000111		11		0.127269		49999
7	11111111110000111		10		0.0938685		49999
7	11111111110000111		9		0.0652046		49999
7	11111111110000111		8		0.0415305		50000
7	11111111110000111		7		0.0251649		50000
7	11111111110000111		6		0.0137106		50000
7	11111111110000111		5		0.00646305		50000
7	11111111110000111		4		0.00259256		50011
7	11111111110000111		3		0.000984669		50129
7	11111111110000111		2		0.000283182		52265
7	11111111110000111		1		4.1008e-05		86197
0	11111111111111		54		0		25052
1	11111111111111		41		0		44827
2	11111111111111		33		0.190762		48110
2	11111111111111		32		0.160341		48340
2	11111111111111		31		0.133603		48569
2	11111111111111		30		0.109465		48788
2	11111111111111		29		0.0878738		48961
2	11111111111111		28		0.0695689		49142
2	11111111111111		27		0		49596
3	11111111111111		26		0.178665		49664
3	11111111111111		25		0.14209		49736
3	11111111111111		24		0.11107		49788
3	11111111111111		23		0.0852262		49830
3	11111111111111		22		0.0649057		49870
3	11111111111111		21		0.0491968		49891
3	11111111111111		20		0.0367997		49918
3	11111111111111		19		0.0269573		49934
3	11111111111111		18		0.019263		49952
3	11111111111111		17		0.0133034		49964
3	11111111111111		16		0.00869882		49975
3	11111111111111		15		0.00522506		49981
3	11111111111111		14		0.00276089		49986
3	11111111111111		13		0		49992
4	11111111111111		21		0.175699		49891
4	11111111111111		20		0.145672		49918
4	11111111111111		19		0.119241		49934
4	11111111111111		18		0.0963646		49952
4	11111111111111		17		0.076822		49964
4	11111111111111		16		0.0601702		49975
4	11111111111111		15		0.0461136		49981
4	11111111111111		14		0.0345841		49986
4	11111111111111		13		0.0253034		49992
4	11111111111111		12		0.0175033		49994
4	11111111111111		11		0.0117813		49996
4	11111111111111		10		0.0076108		49997
4	11111111111111		9		0.0046882		49997
4	11111111111111		8		0.00276899		49998
4	11111111111111		7		0.00155854		50005
4	11111111111111		6		0.000813127		50005
4	11111111111111		5		0.000377595		50041
4	11111111111111		4		0.000151634		50135
4	11111111111111		3		4.673e-05		50402
4	11111111111111		2		9.05991e-06		52021
4	11111111111111		1		1.90735e-06		58459
5	11111111111111		17		0.182553		49964
5	11111111111111		16		0.152972		49975
5	11111111111111		15		0.126306		49981
5	11111111111111		14		0.102803		49986
5	11111111111111		13		0.0824057		49992
5	11111111111111		12		0.064741		49994
5	11111111111111		11		0.0494899		49996
5	11111111111111		10		0.0366433		49997
5	11111111111111		9		0.0262246		49997
5	11111111111111		8		0.0182048		49998
5	11111111111111		7		0.0122039		50005
5	11111111111111		6		0.00785726		50005
5	11111111111111		5		0.00477457		50041
5	11111111111111		4		0.00270522		50135
5	11111111111111		3		0.00137711		50402
5	11111111111111		2		0.00061208		52021
5	11111111111111		1		0.000212669		58459
6	11111111111111		14		0.197921		49986
6	11111111111111		13		0.166698		49992
6	11111111111111		12		0.138241		49994
6	11111111111111		11		0.112461		49996
6	11111111111111		10		0.0893455		49997
6	11111111111111		9		0.0691305		49997
6	11111111111111		8		0.0520924		49998
6	11111111111111		7		0.0381783		50005
6	11111111111111		6		0.0269946		50005
6	11111111111111		5		0.0182619		50041
6	11111111111111		4		0.0117031		50135
6	11111111111111		3		0.00693291		50402
6	11111111111111		2		0.00365824		52021
6	11111111111111		1		0.00159043		58459
7	11111111111111		11		0.194741		49996
7	11111111111111		10		0.161665		49997
7	11111111111111		9		0.131408		49997
7	11111111111111		8		0.104438		49998
7	11111111111111		7		0.0809261		50005
7	11111111111111		6		0.0608234		50005
7	11111111111111		5		0.0440026		50041
7	11111111111111		4		0.0303711		50135
7	11111111111111		3		0.0196597		50402
7	11111111111111		2		0.0115759		52021
7	11111111111111		1		0.00580716		58459
0	1111011010001110011011		46		0		25052
1	1111011010001110011011		33		0		46249
2	1111011010001110011011		29		0.189489		48078
2	1111011010001110011011		28		0.155853		48354
2	1111011010001110011011		27		0.123134		48629
2	1111011010001110011011		26		0.0796745		48950
2	1111011010001110011011		25		0.050907		49184
2	1111011010001110011011		24		0.0363156		49346
2	1111011010001110011011		23		0.0186499		49529
2	1111011010001110011011		22		0.0080179		49671
2	1111011010001110011011		21		0.00338221		49759
2	1111011010001110011011		20		0.00135356		49829
2	1111011010001110011011		19		0		49881
3	1111011010001110011011		23		0.178578		49529
3	1111011010001110011011		22		0.13849		49671
3	1111011010001110011011		21		0.102803		49759
3	1111011010001110011011		20		0.0724775		49829
3	1111011010001110011011		19		0.0469336		49881
3	1111011010001110011011		18		0.0269687		49909
3	1111011010001110011011		17		0.0151451		49936
3	1111011010001110011011		16		0.00806707		49950
3	1111011010001110011011		15		0.00364047		49967
3	1111011010001110011011		14		0.00117517		49978
3	1111011010001110011011		13		0.000230551		49987
3	1111011010001110011011		12		3.55244e-05		49992
3	1111011010001110011011		11		0		49993
4	1111011010001110011011		19		0.197474		49881
4	1111011010001110011011		18		0.153132		49909
4	1111011010001110011011		17		0.112958		49936
4	1111011010001110011011		16		0.0795569		49950
4	1111011010001110011011		15		0.0535779		49967
4	1111011010001110011011		14		0.0331274		49978
4	1111011010001110011011		13		0.0177937		49987
4	1111011010001110011011		12		0.00847256		49992
4	1111011010001110011011		11		0.003663		49993
4	1111011010001110011011		10		0.00138521		49996
4	1111011010001110011011		9		0.000431895		49996
4	1111011010001110011011		8		9.63211e-05		49999
4	1111011010001110011011		7		2.14577e-05		50000
4	1111011010001110011011		6		2.86102e-06		50000
4	1111011010001110011011		5		9.53674e-07		50000
4	1111011010001110011011		4		0		50000
5	1111011010001110011011		15		0.173712		49967
5	1111011010001110011011		14		0.130743		49978
5	1111011010001110011011		13		0.0928447		49987
5	1111011010001110011011		12		0.0608789		49992
5	1111011010001110011011		11		0.0366594		49993
5	1111011010001110011011		10		0.0198784		49996
5	1111011010001110011011		9		0.0095306		49996
5	1111011010001110011011		8		0.00388151		49999
5	1111011010001110011011		7		0.00131333		50000
5	1111011010001110011011		6		0.000363767		50000
5	1111011010001110011011		5		7.43866e-05		50000
5	1111011010001110011011		4		1.28746e-05		50000
5	1111011010001110011011		3		9.53674e-07		50000
5	1111011010001110011011		2		0		50000
6	1111011010001110011011		12		0.165883		49992
6	1111011010001110011011		11		0.119359		49993
6	1111011010001110011011		10		0.0800807		49996
6	1111011010001110011011		9		0.049237		49996
6	1111011010001110011011		8		0.0270745		49999
6	1111011010001110011011		7		0.0128194		50000
6	1111011010001110011011		6		0.00507492		50000
6	1111011010001110011011		5		0.00157803		50000
6	1111011010001110011011		4		0.000376642		50000
6	1111011010001110011011		3		6.10352e-05		50000
6	1111011010001110011011		2		5.72205e-06		50000
6	1111011010001110011011		1		0		58550
7	1111011010001110011011		10		0.178295		49996
7	1111011010001110011011		9		0.126579		49996
7	1111011010001110011011		8		0.0829372		49999
7	1111011010001110011011		7		0.0488025		50000
7	1111011010001110011011		6		0.0248571		50000
7	1111011010001110011011		5		0.0104894		50000
7	1111011010001110011011		4		0.00345963		50000
7	1111011010001110011011		3		0.000846505		50000
7	1111011010001110011011		2		0.000123024		50000
7	1111011010001110011011		1		7.62939e-06		58550
0	11101110110001110110001		45		0		25052
1	11101110110001110110001		33		0.188754		42974
1	11101110110001110110001		32		0		46596
2	11101110110001110110001		28		0.172882		48295
2	11101110110001110110001		27		0.136337		48574
2	11101110110001110110001		26		0.0969961		48874
2	11101110110001110110001		25		0.0750669		49070
2	11101110110001110110001		24		0.0479068		49284
2	11101110110001110110001		23		0.0358081		49431
2	11101110110001110110001		22		0.0216257		49586
2	11101110110001110110001		21		0.00987673		49713
2	11101110110001110110001		20		0.00441551		49800
2	11101110110001110110001		19		0.00073427		49861
2	11101110110001110110001		18		0		49894
3	11101110110001110110001		23		0.18192		49431
3	11101110110001110110001		22		0.146061		49586
3	11101110110001110110001		21		0.11232		49713
3	11101110110001110110001		20		0.0836759		49800
3	11101110110001110110001		19		0.0585448		49861
3	11101110110001110110001		18		0.0395676		49894
3	11101110110001110110001		17		0.0251651		49927
3	11101110110001110110001		16		0.0149746		49938
3	11101110110001110110001		15		0.00848275		49951
3	11101110110001110110001		14		0.0042721		49967
3	11101110110001110110001		13		0.00182509		49979
3	11101110110001110110001		12		0.000587046		49988
3	11101110110001110110001		11		0.000128031		49993
3	11101110110001110110001		10		1.66893e-05		49997
3	11101110110001110110001		9		0		49998
4	11101110110001110110001		19		0.19505		49861
4	11101110110001110110001		18		0.154606		49894
4	11101110110001110110001		17		0.11845		49927
4	11101110110001110110001		16		0.0875503		49938
4	11101110110001110110001		15		0.0621347		49951
4	11101110110001110110001		14		0.0422195		49967
4	11101110110001110110001		13		0.0268624		49979
4	11101110110001110110001		12		0.0158232		49988
4	11101110110001110110001		11		0.0083884		49993
4	11101110110001110110001		10		0.00401312		49997
4	11101110110001110110001		9		0.0017156		49998
4	11101110110001110110001		8		0.000656843		49999
4	11101110110001110110001		7		0.000227451		50000
4	11101110110001110110001		6		5.29289e-05		50000
4	11101110110001110110001		5		1.43051e-05		50000
4	11101110110001110110001		4		9.53674e-07		50000
4	11101110110001110110001		3		0		50000
5	11101110110001110110001		15		0.172239		49951
5	11101110110001110110001		14		0.13259		49967
5	11101110110001110110001		13		0.0980715		49979
5	11101110110001110110001		12		0.0689964		49988
5	11101110110001110110001		11		0.0456591		49993
5	11101110110001110110001		10		0.0280311		49997
5	11101110110001110110001		9		0.015849		49998
5	11101110110001110110001		8		0.00813687		49999
5	11101110110001110110001		7		0.00373667		50000
5	11101110110001110110001		6		0.00151283		50000
5	11101110110001110110001		5		0.000498652		50000
5	11101110110001110110001		4		0.000110149		50000
5	11101110110001110110001		3		2.24113e-05		50000
5	11101110110001110110001		2		2.38419e-06		50004
5	11101110110001110110001		1		0		58606
6	11101110110001110110001		12		0.16492		49988
6	11101110110001110110001		11		0.122958		49993
6	11101110110001110110001		10		0.08688		49997
6	11101110110001110110001		9		0.0573751		49998
6	11101110110001110110001		8		0.0351106		49999
6	11101110110001110110001		7		0.0195727		50000
6	11101110110001110110001		6		0.00971997		50000
6	11101110110001110110001		5		0.00416362		50000
6	11101110110001110110001		4		0.00139141		50000
6	11101110110001110110001		3		0.000333726		50000
6	11101110110001110110001		2		4.673e-05		50004
6	11101110110001110110001		1		0		58606
7	11101110110001110110001		10		0.177225		49997
7	11101110110001110110001		9		0.129886		49998
7	11101110110001110110001		8		0.0892248		49999
7	11101110110001110110001		7		0.0567051		50000
7	11101110110001110110001		6		0.032764		50000
7	11101110110001110110001		5		0.0166099		50000
7	11101110110001110110001		4		0.00704658		50000
7	11101110110001110110001		3		0.00228143		50000
7	11101110110001110110001		2		0.000491977		50004
7	11101110110001110110001		1		4.1008e-05		58606
0	1111111111100000111		49		0		25052
1	1111111111100000111		36		0		45989
2	1111111111100000111		31		0.176121		48190
2	1111111111100000111		30		0.149524		48433
2	1111111111100000111		29		0.125571		48642
2	1111111111100000111		28		0.0936911		48892
2	1111111111100000111		27		0.0770724		49045
2	1111111111100000111		26		0.0617849		49214
2	1111111111100000111		25		0.0285528		49482
2	1111111111100000111		24		0.0205243		49596
2	1111111111100000111		23		0.0133921		49692
2	1111111111100000111		22		0		49830
3	1111111111100000111		25		0.188015		49482
3	1111111111100000111		24		0.152718		49596
3	1111111111100000111		23		0.120875		49692
3	1111111111100000111		22		0.0844551		49830
3	1111111111100000111		21		0.0635291		49869
3	1111111111100000111		20		0.0469756		49904
3	1111111111100000111		19		0.0332171		49926
3	1111111111100000111		18		0.024104		49942
3	1111111111100000111		17		0.0152946		49953
3	1111111111100000111		16		0.00961846		49968
3	1111111111100000111		15		0.00506258		49977
3	1111111111100000111		14		0.00122541		49986
3	1111111111100000111		13		0.00037998		49992
3	1111111111100000111		12		5.34058e-05		49996
3	1111111111100000111		11		0		49997
4	1111111111100000111		20		0.170638		49904
4	1111111111100000111		19		0.1377		49926
4	1111111111100000111		18		0.10926		49942
4	1111111111100000111		17		0.0848309		49953
4	1111111111100000111		16		0.0636941		49968
4	1111111111100000111		15		0.0452408		49977
4	1111111111100000111		14		0.0289997		49986
4	1111111111100000111		13		0.0180049		49992
4	1111111111100000111		12		0.0105988		49996
4	1111111111100000111		11		0.00611055		49997
4	1111111111100000111		10		0.0032919		49998
4	1111111111100000111		9		0.00155759		49999
4	1111111111100000111		8		0.000580609		49999
4	1111111111100000111		7		0.0001297		50000
4	1111111111100000111		6		1.04904e-05		50000
4	1111111111100000111		5		0		50000
5	1111111111100000111		16		0.168824		49968
5	1111111111100000111		15		0.134804		49977
5	1111111111100000111		14		0.103893		49986
5	1111111111100000111		13		0.0764961		49992
5	1111111111100000111		12		0.0537236		49996
5	1111111111100000111		11		0.0361862		49997
5	1111111111100000111		10		0.0227941		49998
5	1111111111100000111		9		0.0138478		49999
5	1111111111100000111		8		0.00754499		49999
5	1111111111100000111		7		0.00356227		50000
5	1111111111100000111		6		0.00153852		50000
5	1111111111100000111		5		0.000559151		50000
5	1111111111100000111		4		0.000209332		50007
5	1111111111100000111		3		6.48499e-05		50033
5	1111111111100000111		2		1.19209e-05		50506
5	1111111111100000111		1		3.8147e-06		58890
6	1111111111100000111		13		0.173929		49992
6	1111111111100000111		12		0.136116		49996
6	1111111111100000111		11		0.10252		49997
6	1111111111100000111		10		0.0728074		49998
6	1111111111100000111		9		0.0500227		49999
6	1111111111100000111		8		0.0321615		49999
6	1111111111100000111		7		0.0185886		50000
6	1111111111100000111		6		0.0100694		50000
6	1111111111100000111		5		0.00461847		50000
6	1111111111100000111		4		0.00215203		50007
6	1111111111100000111		3		0.000879884		50033
6	1111111111100000111		2		0.000244141		50506
6	1111111111100000111		1		6.67572e-05		58890
7	1111111111100000111		11		0.198194		49997
7	1111111111100000111		10		0.153276		49998
7	1111111111100000111		9		0.114994		49999
7	1111111111100000111		8		0.0816454		49999
7	1111111111100000111		7		0.0536469		50000
7	1111111111100000111		6		0.0330675		50000
7	1111111111100000111		5		0.0174892		50000
7	1111111111100000111		4		0.00924486		50007
7	1111111111100000111		3		0.00427282		50033
7	1111111111100000111		2		0.00145137		50506
7	1111111111100000111		1		0.000429034		58890
