errors	shape		t		lossrate	PM

0	1111111111		63		0		24052
1	1111111111		54		0		43255
2	1111111111		45		0.1959		47785
2	1111111111		44		0		49083
3	1111111111		40		0.178971		49587
3	1111111111		39		0.139311		49669
3	1111111111		38		0.106713		49730
3	1111111111		37		0.0797807		49777
3	1111111111		36		0.0575562		49826
3	1111111111		35		0.0397633		49855
3	1111111111		34		0		49928
4	1111111111		34		0.16119		49928
4	1111111111		33		0.118396		49945
4	1111111111		32		0.0858994		49963
4	1111111111		31		0.061371		49975
4	1111111111		30		0.0432488		49979
4	1111111111		29		0.0299054		49984
4	1111111111		28		0.019999		49992
4	1111111111		27		0.0127172		49997
4	1111111111		26		0.00744611		49998
4	1111111111		25		0.00382835		49998
4	1111111111		24		0		49999
5	1111111111		30		0.172236		49979
5	1111111111		29		0.137383		49984
5	1111111111		28		0.107609		49992
5	1111111111		27		0.0825379		49997
5	1111111111		26		0.0615813		49998
5	1111111111		25		0.044513		49998
5	1111111111		24		0.031202		49999
5	1111111111		23		0.020461		49999
5	1111111111		22		0.0131324		50000
5	1111111111		21		0.00819737		50000
5	1111111111		20		0.0049606		50000
5	1111111111		19		0.00288117		50000
5	1111111111		18		0.0015747		50000
5	1111111111		17		0.000783622		50000
5	1111111111		16		0.000332296		50000
5	1111111111		15		0.000106335		50000
5	1111111111		14		0		50000
6	1111111111		26		0.169715		49998
6	1111111111		25		0.135999		49998
6	1111111111		24		0.106912		49999
6	1111111111		23		0.0826127		49999
6	1111111111		22		0.0623109		50000
6	1111111111		21		0.0457697		50000
6	1111111111		20		0.0328434		50000
6	1111111111		19		0.023001		50000
6	1111111111		18		0.0156547		50000
6	1111111111		17		0.0102921		50000
6	1111111111		16		0.00648767		50000
6	1111111111		15		0.00391001		50000
6	1111111111		14		0.00223768		50000
6	1111111111		13		0.00120759		50000
6	1111111111		12		0.000627339		50000
6	1111111111		11		0.000301301		50004
6	1111111111		10		0.00014019		50004
6	1111111111		9		5.34058e-05		50042
6	1111111111		8		1.52588e-05		50162
6	1111111111		7		2.86102e-06		50497
6	1111111111		6		0		52305
7	1111111111		23		0.182298		49999
7	1111111111		22		0.148542		50000
7	1111111111		21		0.118723		50000
7	1111111111		20		0.093035		50000
7	1111111111		19		0.0714747		50000
7	1111111111		18		0.0537291		50000
7	1111111111		17		0.0394084		50000
7	1111111111		16		0.0281094		50000
7	1111111111		15		0.0194455		50000
7	1111111111		14		0.0130528		50000
7	1111111111		13		0.00849056		50000
7	1111111111		12		0.00531119		50000
7	1111111111		11		0.00319827		50004
7	1111111111		10		0.00182939		50004
7	1111111111		9		0.000997066		50042
7	1111111111		8		0.000514865		50162
7	1111111111		7		0.000246942		50497
7	1111111111		6		0.00011158		52305
7	1111111111		5		4.3869e-05		59452
7	1111111111		4		1.90735e-05		85428
7	1111111111		3		5.72205e-06		191424
7	1111111111		2		9.53674e-07		619592
7	1111111111		1		0		2354840
8	1111111111		20		0.181915		50000
8	1111111111		19		0.148261		50000
8	1111111111		18		0.118669		50000
8	1111111111		17		0.0931112		50000
8	1111111111		16		0.0714216		50000
8	1111111111		15		0.0534853		50000
8	1111111111		14		0.0390639		50000
8	1111111111		13		0.027822		50000
8	1111111111		12		0.0192389		50000
8	1111111111		11		0.0128664		50004
8	1111111111		10		0.00827402		50004
8	1111111111		9		0.00509673		50042
8	1111111111		8		0.00299197		50162
8	1111111111		7		0.00164753		50497
8	1111111111		6		0.000848413		52305
8	1111111111		5		0.000405252		59452
8	1111111111		4		0.000159264		85428
8	1111111111		3		5.43594e-05		191424
8	1111111111		2		1.71661e-05		619592
8	1111111111		1		1.90735e-06		2354840
0	111001001010011101		55		0		24052
1	111001001010011101		46		0		44550
2	111001001010011101		40		0.12958		48183
2	111001001010011101		39		0.0762136		48650
2	111001001010011101		38		0.0513764		48949
2	111001001010011101		37		0.032162		49186
2	111001001010011101		36		0		49506
3	111001001010011101		35		0.151655		49615
3	111001001010011101		34		0.10637		49684
3	111001001010011101		33		0.068494		49765
3	111001001010011101		32		0.0412498		49821
3	111001001010011101		31		0.0246046		49869
3	111001001010011101		30		0.0102072		49921
3	111001001010011101		29		0.00349265		49948
3	111001001010011101		28		0.000799596		49965
3	111001001010011101		27		4.57764e-05		49974
3	111001001010011101		26		0		49984
4	111001001010011101		31		0.178989		49869
4	111001001010011101		30		0.131877		49921
4	111001001010011101		29		0.0922195		49948
4	111001001010011101		28		0.061524		49965
4	111001001010011101		27		0.0381186		49974
4	111001001010011101		26		0.0213089		49984
4	111001001010011101		25		0.0108187		49993
4	111001001010011101		24		0.00455862		49998
4	111001001010011101		23		0.00154185		49999
4	111001001010011101		22		0.00040859		50000
4	111001001010011101		21		5.96046e-05		50000
4	111001001010011101		20		1.90735e-06		50000
4	111001001010011101		19		0		50000
5	111001001010011101		27		0.174223		49974
5	111001001010011101		26		0.129445		49984
5	111001001010011101		25		0.0918056		49993
5	111001001010011101		24		0.0617934		49998
5	111001001010011101		23		0.0387023		49999
5	111001001010011101		22		0.0223551		50000
5	111001001010011101		21		0.0116744		50000
5	111001001010011101		20		0.00531971		50000
5	111001001010011101		19		0.00214297		50000
5	111001001010011101		18		0.000681639		50000
5	111001001010011101		17		0.000167847		50000
5	111001001010011101		16		2.24113e-05		50000
5	111001001010011101		15		4.29153e-06		50000
5	111001001010011101		14		9.53674e-07		50000
5	111001001010011101		13		0		50000
6	111001001010011101		24		0.194079		49998
6	111001001010011101		23		0.146937		49999
6	111001001010011101		22		0.10653		50000
6	111001001010011101		21		0.0733457		50000
6	111001001010011101		20		0.0474027		50000
6	111001001010011101		19		0.0283716		50000
6	111001001010011101		18		0.0155618		50000
6	111001001010011101		17		0.00771964		50000
6	111001001010011101		16		0.00334942		50000
6	111001001010011101		15		0.00122374		50000
6	111001001010011101		14		0.000369966		50000
6	111001001010011101		13		8.96454e-05		50000
6	111001001010011101		12		1.43051e-05		50000
6	111001001010011101		11		0		50000
7	111001001010011101		21		0.192413		50000
7	111001001010011101		20		0.14502		50000
7	111001001010011101		19		0.104351		50000
7	111001001010011101		18		0.071016		50000
7	111001001010011101		17		0.0453228		50000
7	111001001010011101		16		0.0267738		50000
7	111001001010011101		15		0.0144261		50000
7	111001001010011101		14		0.00699067		50000
7	111001001010011101		13		0.00292921		50000
7	111001001010011101		12		0.00104183		50000
7	111001001010011101		11		0.000289857		50000
7	111001001010011101		10		6.86646e-05		50000
7	111001001010011101		9		1.33514e-05		50000
7	111001001010011101		8		1.90735e-06		50000
7	111001001010011101		7		0		50000
8	111001001010011101		18		0.173737		50000
8	111001001010011101		17		0.127538		50000
8	111001001010011101		16		0.0888208		50000
8	111001001010011101		15		0.0580068		50000
8	111001001010011101		14		0.0351557		50000
8	111001001010011101		13		0.019469		50000
8	111001001010011101		12		0.00968879		50000
8	111001001010011101		11		0.00419784		50000
8	111001001010011101		10		0.00156659		50000
8	111001001010011101		9		0.000483394		50000
8	111001001010011101		8		0.000106812		50000
8	111001001010011101		7		1.81198e-05		50000
8	111001001010011101		6		2.86102e-06		50000
8	111001001010011101		5		0		50000
0	1111111000111		60		0		24052
1	1111111000111		51		0		43875
2	1111111000111		44		0.158712		47972
2	1111111000111		43		0.132157		48242
2	1111111000111		42		0.108051		48501
2	1111111000111		41		0		49335
3	1111111000111		38		0.13524		49631
3	1111111000111		37		0.101135		49722
3	1111111000111		36		0.08009		49772
3	1111111000111		35		0.0463935		49820
3	1111111000111		34		0.0227727		49880
3	1111111000111		33		0.0155186		49910
3	1111111000111		32		0.00979316		49938
3	1111111000111		31		0		49960
4	1111111000111		34		0.189306		49880
4	1111111000111		33		0.146303		49910
4	1111111000111		32		0.10695		49938
4	1111111000111		31		0.0753831		49960
4	1111111000111		30		0.0533743		49971
4	1111111000111		29		0.0360451		49978
4	1111111000111		28		0.0206913		49983
4	1111111000111		27		0.0120372		49992
4	1111111000111		26		0.00738311		49995
4	1111111000111		25		0.00270337		49996
4	1111111000111		24		0.000757873		49998
4	1111111000111		23		0.000326574		49998
4	1111111000111		22		0.000104427		49999
4	1111111000111		21		0		49999
5	1111111000111		30		0.198736		49971
5	1111111000111		29		0.156942		49978
5	1111111000111		28		0.120682		49983
5	1111111000111		27		0.0892521		49992
5	1111111000111		26		0.064157		49995
5	1111111000111		25		0.0438544		49996
5	1111111000111		24		0.0284898		49998
5	1111111000111		23		0.0178958		49998
5	1111111000111		22		0.0103417		49999
5	1111111000111		21		0.00549662		49999
5	1111111000111		20		0.00279891		50000
5	1111111000111		19		0.00120282		50000
5	1111111000111		18		0.000353754		50000
5	1111111000111		17		9.58443e-05		50000
5	1111111000111		16		2.3365e-05		50000
5	1111111000111		15		1.43051e-06		50000
5	1111111000111		14		0		50000
6	1111111000111		26		0.186506		49995
6	1111111000111		25		0.147058		49996
6	1111111000111		24		0.112589		49998
6	1111111000111		23		0.0835597		49998
6	1111111000111		22		0.0600681		49999
6	1111111000111		21		0.0413303		49999
6	1111111000111		20		0.0271589		50000
6	1111111000111		19		0.016925		50000
6	1111111000111		18		0.00977379		50000
6	1111111000111		17		0.0052675		50000
6	1111111000111		16		0.00258684		50000
6	1111111000111		15		0.00111425		50000
6	1111111000111		14		0.000405252		50000
6	1111111000111		13		0.000130653		50000
6	1111111000111		12		1.90735e-05		50000
6	1111111000111		11		1.90735e-06		50000
6	1111111000111		10		9.53674e-07		50000
6	1111111000111		9		0		50000
7	1111111000111		23		0.197389		49998
7	1111111000111		22		0.156885		49999
7	1111111000111		21		0.121432		49999
7	1111111000111		20		0.0911605		50000
7	1111111000111		19		0.0660815		50000
7	1111111000111		18		0.0459926		50000
7	1111111000111		17		0.0305486		50000
7	1111111000111		16		0.0191931		50000
7	1111111000111		15		0.0112855		50000
7	1111111000111		14		0.00610012		50000
7	1111111000111		13		0.00299859		50000
7	1111111000111		12		0.00127804		50000
7	1111111000111		11		0.000498652		50000
7	1111111000111		10		0.000162125		50000
7	1111111000111		9		4.95911e-05		50000
7	1111111000111		8		8.58307e-06		50004
7	1111111000111		7		1.90735e-06		50010
7	1111111000111		6		0		50045
8	1111111000111		20		0.191923		50000
8	1111111000111		19		0.151826		50000
8	1111111000111		18		0.116728		50000
8	1111111000111		17		0.0868635		50000
8	1111111000111		16		0.0622053		50000
8	1111111000111		15		0.0425254		50000
8	1111111000111		14		0.0275216		50000
8	1111111000111		13		0.0166671		50000
8	1111111000111		12		0.00932419		50000
8	1111111000111		11		0.00477409		50000
8	1111111000111		10		0.00219864		50000
8	1111111000111		9		0.000896037		50000
8	1111111000111		8		0.000309885		50004
8	1111111000111		7		9.44138e-05		50010
8	1111111000111		6		2.28882e-05		50045
8	1111111000111		5		6.67572e-06		50185
8	1111111000111		4		9.53674e-07		50676
8	1111111000111		3		0		61522
0	11111111111		62		0		24052
1	11111111111		52		0		43473
2	11111111111		43		0.194352		47809
2	11111111111		42		0.162047		48092
2	11111111111		41		0		49211
3	11111111111		37		0.161279		49632
3	11111111111		36		0.126358		49704
3	11111111111		35		0.0975686		49746
3	11111111111		34		0.0734904		49794
3	11111111111		33		0.053697		49836
3	11111111111		32		0.038067		49859
3	11111111111		31		0.0259861		49897
3	11111111111		30		0		49943
4	11111111111		32		0.18296		49859
4	11111111111		31		0.148738		49897
4	11111111111		30		0.119219		49943
4	11111111111		29		0.0877026		49962
4	11111111111		28		0.0637428		49973
4	11111111111		27		0.0458775		49979
4	11111111111		26		0.0325998		49986
4	11111111111		25		0.0226371		49992
4	11111111111		24		0.015236		49994
4	11111111111		23		0.0097611		49997
4	11111111111		22		0.00583369		49998
4	11111111111		21		0.00319445		49998
4	11111111111		20		0.00151283		49998
4	11111111111		19		0		49999
5	11111111111		27		0.165045		49979
5	11111111111		26		0.133401		49986
5	11111111111		25		0.105989		49992
5	11111111111		24		0.0826538		49994
5	11111111111		23		0.0629433		49997
5	11111111111		22		0.0466502		49998
5	11111111111		21		0.0337188		49998
5	11111111111		20		0.0238164		49998
5	11111111111		19		0.016344		49999
5	11111111111		18		0.0105389		49999
5	11111111111		17		0.00662696		50000
5	11111111111		16		0.00405961		50000
5	11111111111		15		0.00239849		50000
5	11111111111		14		0.00135332		50000
5	11111111111		13		0.000709772		50000
5	11111111111		12		0.000346601		50000
5	11111111111		11		0.000141621		50000
5	11111111111		10		4.33922e-05		50004
5	11111111111		9		1.14441e-05		50004
5	11111111111		8		0		50042
6	11111111111		24		0.196559		49994
6	11111111111		23		0.162299		49997
6	11111111111		22		0.131423		49998
6	11111111111		21		0.104536		49998
6	11111111111		20		0.0818696		49998
6	11111111111		19		0.0630046		49999
6	11111111111		18		0.0474018		49999
6	11111111111		17		0.0347121		50000
6	11111111111		16		0.0248255		50000
6	11111111111		15		0.0173055		50000
6	11111111111		14		0.0117154		50000
6	11111111111		13		0.00765717		50000
6	11111111111		12		0.00482154		50000
6	11111111111		11		0.00288069		50000
6	11111111111		10		0.00164658		50004
6	11111111111		9		0.000889361		50004
6	11111111111		8		0.000454783		50042
6	11111111111		7		0.000205994		50158
6	11111111111		6		8.7738e-05		50489
6	11111111111		5		3.62396e-05		52279
6	11111111111		4		1.23978e-05		59394
6	11111111111		3		2.86102e-06		85294
6	11111111111		2		1.90735e-06		191092
6	11111111111		1		0		618877
7	11111111111		20		0.172714		49998
7	11111111111		19		0.14157		49999
7	11111111111		18		0.11402		49999
7	11111111111		17		0.0901459		50000
7	11111111111		16		0.0699034		50000
7	11111111111		15		0.0530863		50000
7	11111111111		14		0.0394011		50000
7	11111111111		13		0.0284652		50000
7	11111111111		12		0.0199831		50000
7	11111111111		11		0.0135902		50000
7	11111111111		10		0.00892639		50004
7	11111111111		9		0.00566399		50004
7	11111111111		8		0.00343019		50042
7	11111111111		7		0.00197405		50158
7	11111111111		6		0.00105423		50489
7	11111111111		5		0.00052917		52279
7	11111111111		4		0.000236511		59394
7	11111111111		3		9.53674e-05		85294
7	11111111111		2		3.24249e-05		191092
7	11111111111		1		8.58307e-06		618877
8	11111111111		17		0.170159		50000
8	11111111111		16		0.138964		50000
8	11111111111		15		0.111523		50000
8	11111111111		14		0.0877757		50000
8	11111111111		13		0.0675606		50000
8	11111111111		12		0.050787		50000
8	11111111111		11		0.037154		50000
8	11111111111		10		0.0264516		50004
8	11111111111		9		0.0182011		50004
8	11111111111		8		0.0121027		50042
8	11111111111		7		0.00767326		50158
8	11111111111		6		0.0046156		50489
8	11111111111		5		0.00260013		52279
8	11111111111		4		0.00135237		59394
8	11111111111		3		0.000621617		85294
8	11111111111		2		0.000240326		191092
8	11111111111		1		6.58035e-05		618877
0	11111101110101		59		0		24052
1	11111101110101		49		0		44094
2	11111101110101		42		0.179009		47896
2	11111101110101		41		0.15062		48181
2	11111101110101		40		0.116361		48465
2	11111101110101		39		0.0866295		48758
2	11111101110101		38		0		49410
3	11111101110101		36		0.165913		49596
3	11111101110101		35		0.127824		49685
3	11111101110101		34		0.0921385		49745
3	11111101110101		33		0.0649744		49805
3	11111101110101		32		0.0444089		49842
3	11111101110101		31		0.0301028		49879
3	11111101110101		30		0.0207837		49907
3	11111101110101		29		0.0116211		49934
3	11111101110101		28		0.00540984		49953
3	11111101110101		27		0		49971
4	11111101110101		31		0.168176		49879
4	11111101110101		30		0.131827		49907
4	11111101110101		29		0.10173		49934
4	11111101110101		28		0.0759676		49953
4	11111101110101		27		0.0545706		49971
4	11111101110101		26		0.0372321		49980
4	11111101110101		25		0.0248632		49986
4	11111101110101		24		0.0158152		49994
4	11111101110101		23		0.00915033		49995
4	11111101110101		22		0.00500661		49995
4	11111101110101		21		0.00248456		49997
4	11111101110101		20		0.00111848		49999
4	11111101110101		19		0.000417173		49999
4	11111101110101		18		9.34601e-05		50000
4	11111101110101		17		1.04904e-05		50000
4	11111101110101		16		0		50000
5	11111101110101		27		0.181405		49971
5	11111101110101		26		0.145396		49980
5	11111101110101		25		0.113881		49986
5	11111101110101		24		0.0868744		49994
5	11111101110101		23		0.0642043		49995
5	11111101110101		22		0.0457438		49995
5	11111101110101		21		0.0314103		49997
5	11111101110101		20		0.0206904		49999
5	11111101110101		19		0.0129803		49999
5	11111101110101		18		0.00767279		50000
5	11111101110101		17		0.00421542		50000
5	11111101110101		16		0.00212586		50000
5	11111101110101		15		0.000950336		50000
5	11111101110101		14		0.000341833		50000
5	11111101110101		13		8.86917e-05		50000
5	11111101110101		12		1.00136e-05		50000
5	11111101110101		11		9.53674e-07		50000
5	11111101110101		10		0		50000
6	11111101110101		23		0.171743		49995
6	11111101110101		22		0.137106		49995
6	11111101110101		21		0.106769		49997
6	11111101110101		20		0.0809463		49999
6	11111101110101		19		0.0595157		49999
6	11111101110101		18		0.0422752		50000
6	11111101110101		17		0.0288321		50000
6	11111101110101		16		0.0187646		50000
6	11111101110101		15		0.0115401		50000
6	11111101110101		14		0.00658244		50000
6	11111101110101		13		0.00343972		50000
6	11111101110101		12		0.00159234		50000
6	11111101110101		11		0.000618756		50000
6	11111101110101		10		0.000185966		50000
6	11111101110101		9		3.8147e-05		50000
6	11111101110101		8		9.53674e-07		50003
6	11111101110101		7		0		50012
7	11111101110101		20		0.180561		49999
7	11111101110101		19		0.144757		49999
7	11111101110101		18		0.113172		50000
7	11111101110101		17		0.086014		50000
7	11111101110101		16		0.0633556		50000
7	11111101110101		15		0.0449439		50000
7	11111101110101		14		0.0304894		50000
7	11111101110101		13		0.0196064		50000
7	11111101110101		12		0.0117908		50000
7	11111101110101		11		0.00644314		50000
7	11111101110101		10		0.00307941		50000
7	11111101110101		9		0.00122279		50000
7	11111101110101		8		0.000373781		50003
7	11111101110101		7		7.34329e-05		50012
7	11111101110101		6		8.58307e-06		50022
7	11111101110101		5		0		50083
8	11111101110101		17		0.173655		50000
8	11111101110101		16		0.137877		50000
8	11111101110101		15		0.106488		50000
8	11111101110101		14		0.0796227		50000
8	11111101110101		13		0.0573274		50000
8	11111101110101		12		0.0393984		50000
8	11111101110101		11		0.0255321		50000
8	11111101110101		10		0.015313		50000
8	11111101110101		9		0.00819266		50000
8	11111101110101		8		0.00375515		50003
8	11111101110101		7		0.00139427		50012
8	11111101110101		6		0.000382364		50022
8	11111101110101		5		8.10623e-05		50083
8	11111101110101		4		1.52588e-05		50322
8	11111101110101		3		0		51464
0	11111110001111		59		0		24052
1	11111110001111		49		0		44065
2	11111110001111		42		0.155599		47989
2	11111110001111		41		0.130209		48241
2	11111110001111		40		0.107156		48485
2	11111110001111		39		0.0866295		48728
2	11111110001111		38		0		49401
3	11111110001111		36		0.177076		49584
3	11111110001111		35		0.134608		49655
3	11111110001111		34		0.0875342		49744
3	11111110001111		33		0.0690604		49792
3	11111110001111		32		0.0499294		49830
3	11111110001111		31		0.0201693		49891
3	11111110001111		30		0.0139894		49920
3	11111110001111		29		0.00912744		49937
3	11111110001111		28		0.00540984		49953
3	11111110001111		27		0		49973
4	11111110001111		31		0.177337		49891
4	11111110001111		30		0.136824		49920
4	11111110001111		29		0.103963		49937
4	11111110001111		28		0.0767013		49953
4	11111110001111		27		0.0514811		49973
4	11111110001111		26		0.0364192		49979
4	11111110001111		25		0.0239528		49983
4	11111110001111		24		0.013378		49991
4	11111110001111		23		0.0075857		49994
4	11111110001111		22		0.00446182		49996
4	11111110001111		21		0.00208968		49998
4	11111110001111		20		0.000366628		49998
4	11111110001111		19		0.000148773		49999
4	11111110001111		18		4.72069e-05		50000
4	11111110001111		17		1.04904e-05		50000
4	11111110001111		16		0		50000
5	11111110001111		27		0.189994		49973
5	11111110001111		26		0.150216		49979
5	11111110001111		25		0.116571		49983
5	11111110001111		24		0.0882027		49991
5	11111110001111		23		0.0643471		49994
5	11111110001111		22		0.0454593		49996
5	11111110001111		21		0.0307233		49998
5	11111110001111		20		0.0193394		49998
5	11111110001111		19		0.0118045		49999
5	11111110001111		18		0.00668615		50000
5	11111110001111		17		0.00333375		50000
5	11111110001111		16		0.00154901		50000
5	11111110001111		15		0.000663042		50000
5	11111110001111		14		0.000211716		50000
5	11111110001111		13		3.52859e-05		50000
5	11111110001111		12		5.24521e-06		50000
5	11111110001111		11		9.53674e-07		50000
5	11111110001111		10		0		50000
6	11111110001111		23		0.177772		49994
6	11111110001111		22		0.141393		49996
6	11111110001111		21		0.109647		49998
6	11111110001111		20		0.0824447		49998
6	11111110001111		19		0.059714		49999
6	11111110001111		18		0.0417306		50000
6	11111110001111		17		0.027873		50000
6	11111110001111		16		0.0175988		50000
6	11111110001111		15		0.0104262		50000
6	11111110001111		14		0.00567347		50000
6	11111110001111		13		0.00281602		50000
6	11111110001111		12		0.00125331		50000
6	11111110001111		11		0.000507236		50000
6	11111110001111		10		0.000171661		50000
6	11111110001111		9		5.14984e-05		50000
6	11111110001111		8		1.04904e-05		50000
6	11111110001111		7		9.53674e-07		50004
6	11111110001111		6		0		50004
7	11111110001111		20		0.186733		49998
7	11111110001111		19		0.149001		49999
7	11111110001111		18		0.115659		50000
7	11111110001111		17		0.0871969		50000
7	11111110001111		16		0.0634851		50000
7	11111110001111		15		0.0442569		50000
7	11111110001111		14		0.0293598		50000
7	11111110001111		13		0.0183228		50000
7	11111110001111		12		0.0106083		50000
7	11111110001111		11		0.00566304		50000
7	11111110001111		10		0.00272		50000
7	11111110001111		9		0.0011704		50000
7	11111110001111		8		0.000458598		50000
7	11111110001111		7		0.0001297		50004
7	11111110001111		6		3.62396e-05		50004
7	11111110001111		5		8.58307e-06		50045
7	11111110001111		4		0		50164
8	11111110001111		17		0.178431		50000
8	11111110001111		16		0.140957		50000
8	11111110001111		15		0.107952		50000
8	11111110001111		14		0.0797807		50000
8	11111110001111		13		0.0564595		50000
8	11111110001111		12		0.0378783		50000
8	11111110001111		11		0.0238736		50000
8	11111110001111		10		0.01402		50000
8	11111110001111		9		0.00753695		50000
8	11111110001111		8		0.00369054		50000
8	11111110001111		7		0.00160468		50004
8	11111110001111		6		0.000602543		50004
8	11111110001111		5		0.000207901		50045
8	11111110001111		4		6.00815e-05		50164
8	11111110001111		3		1.62125e-05		52727
8	11111110001111		2		0		91758
0	111111111111		61		0		24052
1	111111111111		50		0		43681
2	111111111111		41		0.191685		47850
2	111111111111		40		0.160905		48127
2	111111111111		39		0.133207		48383
2	111111111111		38		0		49288
3	111111111111		35		0.180774		49607
3	111111111111		34		0.143651		49673
3	111111111111		33		0.113032		49730
3	111111111111		32		0.0873889		49766
3	111111111111		31		0.0659786		49810
3	111111111111		30		0.0487197		49848
3	111111111111		29		0.0352926		49872
3	111111111111		28		0.0248113		49901
3	111111111111		27		0.0164291		49922
3	111111111111		26		0		49961
4	111111111111		30		0.199592		49848
4	111111111111		29		0.1648		49872
4	111111111111		28		0.134975		49901
4	111111111111		27		0.108748		49922
4	111111111111		26		0.0858837		49961
4	111111111111		25		0.06311		49972
4	111111111111		24		0.0460272		49979
4	111111111111		23		0.0332131		49986
4	111111111111		22		0.023511		49993
4	111111111111		21		0.0162586		49993
4	111111111111		20		0.0108432		49995
4	111111111111		19		0.00688887		49997
4	111111111111		18		0.00414133		49998
4	111111111111		17		0.00233281		49998
4	111111111111		16		0.00118518		49999
4	111111111111		15		0.000483394		49999
4	111111111111		14		0		49999
5	111111111111		25		0.184548		49972
5	111111111111		24		0.152818		49979
5	111111111111		23		0.124599		49986
5	111111111111		22		0.0997983		49993
5	111111111111		21		0.0785292		49993
5	111111111111		20		0.0604884		49995
5	111111111111		19		0.0454461		49997
5	111111111111		18		0.0333325		49998
5	111111111111		17		0.0239579		49998
5	111111111111		16		0.016827		49999
5	111111111111		15		0.0114467		49999
5	111111111111		14		0.00748444		49999
5	111111111111		13		0.00465733		50000
5	111111111111		12		0.00281179		50000
5	111111111111		11		0.00163704		50000
5	111111111111		10		0.000905097		50000
5	111111111111		9		0.000468612		50004
5	111111111111		8		0.000226974		50004
5	111111111111		7		9.48906e-05		50042
5	111111111111		6		3.24249e-05		50158
5	111111111111		5		7.62939e-06		50485
5	111111111111		4		9.53674e-07		52278
5	111111111111		3		0		59388
6	111111111111		21		0.180229		49993
6	111111111111		20		0.149417		49995
6	111111111111		19		0.121596		49997
6	111111111111		18		0.0971317		49998
6	111111111111		17		0.0763816		49998
6	111111111111		16		0.0590681		49999
6	111111111111		15		0.044708		49999
6	111111111111		14		0.0330767		49999
6	111111111111		13		0.023855		50000
6	111111111111		12		0.0167496		50000
6	111111111111		11		0.0113883		50000
6	111111111111		10		0.00747639		50000
6	111111111111		9		0.00472188		50004
6	111111111111		8		0.00284266		50004
6	111111111111		7		0.00162947		50042
6	111111111111		6		0.00086081		50158
6	111111111111		5		0.000430942		50485
6	111111111111		4		0.000181198		52278
6	111111111111		3		6.67572e-05		59388
6	111111111111		2		2.28882e-05		85265
6	111111111111		1		2.86102e-06		191038
7	111111111111		18		0.188994		49998
7	111111111111		17		0.157022		49998
7	111111111111		16		0.128589		49999
7	111111111111		15		0.103469		49999
7	111111111111		14		0.0817251		49999
7	111111111111		13		0.0632637		50000
7	111111111111		12		0.0479531		50000
7	111111111111		11		0.0354547		50000
7	111111111111		10		0.0254939		50000
7	111111111111		9		0.0177562		50004
7	111111111111		8		0.0119302		50004
7	111111111111		7		0.00767988		50042
7	111111111111		6		0.0047276		50158
7	111111111111		5		0.00272948		50485
7	111111111111		4		0.00146091		52278
7	111111111111		3		0.00070262		59388
7	111111111111		2		0.000276506		85265
7	111111111111		1		8.2016e-05		191038
8	111111111111		15		0.183543		49999
8	111111111111		14		0.151631		49999
8	111111111111		13		0.123136		50000
8	111111111111		12		0.0981265		50000
8	111111111111		11		0.0766097		50000
8	111111111111		10		0.0583733		50000
8	111111111111		9		0.0432985		50004
8	111111111111		8		0.0311568		50004
8	111111111111		7		0.0216341		50042
8	111111111111		6		0.0143716		50158
8	111111111111		5		0.00908893		50485
8	111111111111		4		0.00537473		52278
8	111111111111		3		0.00286835		59388
8	111111111111		2		0.00134951		85265
8	111111111111		1		0.000473857		191038
0	1110100111010011101		54		0		24052
1	1110100111010011101		43		0		44897
2	1110100111010011101		37		0.169499		47970
2	1110100111010011101		36		0.132719		48291
2	1110100111010011101		35		0.0778976		48737
2	1110100111010011101		34		0.0558996		48958
2	1110100111010011101		33		0.0363764		49214
2	1110100111010011101		32		0.0232437		49373
2	1110100111010011101		31		0		49608
3	1110100111010011101		31		0.157176		49608
3	1110100111010011101		30		0.117734		49685
3	1110100111010011101		29		0.0853236		49746
3	1110100111010011101		28		0.0599011		49794
3	1110100111010011101		27		0.0388405		49847
3	1110100111010011101		26		0.0254514		49879
3	1110100111010011101		25		0.0137968		49921
3	1110100111010011101		24		0.00652605		49949
3	1110100111010011101		23		0.00204259		49965
3	1110100111010011101		22		0.000525594		49972
3	1110100111010011101		21		1.26362e-05		49987
3	1110100111010011101		20		0		49992
4	1110100111010011101		27		0.189638		49847
4	1110100111010011101		26		0.149037		49879
4	1110100111010011101		25		0.113891		49921
4	1110100111010011101		24		0.0839276		49949
4	1110100111010011101		23		0.0595306		49965
4	1110100111010011101		22		0.0400041		49972
4	1110100111010011101		21		0.0249361		49987
4	1110100111010011101		20		0.0145581		49992
4	1110100111010011101		19		0.00770539		49997
4	1110100111010011101		18		0.00353235		49998
4	1110100111010011101		17		0.00119901		49999
4	1110100111010011101		16		0.000262201		50000
4	1110100111010011101		15		2.19345e-05		50000
4	1110100111010011101		14		9.53674e-07		50000
4	1110100111010011101		13		0		50000
5	1110100111010011101		23		0.191318		49965
5	1110100111010011101		22		0.151376		49972
5	1110100111010011101		21		0.115988		49987
5	1110100111010011101		20		0.0856317		49992
5	1110100111010011101		19		0.0605963		49997
5	1110100111010011101		18		0.0407162		49998
5	1110100111010011101		17		0.0255446		49999
5	1110100111010011101		16		0.0147268		50000
5	1110100111010011101		15		0.00764203		50000
5	1110100111010011101		14		0.00352287		50000
5	1110100111010011101		13		0.00135666		50000
5	1110100111010011101		12		0.000421941		50000
5	1110100111010011101		11		8.24928e-05		50000
5	1110100111010011101		10		9.05991e-06		50000
5	1110100111010011101		9		0		50000
6	1110100111010011101		19		0.168071		49997
6	1110100111010011101		18		0.129844		49998
6	1110100111010011101		17		0.0966235		49999
6	1110100111010011101		16		0.0686412		50000
6	1110100111010011101		15		0.0460863		50000
6	1110100111010011101		14		0.0289487		50000
6	1110100111010011101		13		0.0167224		50000
6	1110100111010011101		12		0.00880444		50000
6	1110100111010011101		11		0.0040316		50000
6	1110100111010011101		10		0.00157613		50000
6	1110100111010011101		9		0.000491977		50000
6	1110100111010011101		8		0.000124931		50000
6	1110100111010011101		7		2.09808e-05		50000
6	1110100111010011101		6		3.8147e-06		50000
6	1110100111010011101		5		0		50000
7	1110100111010011101		16		0.163468		50000
7	1110100111010011101		15		0.124134		50000
7	1110100111010011101		14		0.0900704		50000
7	1110100111010011101		13		0.0620157		50000
7	1110100111010011101		12		0.0398508		50000
7	1110100111010011101		11		0.0236781		50000
7	1110100111010011101		10		0.0128391		50000
7	1110100111010011101		9		0.00611526		50000
7	1110100111010011101		8		0.00254309		50000
7	1110100111010011101		7		0.000816941		50000
7	1110100111010011101		6		0.000212669		50000
7	1110100111010011101		5		3.43323e-05		50000
7	1110100111010011101		4		3.8147e-06		50000
7	1110100111010011101		3		0		50021
8	1110100111010011101		14		0.186438		50000
8	1110100111010011101		13		0.142006		50000
8	1110100111010011101		12		0.103132		50000
8	1110100111010011101		11		0.0706216		50000
8	1110100111010011101		10		0.0449913		50000
8	1110100111010011101		9		0.0262594		50000
8	1110100111010011101		8		0.0138413		50000
8	1110100111010011101		7		0.00630105		50000
8	1110100111010011101		6		0.00234234		50000
8	1110100111010011101		5		0.000681639		50000
8	1110100111010011101		4		0.000118256		50000
8	1110100111010011101		3		2.00272e-05		50021
8	1110100111010011101		2		0		50619
0	111111111000111		58		0		24052
1	111111111000111		47		0		44327
2	111111111000111		40		0.182333		47868
2	111111111000111		39		0.154405		48150
2	111111111000111		38		0.105532		48538
2	111111111000111		37		0.0858837		48757
2	111111111000111		36		0.0690519		48950
2	111111111000111		35		0		49475
3	111111111000111		34		0.189787		49561
3	111111111000111		33		0.148221		49633
3	111111111000111		32		0.101652		49702
3	111111111000111		31		0.078026		49780
3	111111111000111		30		0.0612235		49821
3	111111111000111		29		0.0370234		49855
3	111111111000111		28		0.026749		49890
3	111111111000111		27		0.0185916		49910
3	111111111000111		26		0.0080328		49941
3	111111111000111		25		0.00494021		49955
3	111111111000111		24		0.00269979		49970
3	111111111000111		23		0		49984
4	111111111000111		29		0.187592		49855
4	111111111000111		28		0.150058		49890
4	111111111000111		27		0.118857		49910
4	111111111000111		26		0.0896238		49941
4	111111111000111		25		0.0672719		49955
4	111111111000111		24		0.049222		49970
4	111111111000111		23		0.0334035		49984
4	111111111000111		22		0.0227988		49990
4	111111111000111		21		0.0149758		49992
4	111111111000111		20		0.00837374		49994
4	111111111000111		19		0.00485951		49997
4	111111111000111		18		0.00256735		49997
4	111111111000111		17		0.000854611		49999
4	111111111000111		16		0.00033468		50000
4	111111111000111		15		9.01222e-05		50000
4	111111111000111		14		9.53674e-06		50000
4	111111111000111		13		1.43051e-06		50000
4	111111111000111		12		0		50000
5	111111111000111		25		0.1999		49955
5	111111111000111		24		0.163073		49970
5	111111111000111		23		0.130739		49984
5	111111111000111		22		0.101975		49990
5	111111111000111		21		0.0778686		49992
5	111111111000111		20		0.0576506		49994
5	111111111000111		19		0.0410834		49997
5	111111111000111		18		0.0282679		49997
5	111111111000111		17		0.0182942		49999
5	111111111000111		16		0.0113266		50000
5	111111111000111		15		0.00655067		50000
5	111111111000111		14		0.00342923		50000
5	111111111000111		13		0.00164706		50000
5	111111111000111		12		0.000653028		50000
5	111111111000111		11		0.000174999		50000
5	111111111000111		10		3.09944e-05		50000
5	111111111000111		9		9.53674e-07		50000
5	111111111000111		8		0		50000
6	111111111000111		21		0.188957		49992
6	111111111000111		20		0.153728		49994
6	111111111000111		19		0.122245		49997
6	111111111000111		18		0.0947815		49997
6	111111111000111		17		0.0713959		49999
6	111111111000111		16		0.0518808		50000
6	111111111000111		15		0.0362758		50000
6	111111111000111		14		0.0241892		50000
6	111111111000111		13		0.0152125		50000
6	111111111000111		12		0.00882334		50000
6	111111111000111		11		0.00463933		50000
6	111111111000111		10		0.0021587		50000
6	111111111000111		9		0.000871301		50000
6	111111111000111		8		0.000303209		50000
6	111111111000111		7		8.39233e-05		50000
6	111111111000111		6		1.14441e-05		50004
6	111111111000111		5		1.90735e-06		50010
6	111111111000111		4		0		50045
7	111111111000111		18		0.196346		49997
7	111111111000111		17		0.159687		49999
7	111111111000111		16		0.126742		50000
7	111111111000111		15		0.0977936		50000
7	111111111000111		14		0.0730461		50000
7	111111111000111		13		0.0525082		50000
7	111111111000111		12		0.0359375		50000
7	111111111000111		11		0.023138		50000
7	111111111000111		10		0.0137877		50000
7	111111111000111		9		0.0073486		50000
7	111111111000111		8		0.0035395		50000
7	111111111000111		7		0.00147712		50000
7	111111111000111		6		0.000523448		50004
7	111111111000111		5		0.000154495		50010
7	111111111000111		4		2.95639e-05		50045
7	111111111000111		3		5.72205e-06		50706
7	111111111000111		2		9.53674e-07		60309
7	111111111000111		1		0		216642
8	111111111000111		15		0.186367		50000
8	111111111000111		14		0.149353		50000
8	111111111000111		13		0.116298		50000
8	111111111000111		12		0.0874807		50000
8	111111111000111		11		0.0630635		50000
8	111111111000111		10		0.0429819		50000
8	111111111000111		9		0.02708		50000
8	111111111000111		8		0.015711		50000
8	111111111000111		7		0.00818318		50000
8	111111111000111		6		0.00364971		50004
8	111111111000111		5		0.00147712		50010
8	111111111000111		4		0.000484347		50045
8	111111111000111		3		0.000120163		50706
8	111111111000111		2		3.52859e-05		60309
8	111111111000111		1		2.86102e-06		216642
0	1111111111111		60		0		24052
1	1111111111111		48		0		43931
2	1111111111111		39		0.18823		47902
2	1111111111111		38		0.158712		48156
2	1111111111111		37		0.132157		48398
2	1111111111111		36		0.108051		48604
2	1111111111111		35		0		49372
3	1111111111111		33		0.19759		49587
3	1111111111111		32		0.158624		49655
3	1111111111111		31		0.126343		49702
3	1111111111111		30		0.0992038		49754
3	1111111111111		29		0.076418		49789
3	1111111111111		28		0.0578604		49827
3	1111111111111		27		0.0432873		49865
3	1111111111111		26		0.03187		49881
3	1111111111111		25		0.0227727		49908
3	1111111111111		24		0.0155186		49929
3	1111111111111		23		0.00979316		49953
3	1111111111111		22		0		49972
4	1111111111111		27		0.176515		49865
4	1111111111111		26		0.146479		49881
4	1111111111111		25		0.120089		49908
4	1111111111111		24		0.096987		49929
4	1111111111111		23		0.076976		49953
4	1111111111111		22		0.0599551		49972
4	1111111111111		21		0.0440158		49979
4	1111111111111		20		0.0319917		49986
4	1111111111111		19		0.0228431		49992
4	1111111111111		18		0.0160001		49994
4	1111111111111		17		0.0108545		49995
4	1111111111111		16		0.00707304		49996
4	1111111111111		15		0.00441003		49998
4	1111111111111		14		0.00262821		49998
4	1111111111111		13		0.00148094		49999
4	1111111111111		12		0.000757873		49999
4	1111111111111		11		0.000326574		49999
4	1111111111111		10		0.000104427		50000
4	1111111111111		9		0		50000
5	1111111111111		23		0.195322		49953
5	1111111111111		22		0.164563		49972
5	1111111111111		21		0.137115		49979
5	1111111111111		20		0.112285		49986
5	1111111111111		19		0.0902912		49992
5	1111111111111		18		0.0713494		49994
5	1111111111111		17		0.0551817		49995
5	1111111111111		16		0.0416219		49996
5	1111111111111		15		0.0306383		49998
5	1111111111111		14		0.0221056		49998
5	1111111111111		13		0.015612		49999
5	1111111111111		12		0.010696		49999
5	1111111111111		11		0.00706691		49999
5	1111111111111		10		0.00449121		50000
5	1111111111111		9		0.00272238		50000
5	1111111111111		8		0.00157708		50004
5	1111111111111		7		0.000859857		50004
5	1111111111111		6		0.00043714		50042
5	1111111111111		5		0.000201225		50158
5	1111111111111		4		8.29697e-05		50485
5	1111111111111		3		3.14713e-05		52278
5	1111111111111		2		7.15256e-06		59387
5	1111111111111		1		1.43051e-06		85265
6	1111111111111		19		0.19044		49992
6	1111111111111		18		0.160358		49994
6	1111111111111		17		0.132857		49995
6	1111111111111		16		0.107943		49996
6	1111111111111		15		0.0860202		49998
6	1111111111111		14		0.0674236		49998
6	1111111111111		13		0.0519207		49999
6	1111111111111		12		0.0391015		49999
6	1111111111111		11		0.0287395		49999
6	1111111111111		10		0.0205708		50000
6	1111111111111		9		0.0142898		50000
6	1111111111111		8		0.00957549		50004
6	1111111111111		7		0.00615412		50004
6	1111111111111		6		0.00376087		50042
6	1111111111111		5		0.00216061		50158
6	1111111111111		4		0.00113803		50485
6	1111111111111		3		0.00052917		52278
6	1111111111111		2		0.00021553		59387
6	1111111111111		1		6.00815e-05		85265
7	1111111111111		16		0.198027		49996
7	1111111111111		15		0.165912		49998
7	1111111111111		14		0.136938		49998
7	1111111111111		13		0.111286		49999
7	1111111111111		12		0.0888025		49999
7	1111111111111		11		0.0694004		49999
7	1111111111111		10		0.0530438		50000
7	1111111111111		9		0.0395247		50000
7	1111111111111		8		0.0286236		50004
7	1111111111111		7		0.0200214		50004
7	1111111111111		6		0.0134565		50042
7	1111111111111		5		0.00858605		50158
7	1111111111111		4		0.00515652		50485
7	1111111111111		3		0.00282747		52278
7	1111111111111		2		0.00133711		59387
7	1111111111111		1		0.000503421		85265
8	1111111111111		13		0.189105		49999
8	1111111111111		12		0.157127		49999
8	1111111111111		11		0.128249		49999
8	1111111111111		10		0.102615		50000
8	1111111111111		9		0.080343		50000
8	1111111111111		8		0.0613007		50004
8	1111111111111		7		0.0454211		50004
8	1111111111111		6		0.0324753		50042
8	1111111111111		5		0.022245		50158
8	1111111111111		4		0.0144045		50485
8	1111111111111		3		0.00862479		52278
8	1111111111111		2		0.00461847		59387
8	1111111111111		1		0.00201881		85265
0	110101111001100010111		52		0		24052
1	110101111001100010111		40		0		45291
2	110101111001100010111		35		0.191601		47789
2	110101111001100010111		34		0.145085		48167
2	110101111001100010111		33		0.108596		48498
2	110101111001100010111		32		0.0756886		48800
2	110101111001100010111		31		0.0530953		49047
2	110101111001100010111		30		0.0324337		49271
2	110101111001100010111		29		0.0150768		49453
2	110101111001100010111		28		0.00957286		49576
2	110101111001100010111		27		0		49701
3	110101111001100010111		29		0.185089		49453
3	110101111001100010111		28		0.141645		49576
3	110101111001100010111		27		0.105214		49701
3	110101111001100010111		26		0.0748892		49758
3	110101111001100010111		25		0.0508036		49813
3	110101111001100010111		24		0.0340928		49861
3	110101111001100010111		23		0.0209488		49898
3	110101111001100010111		22		0.0118796		49934
3	110101111001100010111		21		0.00516033		49949
3	110101111001100010111		20		0.00182605		49965
3	110101111001100010111		19		0.000283182		49979
3	110101111001100010111		18		6.12736e-05		49985
3	110101111001100010111		17		0		49991
4	110101111001100010111		24		0.171557		49861
4	110101111001100010111		23		0.133456		49898
4	110101111001100010111		22		0.100656		49934
4	110101111001100010111		21		0.0725279		49949
4	110101111001100010111		20		0.0489458		49965
4	110101111001100010111		19		0.0308088		49979
4	110101111001100010111		18		0.0180184		49985
4	110101111001100010111		17		0.00949711		49991
4	110101111001100010111		16		0.00444186		49999
4	110101111001100010111		15		0.00174135		50000
4	110101111001100010111		14		0.000548184		50000
4	110101111001100010111		13		0.000145435		50000
4	110101111001100010111		12		2.90871e-05		50000
4	110101111001100010111		11		3.8147e-06		50000
4	110101111001100010111		10		0		50000
5	110101111001100010111		20		0.17098		49965
5	110101111001100010111		19		0.131657		49979
5	110101111001100010111		18		0.0972914		49985
5	110101111001100010111		17		0.068504		49991
5	110101111001100010111		16		0.0452513		49999
5	110101111001100010111		15		0.0275925		50000
5	110101111001100010111		14		0.0152932		50000
5	110101111001100010111		13		0.00758713		50000
5	110101111001100010111		12		0.00334895		50000
5	110101111001100010111		11		0.00127375		50000
5	110101111001100010111		10		0.00039953		50000
5	110101111001100010111		9		9.91821e-05		50000
5	110101111001100010111		8		1.62125e-05		50000
5	110101111001100010111		7		9.53674e-07		50000
5	110101111001100010111		6		0		50000
6	110101111001100010111		17		0.183339		49991
6	110101111001100010111		16		0.141096		49999
6	110101111001100010111		15		0.103697		50000
6	110101111001100010111		14		0.0719227		50000
6	110101111001100010111		13		0.0465329		50000
6	110101111001100010111		12		0.0276875		50000
6	110101111001100010111		11		0.0149814		50000
6	110101111001100010111		10		0.00720847		50000
6	110101111001100010111		9		0.00300431		50000
6	110101111001100010111		8		0.00103325		50000
6	110101111001100010111		7		0.000285089		50000
6	110101111001100010111		6		6.00815e-05		50000
6	110101111001100010111		5		7.62939e-06		50000
6	110101111001100010111		4		9.53674e-07		50000
6	110101111001100010111		3		0		50001
7	110101111001100010111		14		0.16977		50000
7	110101111001100010111		13		0.126183		50000
7	110101111001100010111		12		0.0885722		50000
7	110101111001100010111		11		0.0579179		50000
7	110101111001100010111		10		0.0348704		50000
7	110101111001100010111		9		0.0189367		50000
7	110101111001100010111		8		0.0090946		50000
7	110101111001100010111		7		0.00371814		50000
7	110101111001100010111		6		0.00122374		50000
7	110101111001100010111		5		0.000297487		50000
7	110101111001100010111		4		5.24521e-05		50000
7	110101111001100010111		3		3.8147e-06		50001
7	110101111001100010111		2		9.53674e-07		50019
7	110101111001100010111		1		0		89321
8	110101111001100010111		12		0.188038		50000
8	110101111001100010111		11		0.138736		50000
8	110101111001100010111		10		0.0959823		50000
8	110101111001100010111		9		0.0615236		50000
8	110101111001100010111		8		0.0356368		50000
8	110101111001100010111		7		0.0182872		50000
8	110101111001100010111		6		0.00802141		50000
8	110101111001100010111		5		0.00285029		50000
8	110101111001100010111		4		0.000766456		50000
8	110101111001100010111		3		0.000125885		50001
8	110101111001100010111		2		8.58307e-06		50019
8	110101111001100010111		1		0		89321
0	11111111110000111		56		0		24052
1	11111111110000111		44		0		44777
2	11111111110000111		37		0.15672		48122
2	11111111110000111		36		0.132596		48360
2	11111111110000111		35		0.111098		48581
2	11111111110000111		34		0.0672848		48943
2	11111111110000111		33		0.054138		49086
2	11111111110000111		32		0.0424505		49242
2	11111111110000111		31		0		49587
3	11111111110000111		31		0.169534		49587
3	11111111110000111		30		0.134035		49652
3	11111111110000111		29		0.103169		49722
3	11111111110000111		28		0.0722886		49785
3	11111111110000111		27		0.052891		49837
3	11111111110000111		26		0.0408783		49862
3	11111111110000111		25		0.0295158		49893
3	11111111110000111		24		0.0161148		49922
3	11111111110000111		23		0.0108189		49942
3	11111111110000111		22		0.00670415		49953
3	11111111110000111		21		0.00185603		49969
3	11111111110000111		20		0.000921071		49983
3	11111111110000111		19		0.000343978		49990
3	11111111110000111		18		0		49993
4	11111111110000111		26		0.170462		49862
4	11111111110000111		25		0.138571		49893
4	11111111110000111		24		0.109005		49922
4	11111111110000111		23		0.0842485		49942
4	11111111110000111		22		0.0631984		49953
4	11111111110000111		21		0.0444469		49969
4	11111111110000111		20		0.0311877		49983
4	11111111110000111		19		0.0210732		49990
4	11111111110000111		18		0.0134349		49993
4	11111111110000111		17		0.00807679		49996
4	11111111110000111		16		0.00471145		49998
4	11111111110000111		15		0.00234568		49999
4	11111111110000111		14		0.000759304		50000
4	11111111110000111		13		0.000224113		50000
4	11111111110000111		12		2.86102e-05		50000
4	11111111110000111		11		0		50000
5	11111111110000111		22		0.181516		49953
5	11111111110000111		21		0.147649		49969
5	11111111110000111		20		0.11693		49983
5	11111111110000111		19		0.0905696		49990
5	11111111110000111		18		0.0684529		49993
5	11111111110000111		17		0.0500708		49996
5	11111111110000111		16		0.0353807		49998
5	11111111110000111		15		0.0237964		49999
5	11111111110000111		14		0.0148203		50000
5	11111111110000111		13		0.00854492		50000
5	11111111110000111		12		0.00450259		50000
5	11111111110000111		11		0.00223577		50000
5	11111111110000111		10		0.00099802		50000
5	11111111110000111		9		0.000349939		50000
5	11111111110000111		8		8.01086e-05		50000
5	11111111110000111		7		1.04904e-05		50000
5	11111111110000111		6		1.43051e-06		50000
5	11111111110000111		5		0		50000
6	11111111110000111		18		0.167189		49993
6	11111111110000111		17		0.134396		49996
6	11111111110000111		16		0.105406		49998
6	11111111110000111		15		0.0802211		49999
6	11111111110000111		14		0.058841		50000
6	11111111110000111		13		0.0411209		50000
6	11111111110000111		12		0.0269343		50000
6	11111111110000111		11		0.0166746		50000
6	11111111110000111		10		0.00961703		50000
6	11111111110000111		9		0.00501895		50000
6	11111111110000111		8		0.00231189		50000
6	11111111110000111		7		0.000967503		50000
6	11111111110000111		6		0.000340402		50000
6	11111111110000111		5		8.86917e-05		50000
6	11111111110000111		4		2.57492e-05		50013
6	11111111110000111		3		2.86102e-06		50149
6	11111111110000111		2		9.53674e-07		52510
6	11111111110000111		1		0		89651
7	11111111110000111		15		0.169164		49999
7	11111111110000111		14		0.134742		50000
7	11111111110000111		13		0.104031		50000
7	11111111110000111		12		0.0767726		50000
7	11111111110000111		11		0.0542271		50000
7	11111111110000111		10		0.0362041		50000
7	11111111110000111		9		0.0224782		50000
7	11111111110000111		8		0.0126895		50000
7	11111111110000111		7		0.00669801		50000
7	11111111110000111		6		0.00309086		50000
7	11111111110000111		5		0.00122088		50000
7	11111111110000111		4		0.000410974		50013
7	11111111110000111		3		0.00014019		50149
7	11111111110000111		2		3.24249e-05		52510
7	11111111110000111		1		3.8147e-06		89651
8	11111111110000111		13		0.192656		50000
8	11111111110000111		12		0.153289		50000
8	11111111110000111		11		0.1178		50000
8	11111111110000111		10		0.0867146		50000
8	11111111110000111		9		0.0602939		50000
8	11111111110000111		8		0.0387376		50000
8	11111111110000111		7		0.0234984		50000
8	11111111110000111		6		0.0128731		50000
8	11111111110000111		5		0.00615978		50000
8	11111111110000111		4		0.00248694		50013
8	11111111110000111		3		0.000981808		50149
8	11111111110000111		2		0.000278413		52510
8	11111111110000111		1		4.00543e-05		89651
0	11111111111111		59		0		24052
1	11111111111111		46		0		44183
2	11111111111111		37		0.183862		47947
2	11111111111111		36		0.155599		48189
2	11111111111111		35		0.130209		48423
2	11111111111111		34		0.107156		48624
2	11111111111111		33		0.0866295		48821
2	11111111111111		32		0		49463
3	11111111111111		30		0.171235		49641
3	11111111111111		29		0.137608		49687
3	11111111111111		28		0.109059		49739
3	11111111111111		27		0.0849856		49781
3	11111111111111		26		0.065384		49815
3	11111111111111		25		0.0499471		49846
3	11111111111111		24		0.0377548		49876
3	11111111111111		23		0.0279576		49899
3	11111111111111		22		0.0201693		49920
3	11111111111111		21		0.0139894		49937
3	11111111111111		20		0.00912744		49956
3	11111111111111		19		0.00540984		49968
3	11111111111111		18		0		49981
4	11111111111111		25		0.184189		49846
4	11111111111111		24		0.154323		49876
4	11111111111111		23		0.127855		49899
4	11111111111111		22		0.104701		49920
4	11111111111111		21		0.0845817		49937
4	11111111111111		20		0.0672501		49956
4	11111111111111		19		0.0525077		49968
4	11111111111111		18		0.0402124		49981
4	11111111111111		17		0.0292464		49987
4	11111111111111		16		0.0209243		49993
4	11111111111111		15		0.0146798		49994
4	11111111111111		14		0.00996739		49995
4	11111111111111		13		0.00651896		49996
4	11111111111111		12		0.00410098		49998
4	11111111111111		11		0.00247931		49998
4	11111111111111		10		0.00143379		49999
4	11111111111111		9		0.000765979		49999
4	11111111111111		8		0.000366628		50000
4	11111111111111		7		0.000148773		50004
4	11111111111111		6		4.72069e-05		50004
4	11111111111111		5		1.04904e-05		50042
4	11111111111111		4		0		50158
5	11111111111111		20		0.170948		49956
5	11111111111111		19		0.143625		49968
5	11111111111111		18		0.119222		49981
5	11111111111111		17		0.0976912		49987
5	11111111111111		16		0.0785701		49993
5	11111111111111		15		0.0620068		49994
5	11111111111111		14		0.0477628		49995
5	11111111111111		13		0.0358189		49996
5	11111111111111		12		0.0262056		49998
5	11111111111111		11		0.0187557		49998
5	11111111111111		10		0.0131013		49999
5	11111111111111		9		0.00885642		49999
5	11111111111111		8		0.00575787		50000
5	11111111111111		7		0.00357229		50004
5	11111111111111		6		0.00210255		50004
5	11111111111111		5		0.00115377		50042
5	11111111111111		4		0.000573933		50158
5	11111111111111		3		0.000260293		50485
5	11111111111111		2		9.72748e-05		52278
5	11111111111111		1		2.43187e-05		59387
6	11111111111111		17		0.19441		49987
6	11111111111111		16		0.16506		49993
6	11111111111111		15		0.138274		49994
6	11111111111111		14		0.11373		49995
6	11111111111111		13		0.0916163		49996
6	11111111111111		12		0.0722988		49998
6	11111111111111		11		0.0559995		49998
6	11111111111111		10		0.0425144		49999
6	11111111111111		9		0.0314597		49999
6	11111111111111		8		0.02259		50000
6	11111111111111		7		0.0157148		50004
6	11111111111111		6		0.0104875		50004
6	11111111111111		5		0.0066402		50042
6	11111111111111		4		0.00395942		50158
6	11111111111111		3		0.00217485		50485
6	11111111111111		2		0.00103801		52278
6	11111111111111		1		0.000404298		59387
7	11111111111111		13		0.168753		49996
7	11111111111111		12		0.139749		49998
7	11111111111111		11		0.113879		49998
7	11111111111111		10		0.091086		49999
7	11111111111111		9		0.0712755		49999
7	11111111111111		8		0.0544372		50000
7	11111111111111		7		0.0404311		50004
7	11111111111111		6		0.028984		50004
7	11111111111111		5		0.0199476		50042
7	11111111111111		4		0.013002		50158
7	11111111111111		3		0.00785112		50485
7	11111111111111		2		0.0042643		52278
7	11111111111111		1		0.00191122		59387
8	11111111111111		11		0.18784		49998
8	11111111111111		10		0.15607		49999
8	11111111111111		9		0.12721		49999
8	11111111111111		8		0.101488		50000
8	11111111111111		7		0.0789088		50004
8	11111111111111		6		0.0595516		50004
8	11111111111111		5		0.0433387		50042
8	11111111111111		4		0.0300844		50158
8	11111111111111		3		0.0196204		50485
8	11111111111111		2		0.0116777		52278
8	11111111111111		1		0.00589436		59387
0	1111011010001110011011		51		0		24052
1	1111011010001110011011		38		0		45551
2	1111011010001110011011		33		0.187194		47869
2	1111011010001110011011		32		0.152793		48138
2	1111011010001110011011		31		0.102858		48555
2	1111011010001110011011		30		0.0695102		48867
2	1111011010001110011011		29		0.0528662		49059
2	1111011010001110011011		28		0.031017		49285
2	1111011010001110011011		27		0.0166655		49467
2	1111011010001110011011		26		0.00913638		49571
2	1111011010001110011011		25		0.00531161		49665
2	1111011010001110011011		24		0		49754
3	1111011010001110011011		27		0.181793		49467
3	1111011010001110011011		26		0.142166		49571
3	1111011010001110011011		25		0.107719		49665
3	1111011010001110011011		24		0.0784591		49754
3	1111011010001110011011		23		0.0533023		49806
3	1111011010001110011011		22		0.0349772		49861
3	1111011010001110011011		21		0.0210181		49899
3	1111011010001110011011		20		0.0112197		49920
3	1111011010001110011011		19		0.00609559		49943
3	1111011010001110011011		18		0.00262272		49964
3	1111011010001110011011		17		0.000892699		49980
3	1111011010001110011011		16		0.000113249		49985
3	1111011010001110011011		15		0		49992
4	1111011010001110011011		22		0.17195		49861
4	1111011010001110011011		21		0.133772		49899
4	1111011010001110011011		20		0.100088		49920
4	1111011010001110011011		19		0.0713941		49943
4	1111011010001110011011		18		0.0486959		49964
4	1111011010001110011011		17		0.0313069		49980
4	1111011010001110011011		16		0.0181687		49985
4	1111011010001110011011		15		0.00911725		49992
4	1111011010001110011011		14		0.00412661		49997
4	1111011010001110011011		13		0.00171417		50000
4	1111011010001110011011		12		0.000642598		50000
4	1111011010001110011011		11		0.00019455		50000
4	1111011010001110011011		10		4.33922e-05		50000
4	1111011010001110011011		9		6.19888e-06		50000
4	1111011010001110011011		8		0		50000
5	1111011010001110011011		18		0.166733		49964
5	1111011010001110011011		17		0.127973		49980
5	1111011010001110011011		16		0.0942806		49985
5	1111011010001110011011		15		0.0656552		49992
5	1111011010001110011011		14		0.04234		49997
5	1111011010001110011011		13		0.0250547		50000
5	1111011010001110011011		12		0.0135243		50000
5	1111011010001110011011		11		0.00653505		50000
5	1111011010001110011011		10		0.00277323		50000
5	1111011010001110011011		9		0.00101179		50000
5	1111011010001110011011		8		0.000301301		50000
5	1111011010001110011011		7		5.8651e-05		50000
5	1111011010001110011011		6		8.58307e-06		50000
5	1111011010001110011011		5		9.53674e-07		50000
5	1111011010001110011011		4		0		50000
6	1111011010001110011011		15		0.174821		49992
6	1111011010001110011011		14		0.132709		49997
6	1111011010001110011011		13		0.0953329		50000
6	1111011010001110011011		12		0.0641833		50000
6	1111011010001110011011		11		0.0400284		50000
6	1111011010001110011011		10		0.0227969		50000
6	1111011010001110011011		9		0.0115542		50000
6	1111011010001110011011		8		0.00515085		50000
6	1111011010001110011011		7		0.00190175		50000
6	1111011010001110011011		6		0.000545382		50000
6	1111011010001110011011		5		0.000123024		50000
6	1111011010001110011011		4		2.09808e-05		50000
6	1111011010001110011011		3		1.90735e-06		50000
6	1111011010001110011011		2		0		50000
7	1111011010001110011011		12		0.154192		50000
7	1111011010001110011011		11		0.111124		50000
7	1111011010001110011011		10		0.0748689		50000
7	1111011010001110011011		9		0.0465238		50000
7	1111011010001110011011		8		0.025991		50000
7	1111011010001110011011		7		0.0127394		50000
7	1111011010001110011011		6		0.00526184		50000
7	1111011010001110011011		5		0.00171608		50000
7	1111011010001110011011		4		0.00042522		50000
7	1111011010001110011011		3		7.82013e-05		50000
7	1111011010001110011011		2		5.72205e-06		50000
7	1111011010001110011011		1		0		59315
8	1111011010001110011011		10		0.164173		50000
8	1111011010001110011011		9		0.115956		50000
8	1111011010001110011011		8		0.0755736		50000
8	1111011010001110011011		7		0.0441622		50000
8	1111011010001110011011		6		0.0224334		50000
8	1111011010001110011011		5		0.00953865		50000
8	1111011010001110011011		4		0.00323057		50000
8	1111011010001110011011		3		0.000789344		50000
8	1111011010001110011011		2		0.000119209		50000
8	1111011010001110011011		1		9.53674e-06		59315
0	11101110110001110110001		50		0		24052
1	11101110110001110110001		37		0		45930
2	11101110110001110110001		32		0.165322		48095
2	11101110110001110110001		31		0.119798		48466
2	11101110110001110110001		30		0.096067		48733
2	11101110110001110110001		29		0.0643932		49013
2	11101110110001110110001		28		0.0512525		49159
2	11101110110001110110001		27		0.0348697		49328
2	11101110110001110110001		26		0.0184948		49504
2	11101110110001110110001		25		0.0111188		49620
2	11101110110001110110001		24		0.00353259		49723
2	11101110110001110110001		23		0		49794
3	11101110110001110110001		27		0.187687		49328
3	11101110110001110110001		26		0.150406		49504
3	11101110110001110110001		25		0.117995		49620
3	11101110110001110110001		24		0.089332		49723
3	11101110110001110110001		23		0.0644854		49794
3	11101110110001110110001		22		0.0457422		49853
3	11101110110001110110001		21		0.030874		49887
3	11101110110001110110001		20		0.0199128		49919
3	11101110110001110110001		19		0.012041		49935
3	11101110110001110110001		18		0.00658339		49957
3	11101110110001110110001		17		0.0033865		49964
3	11101110110001110110001		16		0.00119615		49980
3	11101110110001110110001		15		0.000372112		49995
3	11101110110001110110001		14		6.79493e-05		49995
3	11101110110001110110001		13		0		49998
4	11101110110001110110001		22		0.172192		49853
4	11101110110001110110001		21		0.136804		49887
4	11101110110001110110001		20		0.105675		49919
4	11101110110001110110001		19		0.0793594		49935
4	11101110110001110110001		18		0.0573606		49957
4	11101110110001110110001		17		0.0396937		49964
4	11101110110001110110001		16		0.0260742		49980
4	11101110110001110110001		15		0.0159827		49995
4	11101110110001110110001		14		0.00908375		49995
4	11101110110001110110001		13		0.00468773		49998
4	11101110110001110110001		12		0.00217056		49999
4	11101110110001110110001		11		0.000902236		49999
4	11101110110001110110001		10		0.000337541		50000
4	11101110110001110110001		9		0.00011301		50000
4	11101110110001110110001		8		2.90871e-05		50000
4	11101110110001110110001		7		8.58307e-06		50000
4	11101110110001110110001		6		9.53674e-07		50000
4	11101110110001110110001		5		0		50000
5	11101110110001110110001		18		0.16562		49957
5	11101110110001110110001		17		0.129996		49964
5	11101110110001110110001		16		0.0987684		49980
5	11101110110001110110001		15		0.072178		49995
5	11101110110001110110001		14		0.0503216		49995
5	11101110110001110110001		13		0.0331426		49998
5	11101110110001110110001		12		0.0204269		49999
5	11101110110001110110001		11		0.0116706		49999
5	11101110110001110110001		10		0.00612283		50000
5	11101110110001110110001		9		0.00295442		50000
5	11101110110001110110001		8		0.00127232		50000
5	11101110110001110110001		7		0.000480056		50000
5	11101110110001110110001		6		0.000143528		50000
5	11101110110001110110001		5		3.19481e-05		50000
5	11101110110001110110001		4		4.76837e-06		50000
5	11101110110001110110001		3		4.76837e-07		50000
5	11101110110001110110001		2		0		50003
6	11101110110001110110001		15		0.172177		49995
6	11101110110001110110001		14		0.133694		49995
6	11101110110001110110001		13		0.0996733		49998
6	11101110110001110110001		12		0.0708972		49999
6	11101110110001110110001		11		0.0475889		49999
6	11101110110001110110001		10		0.0299585		50000
6	11101110110001110110001		9		0.017492		50000
6	11101110110001110110001		8		0.00939411		50000
6	11101110110001110110001		7		0.00456625		50000
6	11101110110001110110001		6		0.00189698		50000
6	11101110110001110110001		5		0.00064826		50000
6	11101110110001110110001		4		0.000180244		50000
6	11101110110001110110001		3		2.67029e-05		50000
6	11101110110001110110001		2		2.86102e-06		50003
6	11101110110001110110001		1		0		59583
7	11101110110001110110001		13		0.198159		49998
7	11101110110001110110001		12		0.154125		49999
7	11101110110001110110001		11		0.114753		49999
7	11101110110001110110001		10		0.0810663		50000
7	11101110110001110110001		9		0.0538058		50000
7	11101110110001110110001		8		0.0332021		50000
7	11101110110001110110001		7		0.0187299		50000
7	11101110110001110110001		6		0.00939602		50000
7	11101110110001110110001		5		0.00406867		50000
7	11101110110001110110001		4		0.00138378		50000
7	11101110110001110110001		3		0.000365198		50000
7	11101110110001110110001		2		7.15256e-05		50003
7	11101110110001110110001		1		1.90735e-06		59583
8	11101110110001110110001		10		0.16508		50000
8	11101110110001110110001		9		0.1203		50000
8	11101110110001110110001		8		0.0821891		50000
8	11101110110001110110001		7		0.0518112		50000
8	11101110110001110110001		6		0.0298679		50000
8	11101110110001110110001		5		0.015142		50000
8	11101110110001110110001		4		0.00636262		50000
8	11101110110001110110001		3		0.00204259		50000
8	11101110110001110110001		2		0.000443339		50003
8	11101110110001110110001		1		5.34058e-05		59583
0	1111111111100000111		54		0		24052
1	1111111111100000111		41		0		45265
2	1111111111100000111		35		0.173647		47996
2	1111111111100000111		34		0.148402		48238
2	1111111111100000111		33		0.113379		48562
2	1111111111100000111		32		0.0953346		48733
2	1111111111100000111		31		0.0792922		48894
2	1111111111100000111		30		0.0408625		49239
2	1111111111100000111		29		0.0316285		49346
2	1111111111100000111		28		0.0232437		49463
2	1111111111100000111		27		0		49680
3	1111111111100000111		29		0.1914		49346
3	1111111111100000111		28		0.15773		49463
3	1111111111100000111		27		0.115172		49680
3	1111111111100000111		26		0.089303		49746
3	1111111111100000111		25		0.0681115		49796
3	1111111111100000111		24		0.0485439		49841
3	1111111111100000111		23		0.0369513		49879
3	1111111111100000111		22		0.0258484		49908
3	1111111111100000111		21		0.018241		49931
3	1111111111100000111		20		0.0121484		49945
3	1111111111100000111		19		0.0050593		49960
3	1111111111100000111		18		0.00271547		49973
3	1111111111100000111		17		0.00109661		49983
3	1111111111100000111		16		4.62532e-05		49989
3	1111111111100000111		15		0		49995
4	1111111111100000111		24		0.183934		49841
4	1111111111100000111		23		0.150644		49879
4	1111111111100000111		22		0.121773		49908
4	1111111111100000111		21		0.0967902		49931
4	1111111111100000111		20		0.0753651		49945
4	1111111111100000111		19		0.0549641		49960
4	1111111111100000111		18		0.0390598		49973
4	1111111111100000111		17		0.0263751		49983
4	1111111111100000111		16		0.0164462		49989
4	1111111111100000111		15		0.0104172		49995
4	1111111111100000111		14		0.00642091		49998
4	1111111111100000111		13		0.00366968		49998
4	1111111111100000111		12		0.00177652		49999
4	1111111111100000111		11		0.000559151		50000
4	1111111111100000111		10		0.000128746		50000
4	1111111111100000111		9		1.81198e-05		50000
4	1111111111100000111		8		0		50000
5	1111111111100000111		20		0.192955		49945
5	1111111111100000111		19		0.158931		49960
5	1111111111100000111		18		0.127518		49973
5	1111111111100000111		17		0.0995424		49983
5	1111111111100000111		16		0.0751591		49989
5	1111111111100000111		15		0.0546747		49995
5	1111111111100000111		14		0.0387275		49998
5	1111111111100000111		13		0.026427		49998
5	1111111111100000111		12		0.0169526		49999
5	1111111111100000111		11		0.00984603		50000
5	1111111111100000111		10		0.00510341		50000
5	1111111111100000111		9		0.00254643		50000
5	1111111111100000111		8		0.00120568		50000
5	1111111111100000111		7		0.00050056		50000
5	1111111111100000111		6		0.000192642		50000
5	1111111111100000111		5		5.00679e-05		50001
5	1111111111100000111		4		1.57356e-05		50006
5	1111111111100000111		3		9.53674e-07		50036
5	1111111111100000111		2		0		50527
6	1111111111100000111		16		0.174268		49989
6	1111111111100000111		15		0.139732		49995
6	1111111111100000111		14		0.109081		49998
6	1111111111100000111		13		0.0825707		49998
6	1111111111100000111		12		0.0600528		49999
6	1111111111100000111		11		0.0414885		50000
6	1111111111100000111		10		0.0265101		50000
6	1111111111100000111		9		0.0161784		50000
6	1111111111100000111		8		0.00918627		50000
6	1111111111100000111		7		0.00471336		50000
6	1111111111100000111		6		0.00226432		50000
6	1111111111100000111		5		0.000913203		50001
6	1111111111100000111		4		0.000356615		50006
6	1111111111100000111		3		0.000121117		50036
6	1111111111100000111		2		3.62396e-05		50527
6	1111111111100000111		1		1.04904e-05		59765
7	1111111111100000111		13		0.169284		49998
7	1111111111100000111		12		0.133271		49999
7	1111111111100000111		11		0.101126		50000
7	1111111111100000111		10		0.0724041		50000
7	1111111111100000111		9		0.049866		50000
7	1111111111100000111		8		0.0322196		50000
7	1111111111100000111		7		0.0191332		50000
7	1111111111100000111		6		0.01068		50000
7	1111111111100000111		5		0.0050844		50001
7	1111111111100000111		4		0.00240231		50006
7	1111111111100000111		3		0.000935137		50036
7	1111111111100000111		2		0.000276506		50527
7	1111111111100000111		1		6.96182e-05		59765
8	1111111111100000111		11		0.187478		50000
8	1111111111100000111		10		0.144762		50000
8	1111111111100000111		9		0.108422		50000
8	1111111111100000111		8		0.0770103		50000
8	1111111111100000111		7		0.0507409		50000
8	1111111111100000111		6		0.0314413		50000
8	1111111111100000111		5		0.0170121		50001
8	1111111111100000111		4		0.00900859		50006
8	1111111111100000111		3		0.0041095		50036
8	1111111111100000111		2		0.00134569		50527
8	1111111111100000111		1		0.000392854		59765
