errors	shape		t		lossrate	PM

0	1111111111		44		0		29324
1	1111111111		35		0		46419
2	1111111111		28		0.171822		48872
2	1111111111		27		0.13541		49062
2	1111111111		26		0.103456		49232
2	1111111111		25		0		49720
3	1111111111		23		0.160678		49851
3	1111111111		22		0.118166		49878
3	1111111111		21		0.0842446		49913
3	1111111111		20		0.0583239		49933
3	1111111111		19		0.0396104		49949
3	1111111111		18		0.0259334		49965
3	1111111111		17		0.0159443		49976
3	1111111111		16		0.00868011		49981
3	1111111111		15		0		49993
4	1111111111		19		0.16978		49949
4	1111111111		18		0.131364		49965
4	1111111111		17		0.0993131		49976
4	1111111111		16		0.072902		49981
4	1111111111		15		0.0517303		49993
4	1111111111		14		0.0337713		49994
4	1111111111		13		0.0214424		49995
4	1111111111		12		0.0131074		49997
4	1111111111		11		0.0074901		50001
4	1111111111		10		0.00396562		50001
4	1111111111		9		0.00193834		50033
4	1111111111		8		0.000834584		50093
4	1111111111		7		0.000288427		50312
4	1111111111		6		6.24657e-05		51564
4	1111111111		5		0		56406
5	1111111111		16		0.191404		49981
5	1111111111		15		0.151369		49993
5	1111111111		14		0.117039		49994
5	1111111111		13		0.0874964		49995
5	1111111111		12		0.0632225		49997
5	1111111111		11		0.0436424		50001
5	1111111111		10		0.0287691		50001
5	1111111111		9		0.018275		50033
5	1111111111		8		0.0110441		50093
5	1111111111		7		0.00624889		50312
5	1111111111		6		0.00326955		51564
5	1111111111		5		0.00156373		56406
5	1111111111		4		0.00066638		74479
5	1111111111		3		0.000246942		148315
5	1111111111		2		7.34329e-05		448753
5	1111111111		1		1.04904e-05		1670536
6	1111111111		13		0.189136		49995
6	1111111111		12		0.149272		49997
6	1111111111		11		0.113789		50001
6	1111111111		10		0.0835946		50001
6	1111111111		9		0.0594592		50033
6	1111111111		8		0.0406846		50093
6	1111111111		7		0.0265594		50312
6	1111111111		6		0.0163988		51564
6	1111111111		5		0.00944704		56406
6	1111111111		4		0.00499141		74479
6	1111111111		3		0.00233662		148315
6	1111111111		2		0.000907481		448753
6	1111111111		1		0.000252664		1670536
0	111001001010011101		36		0		29324
1	111001001010011101		28		0.19915		44060
1	111001001010011101		27		0		47557
2	111001001010011101		23		0.128945		49048
2	111001001010011101		22		0.0864328		49296
2	111001001010011101		21		0.0424804		49541
2	111001001010011101		20		0.0171255		49706
2	111001001010011101		19		0.00590384		49811
2	111001001010011101		18		0.000649452		49890
2	111001001010011101		17		0		49933
3	111001001010011101		19		0.145526		49811
3	111001001010011101		18		0.0946347		49890
3	111001001010011101		17		0.0539966		49933
3	111001001010011101		16		0.0283332		49958
3	111001001010011101		15		0.0118309		49970
3	111001001010011101		14		0.00385731		49980
3	111001001010011101		13		0.00105709		49990
3	111001001010011101		12		0.000123501		49995
3	111001001010011101		11		0		49997
4	111001001010011101		16		0.167969		49958
4	111001001010011101		15		0.112899		49970
4	111001001010011101		14		0.0692313		49980
4	111001001010011101		13		0.0383208		49990
4	111001001010011101		12		0.0177215		49995
4	111001001010011101		11		0.00675344		49997
4	111001001010011101		10		0.00222909		49998
4	111001001010011101		9		0.000554383		50000
4	111001001010011101		8		7.00951e-05		50000
4	111001001010011101		7		2.38419e-06		50000
4	111001001010011101		6		0		50000
5	111001001010011101		13		0.156433		49990
5	111001001010011101		12		0.101954		49995
5	111001001010011101		11		0.0595157		49997
5	111001001010011101		10		0.030666		49998
5	111001001010011101		9		0.0136061		50000
5	111001001010011101		8		0.00494301		50000
5	111001001010011101		7		0.00140095		50000
5	111001001010011101		6		0.000282228		50000
5	111001001010011101		5		3.14713e-05		50000
5	111001001010011101		4		9.53674e-07		50001
5	111001001010011101		3		0		50071
6	111001001010011101		11		0.176821		49997
6	111001001010011101		10		0.115166		49998
6	111001001010011101		9		0.0677028		50000
6	111001001010011101		8		0.0348142		50000
6	111001001010011101		7		0.015019		50000
6	111001001010011101		6		0.00516319		50000
6	111001001010011101		5		0.00128663		50000
6	111001001010011101		4		0.000219345		50001
6	111001001010011101		3		2.28882e-05		50071
6	111001001010011101		2		0		52628
0	1111111000111		41		0		29324
1	1111111000111		32		0		46942
2	1111111000111		27		0.178379		48812
2	1111111000111		26		0.124364		49063
2	1111111000111		25		0.0729455		49357
2	1111111000111		24		0.0546551		49494
2	1111111000111		23		0.0393427		49609
2	1111111000111		22		0		49822
3	1111111000111		22		0.15782		49822
3	1111111000111		21		0.113973		49875
3	1111111000111		20		0.0789681		49913
3	1111111000111		19		0.0468202		49941
3	1111111000111		18		0.0288103		49958
3	1111111000111		17		0.0188305		49968
3	1111111000111		16		0.00752228		49979
3	1111111000111		15		0.00202453		49989
3	1111111000111		14		0.00081265		49994
3	1111111000111		13		0.000207901		49996
3	1111111000111		12		0		49999
4	1111111000111		18		0.154359		49958
4	1111111000111		17		0.113353		49968
4	1111111000111		16		0.0791249		49979
4	1111111000111		15		0.0510993		49989
4	1111111000111		14		0.0311508		49994
4	1111111000111		13		0.0170726		49996
4	1111111000111		12		0.00845224		49999
4	1111111000111		11		0.00376987		50000
4	1111111000111		10		0.00127804		50000
4	1111111000111		9		0.000196934		50000
4	1111111000111		8		2.43187e-05		50003
4	1111111000111		7		9.53674e-07		50006
4	1111111000111		6		0		50036
5	1111111000111		15		0.168109		49989
5	1111111000111		14		0.123317		49994
5	1111111000111		13		0.0864881		49996
5	1111111000111		12		0.0569569		49999
5	1111111000111		11		0.0347278		50000
5	1111111000111		10		0.0191968		50000
5	1111111000111		9		0.0090313		50000
5	1111111000111		8		0.00372005		50003
5	1111111000111		7		0.00126666		50006
5	1111111000111		6		0.000325143		50036
5	1111111000111		5		6.00815e-05		50110
5	1111111000111		4		5.72205e-06		50406
5	1111111000111		3		0		57657
6	1111111000111		12		0.154726		49999
6	1111111000111		11		0.110962		50000
6	1111111000111		10		0.0745821		50000
6	1111111000111		9		0.0457542		50000
6	1111111000111		8		0.0252597		50003
6	1111111000111		7		0.012195		50006
6	1111111000111		6		0.00499809		50036
6	1111111000111		5		0.00177133		50110
6	1111111000111		4		0.000472903		50406
6	1111111000111		3		9.72748e-05		57657
6	1111111000111		2		1.71661e-05		166057
6	1111111000111		1		9.53674e-07		1928351
0	11111111111		43		0		29324
1	11111111111		33		0		46591
2	11111111111		26		0.166187		48903
2	11111111111		25		0.131982		49082
2	11111111111		24		0.101919		49250
2	11111111111		23		0.0763251		49393
2	11111111111		22		0		49765
3	11111111111		21		0.175765		49830
3	11111111111		20		0.13106		49868
3	11111111111		19		0.0948475		49902
3	11111111111		18		0.06713		49928
3	11111111111		17		0.0471274		49943
3	11111111111		16		0.0322925		49959
3	11111111111		15		0.0213117		49971
3	11111111111		14		0.0133559		49980
3	11111111111		13		0.00761217		49985
3	11111111111		12		0.00367016		49988
3	11111111111		11		0		49995
4	11111111111		17		0.177412		49943
4	11111111111		16		0.139428		49959
4	11111111111		15		0.107343		49971
4	11111111111		14		0.0809226		49980
4	11111111111		13		0.0593085		49985
4	11111111111		12		0.0419906		49988
4	11111111111		11		0.0286454		49995
4	11111111111		10		0.0180779		49998
4	11111111111		9		0.0109125		50001
4	11111111111		8		0.00614893		50032
4	11111111111		7		0.00322443		50091
4	11111111111		6		0.00156564		50309
4	11111111111		5		0.000676394		51546
4	11111111111		4		0.000246942		56383
4	11111111111		3		6.38962e-05		74420
4	11111111111		2		1.19209e-05		148150
4	11111111111		1		4.76837e-07		448412
5	11111111111		14		0.195848		49980
5	11111111111		13		0.156901		49985
5	11111111111		12		0.122812		49988
5	11111111111		11		0.0939177		49995
5	11111111111		10		0.0697721		49998
5	11111111111		9		0.0496711		50001
5	11111111111		8		0.0335782		50032
5	11111111111		7		0.0216061		50091
5	11111111111		6		0.0132222		50309
5	11111111111		5		0.00758713		51546
5	11111111111		4		0.00398129		56383
5	11111111111		3		0.0018608		74420
5	11111111111		2		0.000720739		148150
5	11111111111		1		0.000196457		448412
6	11111111111		11		0.190323		49995
6	11111111111		10		0.15156		49998
6	11111111111		9		0.117156		50001
6	11111111111		8		0.0871648		50032
6	11111111111		7		0.062259		50091
6	11111111111		6		0.0426396		50309
6	11111111111		5		0.0276727		51546
6	11111111111		4		0.016775		56383
6	11111111111		3		0.00924575		74420
6	11111111111		2		0.00444567		148150
6	11111111111		1		0.00164086		448412
0	11111101110101		40		0		29324
1	11111101110101		30		0		47094
2	11111101110101		25		0.158397		48911
2	11111101110101		24		0.118898		49126
2	11111101110101		23		0.0892365		49317
2	11111101110101		22		0.0690271		49453
2	11111101110101		21		0.0454183		49591
2	11111101110101		20		0.026489		49707
2	11111101110101		19		0		49861
3	11111101110101		20		0.168869		49707
3	11111101110101		19		0.125442		49861
3	11111101110101		18		0.0845053		49905
3	11111101110101		17		0.057965		49935
3	11111101110101		16		0.0385813		49947
3	11111101110101		15		0.0233373		49968
3	11111101110101		14		0.0135116		49978
3	11111101110101		13		0.00705981		49984
3	11111101110101		12		0.00327718		49990
3	11111101110101		11		0.00113946		49996
3	11111101110101		10		0.000137329		49998
3	11111101110101		9		0		49998
4	11111101110101		16		0.158399		49947
4	11111101110101		15		0.119106		49968
4	11111101110101		14		0.0860755		49978
4	11111101110101		13		0.0597601		49984
4	11111101110101		12		0.0392884		49990
4	11111101110101		11		0.0240733		49996
4	11111101110101		10		0.0132279		49998
4	11111101110101		9		0.00621855		49998
4	11111101110101		8		0.00241655		50002
4	11111101110101		7		0.000624955		50009
4	11111101110101		6		3.67165e-05		50012
4	11111101110101		5		0		50054
5	11111101110101		13		0.168274		49984
5	11111101110101		12		0.127383		49990
5	11111101110101		11		0.0924788		49996
5	11111101110101		10		0.0634986		49998
5	11111101110101		9		0.0404421		49998
5	11111101110101		8		0.0232097		50002
5	11111101110101		7		0.0112224		50009
5	11111101110101		6		0.00405443		50012
5	11111101110101		5		0.00104278		50054
5	11111101110101		4		0.000167847		50198
5	11111101110101		3		7.62939e-06		50983
5	11111101110101		2		0		58800
6	11111101110101		10		0.154048		49998
6	11111101110101		9		0.112489		49998
6	11111101110101		8		0.0769769		50002
6	11111101110101		7		0.0477387		50009
6	11111101110101		6		0.0252216		50012
6	11111101110101		5		0.0105054		50054
6	11111101110101		4		0.00318784		50198
6	11111101110101		3		0.000651121		50983
6	11111101110101		2		7.34329e-05		58800
6	11111101110101		1		3.8147e-06		528111
0	11111110001111		40		0		29324
1	11111110001111		30		0		47106
2	11111110001111		26		0.198798		48671
2	11111110001111		25		0.167945		48845
2	11111110001111		24		0.134653		49035
2	11111110001111		23		0.0698323		49368
2	11111110001111		22		0.0526715		49498
2	11111110001111		21		0.0384059		49605
2	11111110001111		20		0.026489		49696
2	11111110001111		19		0		49867
3	11111110001111		20		0.173527		49696
3	11111110001111		19		0.121645		49867
3	11111110001111		18		0.0875021		49901
3	11111110001111		17		0.0596202		49942
3	11111110001111		16		0.0361227		49953
3	11111110001111		15		0.0203723		49967
3	11111110001111		14		0.0127257		49975
3	11111110001111		13		0.00634795		49983
3	11111110001111		12		0.00095892		49992
3	11111110001111		11		0.000295579		49996
3	11111110001111		10		4.19617e-05		49998
3	11111110001111		9		0		50000
4	11111110001111		16		0.165038		49953
4	11111110001111		15		0.122736		49967
4	11111110001111		14		0.0881119		49975
4	11111110001111		13		0.0604476		49983
4	11111110001111		12		0.0372109		49992
4	11111110001111		11		0.021237		49996
4	11111110001111		10		0.0109578		49998
4	11111110001111		9		0.00470245		50000
4	11111110001111		8		0.00181413		50000
4	11111110001111		7		0.000580132		50003
4	11111110001111		6		8.05855e-05		50003
4	11111110001111		5		0		50035
5	11111110001111		13		0.175658		49983
5	11111110001111		12		0.131333		49992
5	11111110001111		11		0.0927297		49996
5	11111110001111		10		0.0614672		49998
5	11111110001111		9		0.0371494		50000
5	11111110001111		8		0.0205185		50000
5	11111110001111		7		0.0099296		50003
5	11111110001111		6		0.00396132		50003
5	11111110001111		5		0.00143808		50035
5	11111110001111		4		0.000418603		50096
5	11111110001111		3		6.96182e-05		51816
5	11111110001111		2		7.62939e-06		78214
5	11111110001111		1		0		508650
6	11111110001111		10		0.15684		49998
6	11111110001111		9		0.110822		50000
6	11111110001111		8		0.0733183		50000
6	11111110001111		7		0.0441193		50003
6	11111110001111		6		0.0229908		50003
6	11111110001111		5		0.0110233		50035
6	11111110001111		4		0.00439817		50096
6	11111110001111		3		0.00131899		51816
6	11111110001111		2		0.000400484		78214
6	11111110001111		1		7.24792e-05		508650
0	111111111111		42		0		29324
1	111111111111		31		0		46787
2	111111111111		25		0.197524		48735
2	111111111111		24		0.159555		48936
2	111111111111		23		0.127487		49118
2	111111111111		22		0.0991741		49277
2	111111111111		21		0.0751212		49408
2	111111111111		20		0.0556777		49533
2	111111111111		19		0		49818
3	111111111111		19		0.186324		49818
3	111111111111		18		0.140081		49851
3	111111111111		17		0.102424		49903
3	111111111111		16		0.0733002		49927
3	111111111111		15		0.0523401		49939
3	111111111111		14		0.0367743		49954
3	111111111111		13		0.0250863		49968
3	111111111111		12		0.01654		49975
3	111111111111		11		0.0103846		49985
3	111111111111		10		0.00597447		49987
3	111111111111		9		0.0030176		49992
3	111111111111		8		0.00120425		49995
3	111111111111		7		0		50032
4	111111111111		15		0.178708		49939
4	111111111111		14		0.141929		49954
4	111111111111		13		0.110424		49968
4	111111111111		12		0.0842543		49975
4	111111111111		11		0.0628428		49985
4	111111111111		10		0.0453842		49987
4	111111111111		9		0.0316103		49992
4	111111111111		8		0.0211176		49995
4	111111111111		7		0.0132721		50032
4	111111111111		6		0.00761932		50090
4	111111111111		5		0.00404161		50308
4	111111111111		4		0.0019455		51546
4	111111111111		3		0.000825524		56378
4	111111111111		2		0.000282705		74408
4	111111111111		1		6.24657e-05		148122
5	111111111111		12		0.193021		49975
5	111111111111		11		0.155628		49985
5	111111111111		10		0.122581		49987
5	111111111111		9		0.0940716		49992
5	111111111111		8		0.0701544		49995
5	111111111111		7		0.0503361		50032
5	111111111111		6		0.0343392		50090
5	111111111111		5		0.0220203		50308
5	111111111111		4		0.0131498		51546
5	111111111111		3		0.00716209		56378
5	111111111111		2		0.00340736		74408
5	111111111111		1		0.00126946		148122
6	111111111111		9		0.183779		49992
6	111111111111		8		0.14596		49995
6	111111111111		7		0.112348		50032
6	111111111111		6		0.0832144		50090
6	111111111111		5		0.0587817		50308
6	111111111111		4		0.0392123		51546
6	111111111111		3		0.0242553		56378
6	111111111111		2		0.0134255		74408
6	111111111111		1		0.00612187		148122
0	1110100111010011101		35		0		29324
1	1110100111010011101		25		0.17596		44721
1	1110100111010011101		24		0		47819
2	1110100111010011101		21		0.197342		48783
2	1110100111010011101		20		0.13068		49044
2	1110100111010011101		19		0.0949621		49266
2	1110100111010011101		18		0.063706		49454
2	1110100111010011101		17		0.0377876		49610
2	1110100111010011101		16		0.0143699		49754
2	1110100111010011101		15		0.00562936		49841
2	1110100111010011101		14		0.000404298		49915
2	1110100111010011101		13		0		49945
3	1110100111010011101		16		0.161195		49754
3	1110100111010011101		15		0.114849		49841
3	1110100111010011101		14		0.0737429		49915
3	1110100111010011101		13		0.0445709		49945
3	1110100111010011101		12		0.0238448		49964
3	1110100111010011101		11		0.0114425		49968
3	1110100111010011101		10		0.00403064		49984
3	1110100111010011101		9		0.00062114		49993
3	1110100111010011101		8		4.1008e-05		49995
3	1110100111010011101		7		0		49997
4	1110100111010011101		13		0.182561		49945
4	1110100111010011101		12		0.130438		49964
4	1110100111010011101		11		0.0873293		49968
4	1110100111010011101		10		0.0533648		49984
4	1110100111010011101		9		0.0284569		49993
4	1110100111010011101		8		0.0128118		49995
4	1110100111010011101		7		0.00468439		49997
4	1110100111010011101		6		0.00128424		49999
4	1110100111010011101		5		0.000191689		50000
4	1110100111010011101		4		9.53674e-07		50000
4	1110100111010011101		3		0		50013
5	1110100111010011101		10		0.166695		49984
5	1110100111010011101		9		0.113498		49993
5	1110100111010011101		8		0.0701624		49995
5	1110100111010011101		7		0.037959		49997
5	1110100111010011101		6		0.0174564		49999
5	1110100111010011101		5		0.00630009		50000
5	1110100111010011101		4		0.00166279		50000
5	1110100111010011101		3		0.000283182		50013
5	1110100111010011101		2		7.62939e-06		50378
5	1110100111010011101		1		0		157845
6	1110100111010011101		8		0.175927		49995
6	1110100111010011101		7		0.115808		49997
6	1110100111010011101		6		0.0679242		49999
6	1110100111010011101		5		0.0337247		50000
6	1110100111010011101		4		0.0131987		50000
6	1110100111010011101		3		0.003739		50013
6	1110100111010011101		2		0.00056535		50378
6	1110100111010011101		1		4.1008e-05		157845
0	111111111000111		39		0		29324
1	111111111000111		28		0		47340
2	111111111000111		24		0.18895		48751
2	111111111000111		23		0.159353		48920
2	111111111000111		22		0.114096		49155
2	111111111000111		21		0.0900352		49317
2	111111111000111		20		0.0695377		49446
2	111111111000111		19		0.0364791		49628
2	111111111000111		18		0.0255011		49706
2	111111111000111		17		0.0158675		49793
2	111111111000111		16		0		49906
3	111111111000111		18		0.162626		49706
3	111111111000111		17		0.124488		49793
3	111111111000111		16		0.0864044		49906
3	111111111000111		15		0.0603903		49933
3	111111111000111		14		0.0408625		49954
3	111111111000111		13		0.0243716		49967
3	111111111000111		12		0.0151523		49976
3	111111111000111		11		0.00862575		49984
3	111111111000111		10		0.00277561		49991
3	111111111000111		9		0.000780761		49995
3	111111111000111		8		0.000115871		49998
3	111111111000111		7		0		49998
4	111111111000111		15		0.19984		49933
4	111111111000111		14		0.156151		49954
4	111111111000111		13		0.118643		49967
4	111111111000111		12		0.086441		49976
4	111111111000111		11		0.0604794		49984
4	111111111000111		10		0.0383901		49991
4	111111111000111		9		0.0216523		49995
4	111111111000111		8		0.0110771		49998
4	111111111000111		7		0.00496489		49998
4	111111111000111		6		0.00171322		50002
4	111111111000111		5		0.000485301		50005
4	111111111000111		4		4.91142e-05		50036
4	111111111000111		3		0		50437
5	111111111000111		11		0.164045		49984
5	111111111000111		10		0.123123		49991
5	111111111000111		9		0.0863774		49995
5	111111111000111		8		0.0563263		49998
5	111111111000111		7		0.0332989		49998
5	111111111000111		6		0.0164251		50002
5	111111111000111		5		0.00741673		50005
5	111111111000111		4		0.0025897		50036
5	111111111000111		3		0.000580609		50437
5	111111111000111		2		0.000164032		56760
5	111111111000111		1		2.09808e-05		163235
6	111111111000111		9		0.189201		49995
6	111111111000111		8		0.140688		49998
6	111111111000111		7		0.0974141		49998
6	111111111000111		6		0.05885		50002
6	111111111000111		5		0.0329402		50005
6	111111111000111		4		0.015235		50036
6	111111111000111		3		0.0049696		50437
6	111111111000111		2		0.00174272		56760
6	111111111000111		1		0.000375688		163235
0	1111111111111		41		0		29324
1	1111111111111		29		0		46939
2	1111111111111		23		0.187634		48786
2	1111111111111		22		0.15219		48983
2	1111111111111		21		0.12199		49156
2	1111111111111		20		0.0954489		49296
2	1111111111111		19		0.0729455		49433
2	1111111111111		18		0.0546551		49552
2	1111111111111		17		0.0393427		49655
2	1111111111111		16		0		49847
3	1111111111111		17		0.17774		49655
3	1111111111111		16		0.145228		49847
3	1111111111111		15		0.10682		49900
3	1111111111111		14		0.0769444		49926
3	1111111111111		13		0.0553399		49938
3	1111111111111		12		0.0393269		49950
3	1111111111111		11		0.0272911		49966
3	1111111111111		10		0.0183986		49976
3	1111111111111		9		0.0119439		49980
3	1111111111111		8		0.00731784		49990
3	1111111111111		7		0.00409621		49992
3	1111111111111		6		0.00202453		50026
3	1111111111111		5		0.00081265		50089
3	1111111111111		4		0.000207901		50307
3	1111111111111		3		0		51546
4	1111111111111		13		0.174472		49938
4	1111111111111		12		0.139376		49950
4	1111111111111		11		0.109049		49966
4	1111111111111		10		0.0835916		49976
4	1111111111111		9		0.0626305		49980
4	1111111111111		8		0.0454907		49990
4	1111111111111		7		0.0317761		49992
4	1111111111111		6		0.0212156		50026
4	1111111111111		5		0.0133229		50089
4	1111111111111		4		0.00767654		50307
4	1111111111111		3		0.00392383		51546
4	1111111111111		2		0.00168228		56378
4	1111111111111		1		0.000543475		74407
5	1111111111111		10		0.184295		49976
5	1111111111111		9		0.148543		49980
5	1111111111111		8		0.116767		49990
5	1111111111111		7		0.0891083		49992
5	1111111111111		6		0.0657278		50026
5	1111111111111		5		0.0463701		50089
5	1111111111111		4		0.0308499		50307
5	1111111111111		3		0.0189695		51546
5	1111111111111		2		0.0103327		56378
5	1111111111111		1		0.00463647		74407
6	1111111111111		7		0.170391		49992
6	1111111111111		6		0.133593		50026
6	1111111111111		5		0.10095		50089
6	1111111111111		4		0.0726924		50307
6	1111111111111		3		0.0491834		51546
6	1111111111111		2		0.0303627		56378
6	1111111111111		1		0.0161231		74407
0	110101111001100010111		33		0		29324
1	110101111001100010111		24		0.192712		44197
1	110101111001100010111		23		0.154354		45087
1	110101111001100010111		22		0.134171		45697
1	110101111001100010111		21		0		48095
2	110101111001100010111		18		0.149761		48980
2	110101111001100010111		17		0.0979878		49243
2	110101111001100010111		16		0.0712801		49418
2	110101111001100010111		15		0.0439526		49605
2	110101111001100010111		14		0.0183787		49751
2	110101111001100010111		13		0.00429231		49852
2	110101111001100010111		12		0.00196266		49918
2	110101111001100010111		11		0		49953
3	110101111001100010111		14		0.167267		49751
3	110101111001100010111		13		0.115845		49852
3	110101111001100010111		12		0.070541		49918
3	110101111001100010111		11		0.0402289		49953
3	110101111001100010111		10		0.0205395		49971
3	110101111001100010111		9		0.00815481		49985
3	110101111001100010111		8		0.00249076		49992
3	110101111001100010111		7		0.000368536		49994
3	110101111001100010111		6		1.33514e-05		49998
3	110101111001100010111		5		0		50000
4	110101111001100010111		11		0.174101		49953
4	110101111001100010111		10		0.119278		49971
4	110101111001100010111		9		0.0742878		49985
4	110101111001100010111		8		0.0405807		49992
4	110101111001100010111		7		0.018648		49994
4	110101111001100010111		6		0.0066582		49998
4	110101111001100010111		5		0.00171179		50000
4	110101111001100010111		4		0.000279844		50000
4	110101111001100010111		3		1.09673e-05		50000
4	110101111001100010111		2		0		50005
5	110101111001100010111		8		0.141715		49992
5	110101111001100010111		7		0.0875434		49994
5	110101111001100010111		6		0.0466974		49998
5	110101111001100010111		5		0.0200756		50000
5	110101111001100010111		4		0.00649619		50000
5	110101111001100010111		3		0.00137711		50000
5	110101111001100010111		2		0.000132561		50005
5	110101111001100010111		1		3.8147e-06		75235
6	110101111001100010111		6		0.133508		49998
6	110101111001100010111		5		0.0747507		50000
6	110101111001100010111		4		0.0338297		50000
6	110101111001100010111		3		0.0110252		50000
6	110101111001100010111		2		0.00207973		50005
6	110101111001100010111		1		0.000156403		75235
0	11111111110000111		37		0		29324
1	11111111110000111		25		0		47701
2	11111111110000111		22		0.183798		48772
2	11111111110000111		21		0.150442		48964
2	11111111110000111		20		0.125344		49120
2	11111111110000111		19		0.100317		49272
2	11111111110000111		18		0.0682119		49446
2	11111111110000111		17		0.0510435		49562
2	11111111110000111		16		0.0367262		49671
2	11111111110000111		15		0.0132472		49815
2	11111111110000111		14		0.0072906		49864
2	11111111110000111		13		0.00323653		49906
2	11111111110000111		12		0		49953
3	11111111110000111		16		0.169546		49671
3	11111111110000111		15		0.12635		49815
3	11111111110000111		14		0.0925605		49864
3	11111111110000111		13		0.0646294		49906
3	11111111110000111		12		0.0399025		49953
3	11111111110000111		11		0.0257913		49966
3	11111111110000111		10		0.0161414		49975
3	11111111110000111		9		0.00898165		49979
3	11111111110000111		8		0.00270808		49993
3	11111111110000111		7		0.000762165		49996
3	11111111110000111		6		9.77516e-05		49997
3	11111111110000111		5		0		49997
4	11111111110000111		13		0.199033		49906
4	11111111110000111		12		0.154619		49953
4	11111111110000111		11		0.114654		49966
4	11111111110000111		10		0.0819878		49975
4	11111111110000111		9		0.055779		49979
4	11111111110000111		8		0.0321993		49993
4	11111111110000111		7		0.0172586		49996
4	11111111110000111		6		0.00804508		49997
4	11111111110000111		5		0.00324482		49997
4	11111111110000111		4		0.00106561		50010
4	11111111110000111		3		0.000353754		50091
4	11111111110000111		2		6.81877e-05		51727
4	11111111110000111		1		2.86102e-06		76771
5	11111111110000111		10		0.199592		49975
5	11111111110000111		9		0.152127		49979
5	11111111110000111		8		0.10632		49993
5	11111111110000111		7		0.0703823		49996
5	11111111110000111		6		0.0419874		49997
5	11111111110000111		5		0.0217787		49997
5	11111111110000111		4		0.00905019		50010
5	11111111110000111		3		0.00397938		50091
5	11111111110000111		2		0.00133997		51727
5	11111111110000111		1		0.000228882		76771
6	11111111110000111		7		0.161397		49996
6	11111111110000111		6		0.111145		49997
6	11111111110000111		5		0.068309		49997
6	11111111110000111		4		0.0339487		50010
6	11111111110000111		3		0.0174067		50091
6	11111111110000111		2		0.00710618		51727
6	11111111110000111		1		0.00173515		76771
0	11111111111111		40		0		29324
1	11111111111111		27		0		47159
2	11111111111111		21		0.177299		48857
2	11111111111111		20		0.143978		49037
2	11111111111111		19		0.115691		49182
2	11111111111111		18		0.0909466		49337
2	11111111111111		17		0.0698323		49467
2	11111111111111		16		0.0526715		49567
2	11111111111111		15		0.0384059		49666
2	11111111111111		14		0.026489		49740
2	11111111111111		13		0		49896
3	11111111111111		15		0.167371		49666
3	11111111111111		14		0.136757		49740
3	11111111111111		13		0.107947		49896
3	11111111111111		12		0.0779284		49923
3	11111111111111		11		0.0561742		49939
3	11111111111111		10		0.0400065		49951
3	11111111111111		9		0.0278846		49966
3	11111111111111		8		0.0189236		49976
3	11111111111111		7		0.0123711		49985
3	11111111111111		6		0.00765193		49988
3	11111111111111		5		0.0043844		50025
3	11111111111111		4		0.00224912		50086
3	11111111111111		3		0.00095892		50306
3	11111111111111		2		0.000295579		51546
3	11111111111111		1		4.19617e-05		56378
4	11111111111111		11		0.165399		49939
4	11111111111111		10		0.132406		49951
4	11111111111111		9		0.103624		49966
4	11111111111111		8		0.0793027		49976
4	11111111111111		7		0.0590811		49985
4	11111111111111		6		0.042451		49988
4	11111111111111		5		0.0291858		50025
4	11111111111111		4		0.0189531		50086
4	11111111111111		3		0.0113326		50306
4	11111111111111		2		0.00596219		51546
4	11111111111111		1		0.00247645		56378
5	11111111111111		8		0.170617		49976
5	11111111111111		7		0.136454		49985
5	11111111111111		6		0.105879		49988
5	11111111111111		5		0.0793119		50025
5	11111111111111		4		0.0568184		50086
5	11111111111111		3		0.0382636		50306
5	11111111111111		2		0.0235441		51546
5	11111111111111		1		0.0123966		56378
6	11111111111111		6		0.190261		49988
6	11111111111111		5		0.150741		50025
6	11111111111111		4		0.115069		50086
6	11111111111111		3		0.0834146		50306
6	11111111111111		2		0.0562768		51546
6	11111111111111		1		0.0338261		56378
0	1111011010001110011011		32		0		29324
1	1111011010001110011011		23		0.182398		44315
1	1111011010001110011011		22		0.160792		44973
1	1111011010001110011011		21		0.134171		45661
1	1111011010001110011011		20		0.114531		46220
1	1111011010001110011011		19		0		48326
2	1111011010001110011011		17		0.181023		48847
2	1111011010001110011011		16		0.13495		49071
2	1111011010001110011011		15		0.0844852		49326
2	1111011010001110011011		14		0.0507563		49527
2	1111011010001110011011		13		0.0265382		49709
2	1111011010001110011011		12		0.0139706		49802
2	1111011010001110011011		11		0.00444186		49886
2	1111011010001110011011		10		0.00139928		49934
2	1111011010001110011011		9		0.000342309		49966
2	1111011010001110011011		8		0		49981
3	1111011010001110011011		13		0.187559		49709
3	1111011010001110011011		12		0.130396		49802
3	1111011010001110011011		11		0.085875		49886
3	1111011010001110011011		10		0.0528284		49934
3	1111011010001110011011		9		0.0280987		49966
3	1111011010001110011011		8		0.0120311		49981
3	1111011010001110011011		7		0.0039072		49987
3	1111011010001110011011		6		0.000992298		49992
3	1111011010001110011011		5		0.000189781		49998
3	1111011010001110011011		4		1.04904e-05		50000
3	1111011010001110011011		3		3.8147e-06		50000
3	1111011010001110011011		2		0		50000
4	1111011010001110011011		10		0.190207		49934
4	1111011010001110011011		9		0.132551		49966
4	1111011010001110011011		8		0.0851376		49981
4	1111011010001110011011		7		0.0476107		49987
4	1111011010001110011011		6		0.0218216		49992
4	1111011010001110011011		5		0.0077163		49998
4	1111011010001110011011		4		0.00202924		50000
4	1111011010001110011011		3		0.000359952		50000
4	1111011010001110011011		2		3.43323e-05		50000
4	1111011010001110011011		1		1.90735e-06		56085
5	1111011010001110011011		7		0.150871		49987
5	1111011010001110011011		6		0.0925869		49992
5	1111011010001110011011		5		0.0472564		49998
5	1111011010001110011011		4		0.0192491		50000
5	1111011010001110011011		3		0.00566208		50000
5	1111011010001110011011		2		0.00103706		50000
5	1111011010001110011011		1		8.86917e-05		56085
6	1111011010001110011011		5		0.131225		49998
6	1111011010001110011011		4		0.0685311		50000
6	1111011010001110011011		3		0.027631		50000
6	1111011010001110011011		2		0.00724822		50000
6	1111011010001110011011		1		0.000978947		56085
0	11101110110001110110001		31		0		29324
1	11101110110001110110001		22		0.195273		44439
1	11101110110001110110001		21		0.153484		45354
1	11101110110001110110001		20		0.133844		45881
1	11101110110001110110001		19		0.095437		46725
1	11101110110001110110001		18		0		48546
2	11101110110001110110001		17		0.184018		48854
2	11101110110001110110001		16		0.140526		49048
2	11101110110001110110001		15		0.104788		49262
2	11101110110001110110001		14		0.0737594		49438
2	11101110110001110110001		13		0.04404		49595
2	11101110110001110110001		12		0.0255641		49755
2	11101110110001110110001		11		0.0139762		49845
2	11101110110001110110001		10		0.00502723		49899
2	11101110110001110110001		9		0.00195909		49935
2	11101110110001110110001		8		0		49968
3	11101110110001110110001		13		0.191237		49595
3	11101110110001110110001		12		0.14204		49755
3	11101110110001110110001		11		0.0984623		49845
3	11101110110001110110001		10		0.0653116		49899
3	11101110110001110110001		9		0.0397317		49935
3	11101110110001110110001		8		0.0218916		49968
3	11101110110001110110001		7		0.0107309		49986
3	11101110110001110110001		6		0.00416172		49992
3	11101110110001110110001		5		0.00110567		49996
3	11101110110001110110001		4		0.000166416		49996
3	11101110110001110110001		3		1.23978e-05		49998
3	11101110110001110110001		2		0		50007
4	11101110110001110110001		10		0.192009		49899
4	11101110110001110110001		9		0.138979		49935
4	11101110110001110110001		8		0.0939268		49968
4	11101110110001110110001		7		0.0588468		49986
4	11101110110001110110001		6		0.0327249		49992
4	11101110110001110110001		5		0.0154834		49996
4	11101110110001110110001		4		0.00571138		49996
4	11101110110001110110001		3		0.00148612		49998
4	11101110110001110110001		2		0.000220776		50007
4	11101110110001110110001		1		1.4782e-05		56065
5	11101110110001110110001		7		0.153661		49986
5	11101110110001110110001		6		0.101172		49992
5	11101110110001110110001		5		0.0596575		49996
5	11101110110001110110001		4		0.0293747		49996
5	11101110110001110110001		3		0.0111045		49998
5	11101110110001110110001		2		0.00278848		50007
5	11101110110001110110001		1		0.000312746		56065
6	11101110110001110110001		5		0.139343		49996
6	11101110110001110110001		4		0.0817207		49996
6	11101110110001110110001		3		0.0386294		49998
6	11101110110001110110001		2		0.0127196		50007
6	11101110110001110110001		1		0.00211018		56065
0	1111111111100000111		35		0		29324
1	1111111111100000111		24		0.19915		44340
1	1111111111100000111		23		0.17596		44893
1	1111111111100000111		22		0		48041
2	1111111111100000111		19		0.144343		48987
2	1111111111100000111		18		0.118052		49145
2	1111111111100000111		17		0.0971261		49302
2	1111111111100000111		16		0.0764248		49439
2	1111111111100000111		15		0.0581543		49550
2	1111111111100000111		14		0.0343769		49683
2	1111111111100000111		13		0.0227293		49768
2	1111111111100000111		12		0.0128838		49836
2	1111111111100000111		11		0.00129306		49930
2	1111111111100000111		10		0		49954
3	1111111111100000111		14		0.166979		49683
3	1111111111100000111		13		0.129503		49768
3	1111111111100000111		12		0.0956111		49836
3	1111111111100000111		11		0.0599524		49930
3	1111111111100000111		10		0.0359724		49954
3	1111111111100000111		9		0.0222805		49968
3	1111111111100000111		8		0.0134076		49980
3	1111111111100000111		7		0.00725865		49990
3	1111111111100000111		6		0.00307328		49994
3	1111111111100000111		5		0.000724554		49997
3	1111111111100000111		4		0.000143528		49999
3	1111111111100000111		3		0		50018
4	1111111111100000111		11		0.192017		49930
4	1111111111100000111		10		0.14088		49954
4	1111111111100000111		9		0.100493		49968
4	1111111111100000111		8		0.067982		49980
4	1111111111100000111		7		0.0425738		49990
4	1111111111100000111		6		0.025012		49994
4	1111111111100000111		5		0.0111172		49997
4	1111111111100000111		4		0.00529122		49999
4	1111111111100000111		3		0.00215012		50018
4	1111111111100000111		2		0.000654936		50392
4	1111111111100000111		1		0.000202179		56405
5	1111111111100000111		8		0.173797		49980
5	1111111111100000111		7		0.122929		49990
5	1111111111100000111		6		0.0822066		49994
5	1111111111100000111		5		0.0452362		49997
5	1111111111100000111		4		0.0259446		49999
5	1111111111100000111		3		0.01297		50018
5	1111111111100000111		2		0.00480354		50392
5	1111111111100000111		1		0.00170183		56405
6	1111111111100000111		6		0.176751		49994
6	1111111111100000111		5		0.110466		49997
6	1111111111100000111		4		0.0712587		49999
6	1111111111100000111		3		0.040777		50018
6	1111111111100000111		2		0.017759		50392
6	1111111111100000111		1		0.00713837		56405
