errors	shape		t		lossrate	PM

0	1111111111		49		0		27729
1	1111111111		40		0		45632
2	1111111111		32		0.16276		48787
2	1111111111		31		0.129054		48989
2	1111111111		30		0		49612
3	1111111111		28		0.196344		49765
3	1111111111		27		0.148392		49822
3	1111111111		26		0.110572		49865
3	1111111111		25		0.0801136		49900
3	1111111111		24		0.055977		49932
3	1111111111		23		0.0381723		49948
3	1111111111		22		0.025045		49959
3	1111111111		21		0.0151505		49971
3	1111111111		20		0		49987
4	1111111111		23		0.174078		49948
4	1111111111		22		0.136641		49959
4	1111111111		21		0.104796		49971
4	1111111111		20		0.0780159		49987
4	1111111111		19		0.0532104		49992
4	1111111111		18		0.0357959		49995
4	1111111111		17		0.0234714		49998
4	1111111111		16		0.0148692		49998
4	1111111111		15		0.00888902		49999
4	1111111111		14		0.00491077		49999
4	1111111111		13		0.00250787		49999
4	1111111111		12		0.0011223		49999
4	1111111111		11		0.000377595		50005
4	1111111111		10		0		50006
5	1111111111		19		0.167238		49992
5	1111111111		18		0.13128		49995
5	1111111111		17		0.100284		49998
5	1111111111		16		0.0745592		49998
5	1111111111		15		0.0535449		49999
5	1111111111		14		0.0369437		49999
5	1111111111		13		0.0247297		49999
5	1111111111		12		0.0159917		49999
5	1111111111		11		0.00983614		50005
5	1111111111		10		0.00570667		50006
5	1111111111		9		0.0030899		50034
5	1111111111		8		0.00158089		50109
5	1111111111		7		0.000745475		50325
5	1111111111		6		0.00031656		51702
5	1111111111		5		0.000115395		57254
5	1111111111		4		3.14713e-05		77531
5	1111111111		3		8.58307e-06		159990
5	1111111111		2		0		493959
6	1111111111		16		0.175382		49998
6	1111111111		15		0.138345		49999
6	1111111111		14		0.105861		49999
6	1111111111		13		0.0789967		49999
6	1111111111		12		0.0574595		49999
6	1111111111		11		0.0404065		50005
6	1111111111		10		0.0273787		50006
6	1111111111		9		0.017803		50034
6	1111111111		8		0.011029		50109
6	1111111111		7		0.0064621		50325
6	1111111111		6		0.00353855		51702
6	1111111111		5		0.00178653		57254
6	1111111111		4		0.000810266		77531
6	1111111111		3		0.000312746		159990
6	1111111111		2		0.000102997		493959
6	1111111111		1		2.28882e-05		1852664
0	111001001010011101		41		0		27729
1	111001001010011101		32		0		46840
2	111001001010011101		28		0.167284		48711
2	111001001010011101		27		0.119443		49015
2	111001001010011101		26		0.0654262		49292
2	111001001010011101		25		0.0314887		49543
2	111001001010011101		24		0.0151657		49664
2	111001001010011101		23		0.0050621		49758
2	111001001010011101		22		0		49841
3	111001001010011101		23		0.145428		49758
3	111001001010011101		22		0.0965645		49841
3	111001001010011101		21		0.0589801		49898
3	111001001010011101		20		0.0311096		49938
3	111001001010011101		19		0.0142056		49966
3	111001001010011101		18		0.00625741		49977
3	111001001010011101		17		0.00196737		49984
3	111001001010011101		16		0.00028795		49992
3	111001001010011101		15		2.86102e-05		49993
3	111001001010011101		14		0		49997
4	111001001010011101		20		0.186792		49938
4	111001001010011101		19		0.131589		49966
4	111001001010011101		18		0.0870577		49977
4	111001001010011101		17		0.0529038		49984
4	111001001010011101		16		0.0287478		49992
4	111001001010011101		15		0.0138986		49993
4	111001001010011101		14		0.0055573		49997
4	111001001010011101		13		0.00185221		49997
4	111001001010011101		12		0.000510097		49998
4	111001001010011101		11		0.000110626		50000
4	111001001010011101		10		4.76837e-06		50000
4	111001001010011101		9		0		50000
5	111001001010011101		17		0.194406		49984
5	111001001010011101		16		0.138185		49992
5	111001001010011101		15		0.0919489		49993
5	111001001010011101		14		0.0561832		49997
5	111001001010011101		13		0.0307307		49997
5	111001001010011101		12		0.0146789		49998
5	111001001010011101		11		0.00614935		50000
5	111001001010011101		10		0.00218248		50000
5	111001001010011101		9		0.000605404		50000
5	111001001010011101		8		0.000126839		50000
5	111001001010011101		7		1.14441e-05		50000
5	111001001010011101		6		1.90735e-06		50000
5	111001001010011101		5		0		50000
6	111001001010011101		14		0.173666		49997
6	111001001010011101		13		0.11916		49997
6	111001001010011101		12		0.0750427		49998
6	111001001010011101		11		0.0426943		50000
6	111001001010011101		10		0.0215968		50000
6	111001001010011101		9		0.0094744		50000
6	111001001010011101		8		0.00340927		50000
6	111001001010011101		7		0.000960827		50000
6	111001001010011101		6		0.000205994		50000
6	111001001010011101		5		2.47955e-05		50000
6	111001001010011101		4		1.90735e-06		50000
6	111001001010011101		3		9.53674e-07		50069
6	111001001010011101		2		0		53050
0	1111111000111		46		0		27729
1	1111111000111		37		0		46188
2	1111111000111		31		0.151932		48774
2	1111111000111		30		0.0956376		49128
2	1111111000111		29		0.0740591		49299
2	1111111000111		28		0.0563108		49439
2	1111111000111		27		0		49739
3	1111111000111		26		0.153467		49802
3	1111111000111		25		0.111186		49852
3	1111111000111		24		0.069024		49904
3	1111111000111		23		0.0458088		49933
3	1111111000111		22		0.0325182		49953
3	1111111000111		21		0.0155242		49969
3	1111111000111		20		0.00558859		49979
3	1111111000111		19		0.00294727		49988
3	1111111000111		18		0.00125951		49990
3	1111111000111		17		0		49994
4	1111111000111		22		0.161964		49953
4	1111111000111		21		0.120968		49969
4	1111111000111		20		0.0854334		49979
4	1111111000111		19		0.0581833		49988
4	1111111000111		18		0.0364977		49990
4	1111111000111		17		0.0215837		49994
4	1111111000111		16		0.0124084		49998
4	1111111000111		15		0.00641143		49998
4	1111111000111		14		0.00237519		49998
4	1111111000111		13		0.000747859		49999
4	1111111000111		12		0.000194073		49999
4	1111111000111		11		4.76837e-06		49999
4	1111111000111		10		0		50000
5	1111111000111		19		0.188208		49988
5	1111111000111		18		0.143523		49990
5	1111111000111		17		0.105027		49994
5	1111111000111		16		0.0737469		49998
5	1111111000111		15		0.0496141		49998
5	1111111000111		14		0.0310302		49998
5	1111111000111		13		0.0177468		49999
5	1111111000111		12		0.00915319		49999
5	1111111000111		11		0.00414085		49999
5	1111111000111		10		0.00160849		50000
5	1111111000111		9		0.000507236		50000
5	1111111000111		8		0.000102043		50006
5	1111111000111		7		1.23978e-05		50015
5	1111111000111		6		1.90735e-06		50037
5	1111111000111		5		0		50120
6	1111111000111		16		0.188964		49998
6	1111111000111		15		0.14423		49998
6	1111111000111		14		0.105805		49998
6	1111111000111		13		0.0738546		49999
6	1111111000111		12		0.0482735		49999
6	1111111000111		11		0.0291626		49999
6	1111111000111		10		0.0159823		50000
6	1111111000111		9		0.00779057		50000
6	1111111000111		8		0.00330567		50006
6	1111111000111		7		0.00118756		50015
6	1111111000111		6		0.000348985		50037
6	1111111000111		5		9.05991e-05		50120
6	1111111000111		4		1.52588e-05		50444
6	1111111000111		3		9.53674e-07		58405
6	1111111000111		2		0		179739
0	11111111111		48		0		27729
1	11111111111		38		0		45837
2	11111111111		31		0.196234		48588
2	11111111111		30		0.159454		48813
2	11111111111		29		0.127497		49001
2	11111111111		28		0.0991389		49194
2	11111111111		27		0		49673
3	11111111111		25		0.165846		49804
3	11111111111		24		0.125673		49849
3	11111111111		23		0.0929715		49886
3	11111111111		22		0.0668693		49919
3	11111111111		21		0.0474667		49940
3	11111111111		20		0.033014		49956
3	11111111111		19		0.0220749		49964
3	11111111111		18		0.0138629		49971
3	11111111111		17		0.00776738		49981
3	11111111111		16		0		49992
4	11111111111		21		0.18648		49940
4	11111111111		20		0.148991		49956
4	11111111111		19		0.116925		49964
4	11111111111		18		0.0898564		49971
4	11111111111		17		0.0673079		49981
4	11111111111		16		0.0490057		49992
4	11111111111		15		0.0331726		49994
4	11111111111		14		0.0219392		49998
4	11111111111		13		0.0140651		49999
4	11111111111		12		0.00856006		49999
4	11111111111		11		0.0048728		49999
4	11111111111		10		0.00262582		50005
4	11111111111		9		0.00130045		50006
4	11111111111		8		0.000558197		50033
4	11111111111		7		0.000199318		50105
4	11111111111		6		4.33922e-05		50321
4	11111111111		5		0		51684
5	11111111111		17		0.17819		49981
5	11111111111		16		0.143237		49992
5	11111111111		15		0.11298		49994
5	11111111111		14		0.086617		49998
5	11111111111		13		0.0645626		49999
5	11111111111		12		0.0463673		49999
5	11111111111		11		0.0319455		49999
5	11111111111		10		0.0213467		50005
5	11111111111		9		0.0137689		50006
5	11111111111		8		0.00843668		50033
5	11111111111		7		0.00487375		50105
5	11111111111		6		0.00263155		50321
5	11111111111		5		0.00129044		51684
5	11111111111		4		0.000568211		57215
5	11111111111		3		0.000222206		77448
5	11111111111		2		6.48499e-05		159771
5	11111111111		1		1.04904e-05		493518
6	11111111111		14		0.184707		49998
6	11111111111		13		0.148859		49999
6	11111111111		12		0.116676		49999
6	11111111111		11		0.0885322		49999
6	11111111111		10		0.065382		50005
6	11111111111		9		0.0468965		50006
6	11111111111		8		0.0324116		50033
6	11111111111		7		0.0214419		50105
6	11111111111		6		0.0134923		50321
6	11111111111		5		0.00796938		51684
6	11111111111		4		0.00433075		57215
6	11111111111		3		0.00212443		77448
6	11111111111		2		0.000869393		159771
6	11111111111		1		0.00025934		493518
0	11111101110101		45		0		27729
1	11111101110101		35		0		46340
2	11111101110101		30		0.188656		48580
2	11111101110101		29		0.14623		48862
2	11111101110101		28		0.113166		49061
2	11111101110101		27		0.0899259		49228
2	11111101110101		26		0.063313		49405
2	11111101110101		25		0.0411369		49568
2	11111101110101		24		0		49787
3	11111101110101		24		0.170159		49787
3	11111101110101		23		0.119422		49846
3	11111101110101		22		0.085046		49879
3	11111101110101		21		0.0598552		49922
3	11111101110101		20		0.0389214		49948
3	11111101110101		19		0.024719		49959
3	11111101110101		18		0.0147291		49970
3	11111101110101		17		0.00832504		49980
3	11111101110101		16		0.00439578		49986
3	11111101110101		15		0.00152045		49994
3	11111101110101		14		0.00026983		49997
3	11111101110101		13		0		49999
4	11111101110101		20		0.171199		49948
4	11111101110101		19		0.130755		49959
4	11111101110101		18		0.0975858		49970
4	11111101110101		17		0.0704018		49980
4	11111101110101		16		0.0488778		49986
4	11111101110101		15		0.0324563		49994
4	11111101110101		14		0.0199275		49997
4	11111101110101		13		0.0112751		49999
4	11111101110101		12		0.00584084		49999
4	11111101110101		11		0.00259441		49999
4	11111101110101		10		0.000861287		49999
4	11111101110101		9		0.000143528		49999
4	11111101110101		8		3.33786e-06		50005
4	11111101110101		7		0		50014
5	11111101110101		17		0.194297		49980
5	11111101110101		16		0.152662		49986
5	11111101110101		15		0.116536		49994
5	11111101110101		14		0.0858528		49997
5	11111101110101		13		0.0604355		49999
5	11111101110101		12		0.0403286		49999
5	11111101110101		11		0.0252281		49999
5	11111101110101		10		0.0143753		49999
5	11111101110101		9		0.00705981		49999
5	11111101110101		8		0.00279135		50005
5	11111101110101		7		0.000837922		50014
5	11111101110101		6		0.000157356		50020
5	11111101110101		5		5.72205e-06		50052
5	11111101110101		4		0		50194
6	11111101110101		14		0.194745		49997
6	11111101110101		13		0.152232		49999
6	11111101110101		12		0.114726		49999
6	11111101110101		11		0.0828742		49999
6	11111101110101		10		0.0566781		49999
6	11111101110101		9		0.0359669		49999
6	11111101110101		8		0.0203569		50005
6	11111101110101		7		0.00976628		50014
6	11111101110101		6		0.00368011		50020
6	11111101110101		5		0.000989437		50052
6	11111101110101		4		0.000172615		50194
6	11111101110101		3		1.52588e-05		51032
6	11111101110101		2		0		59969
0	11111110001111		45		0		27729
1	11111110001111		35		0		46350
2	11111110001111		30		0.199695		48495
2	11111110001111		29		0.164047		48728
2	11111110001111		28		0.0925562		49139
2	11111110001111		27		0.0722389		49305
2	11111110001111		26		0.0554525		49435
2	11111110001111		25		0.0411369		49556
2	11111110001111		24		0		49779
3	11111110001111		24		0.165903		49779
3	11111110001111		23		0.124986		49835
3	11111110001111		22		0.0895965		49877
3	11111110001111		21		0.0597951		49908
3	11111110001111		20		0.035704		49946
3	11111110001111		19		0.0249059		49964
3	11111110001111		18		0.0151401		49972
3	11111110001111		17		0.00402594		49982
3	11111110001111		16		0.00210112		49988
3	11111110001111		15		0.000917017		49993
3	11111110001111		14		0.00026983		49995
3	11111110001111		13		0		49997
4	11111110001111		20		0.17879		49946
4	11111110001111		19		0.136408		49964
4	11111110001111		18		0.10184		49972
4	11111110001111		17		0.0718917		49982
4	11111110001111		16		0.0481215		49988
4	11111110001111		15		0.0305274		49993
4	11111110001111		14		0.0176916		49995
4	11111110001111		13		0.00912386		49997
4	11111110001111		12		0.00461984		49997
4	11111110001111		11		0.00188315		49998
4	11111110001111		10		0.000476718		49999
4	11111110001111		9		0.000135422		50000
4	11111110001111		8		1.95503e-05		50000
4	11111110001111		7		9.53674e-07		50006
4	11111110001111		6		0		50007
5	11111110001111		16		0.15945		49988
5	11111110001111		15		0.119901		49993
5	11111110001111		14		0.0868478		49995
5	11111110001111		13		0.0597839		49997
5	11111110001111		12		0.0385121		49997
5	11111110001111		11		0.0231007		49998
5	11111110001111		10		0.0124465		49999
5	11111110001111		9		0.00592852		50000
5	11111110001111		8		0.00248694		50000
5	11111110001111		7		0.000881732		50006
5	11111110001111		6		0.000261247		50007
5	11111110001111		5		6.86646e-05		50037
5	11111110001111		4		6.67572e-06		50108
5	11111110001111		3		0		51909
6	11111110001111		13		0.156619		49997
6	11111110001111		12		0.116419		49997
6	11111110001111		11		0.0823222		49998
6	11111110001111		10		0.0546518		49999
6	11111110001111		9		0.0331753		50000
6	11111110001111		8		0.0184295		50000
6	11111110001111		7		0.00909364		50006
6	11111110001111		6		0.00388056		50007
6	11111110001111		5		0.00149518		50037
6	11111110001111		4		0.000466228		50108
6	11111110001111		3		0.000109673		51909
6	11111110001111		2		2.19345e-05		81328
6	11111110001111		1		3.8147e-06		564957
0	111111111111		47		0		27729
1	111111111111		36		0		46022
2	111111111111		29		0.189673		48631
2	111111111111		28		0.1549		48841
2	111111111111		27		0.124725		49027
2	111111111111		26		0.0978895		49212
2	111111111111		25		0.0750559		49361
2	111111111111		24		0		49723
3	111111111111		23		0.179569		49789
3	111111111111		22		0.137618		49835
3	111111111111		21		0.102998		49873
3	111111111111		20		0.0752138		49911
3	111111111111		19		0.0546509		49931
3	111111111111		18		0.0392352		49951
3	111111111111		17		0.0273885		49963
3	111111111111		16		0.0184698		49968
3	111111111111		15		0.0118238		49974
3	111111111111		14		0.00691873		49985
3	111111111111		13		0.00348628		49990
3	111111111111		12		0		49997
4	111111111111		19		0.192768		49931
4	111111111111		18		0.155948		49951
4	111111111111		17		0.124027		49963
4	111111111111		16		0.0969603		49968
4	111111111111		15		0.0743597		49974
4	111111111111		14		0.0555984		49985
4	111111111111		13		0.0403927		49990
4	111111111111		12		0.0284379		49997
4	111111111111		11		0.0186934		49998
4	111111111111		10		0.0118577		49999
4	111111111111		9		0.00712276		50005
4	111111111111		8		0.00401449		50006
4	111111111111		7		0.00214154		50033
4	111111111111		6		0.00104946		50104
4	111111111111		5		0.000458121		50317
4	111111111111		4		0.000166416		51682
4	111111111111		3		4.33922e-05		57209
4	111111111111		2		5.24521e-06		77425
4	111111111111		1		0		159738
5	111111111111		15		0.182356		49974
5	111111111111		14		0.148111		49985
5	111111111111		13		0.118		49990
5	111111111111		12		0.0921818		49997
5	111111111111		11		0.0702892		49998
5	111111111111		10		0.0517615		49999
5	111111111111		9		0.0365377		50005
5	111111111111		8		0.0246767		50006
5	111111111111		7		0.0160499		50033
5	111111111111		6		0.00995415		50104
5	111111111111		5		0.00579673		50317
5	111111111111		4		0.00309747		51682
5	111111111111		3		0.00147903		57209
5	111111111111		2		0.000600636		77425
5	111111111111		1		0.000161171		159738
6	111111111111		12		0.185633		49997
6	111111111111		11		0.1507		49998
6	111111111111		10		0.119407		49999
6	111111111111		9		0.0917012		50005
6	111111111111		8		0.0680299		50006
6	111111111111		7		0.0488116		50033
6	111111111111		6		0.0336556		50104
6	111111111111		5		0.0220772		50317
6	111111111111		4		0.0135572		51682
6	111111111111		3		0.00763726		57209
6	111111111111		2		0.00378084		77425
6	111111111111		1		0.00147808		159738
0	1110100111010011101		40		0		27729
1	1110100111010011101		29		0		47169
2	1110100111010011101		25		0.167943		48729
2	1110100111010011101		24		0.127344		48994
2	1110100111010011101		23		0.0928322		49194
2	1110100111010011101		22		0.062927		49391
2	1110100111010011101		21		0.0300087		49573
2	1110100111010011101		20		0.0163775		49690
2	1110100111010011101		19		0.00646734		49788
2	1110100111010011101		18		0.0018006		49867
2	1110100111010011101		17		0		49910
3	1110100111010011101		20		0.170376		49690
3	1110100111010011101		19		0.125378		49788
3	1110100111010011101		18		0.08715		49867
3	1110100111010011101		17		0.0569947		49910
3	1110100111010011101		16		0.0346287		49943
3	1110100111010011101		15		0.0187393		49961
3	1110100111010011101		14		0.00896609		49977
3	1110100111010011101		13		0.00322396		49984
3	1110100111010011101		12		0.000932276		49993
3	1110100111010011101		11		4.57764e-05		49995
3	1110100111010011101		10		0		49996
4	1110100111010011101		16		0.162838		49943
4	1110100111010011101		15		0.118421		49961
4	1110100111010011101		14		0.0816056		49977
4	1110100111010011101		13		0.0525434		49984
4	1110100111010011101		12		0.0309747		49993
4	1110100111010011101		11		0.0155495		49995
4	1110100111010011101		10		0.00678325		49996
4	1110100111010011101		9		0.00245458		49997
4	1110100111010011101		8		0.00070262		49998
4	1110100111010011101		7		0.00014782		49998
4	1110100111010011101		6		1.71661e-05		50000
4	1110100111010011101		5		0		50000
5	1110100111010011101		13		0.16825		49984
5	1110100111010011101		12		0.121472		49993
5	1110100111010011101		11		0.0817829		49995
5	1110100111010011101		10		0.0503542		49996
5	1110100111010011101		9		0.0278322		49997
5	1110100111010011101		8		0.013402		49998
5	1110100111010011101		7		0.00541079		49998
5	1110100111010011101		6		0.00174087		50000
5	1110100111010011101		5		0.000424266		50000
5	1110100111010011101		4		6.58035e-05		50000
5	1110100111010011101		3		3.8147e-06		50013
5	1110100111010011101		2		0		50429
6	1110100111010011101		11		0.197745		49995
6	1110100111010011101		10		0.143131		49996
6	1110100111010011101		9		0.0962048		49997
6	1110100111010011101		8		0.0589057		49998
6	1110100111010011101		7		0.031939		49998
6	1110100111010011101		6		0.0148612		50000
6	1110100111010011101		5		0.00557959		50000
6	1110100111010011101		4		0.00159806		50000
6	1110100111010011101		3		0.000289857		50013
6	1110100111010011101		2		3.33786e-05		50429
6	1110100111010011101		1		2.86102e-06		172592
0	111111111000111		44		0		27729
1	111111111000111		33		0		46598
2	111111111000111		28		0.191311		48581
2	111111111000111		27		0.141838		48865
2	111111111000111		26		0.115275		49056
2	111111111000111		25		0.0924093		49226
2	111111111000111		24		0.0537872		49450
2	111111111000111		23		0.0403454		49569
2	111111111000111		22		0.0289379		49666
2	111111111000111		21		0		49828
3	111111111000111		22		0.1711		49666
3	111111111000111		21		0.127093		49828
3	111111111000111		20		0.0933144		49875
3	111111111000111		19		0.0666851		49912
3	111111111000111		18		0.0424733		49941
3	111111111000111		17		0.0292701		49961
3	111111111000111		16		0.0200761		49969
3	111111111000111		15		0.00950557		49978
3	111111111000111		14		0.00534201		49983
3	111111111000111		13		0.00248456		49990
3	111111111000111		12		0.000440001		49997
3	111111111000111		11		0.000101089		49997
3	111111111000111		10		9.05991e-06		49997
3	111111111000111		9		0		49999
4	111111111000111		18		0.176062		49941
4	111111111000111		17		0.136473		49961
4	111111111000111		16		0.104319		49969
4	111111111000111		15		0.0762583		49978
4	111111111000111		14		0.0532113		49983
4	111111111000111		13		0.0354607		49990
4	111111111000111		12		0.0213924		49997
4	111111111000111		11		0.0122383		49997
4	111111111000111		10		0.00643843		49997
4	111111111000111		9		0.00267434		49999
4	111111111000111		8		0.000917971		49999
4	111111111000111		7		0.000180721		49999
4	111111111000111		6		0		50006
5	111111111000111		15		0.197999		49978
5	111111111000111		14		0.156331		49983
5	111111111000111		13		0.119715		49990
5	111111111000111		12		0.0882601		49997
5	111111111000111		11		0.0616086		49997
5	111111111000111		10		0.0406635		49997
5	111111111000111		9		0.0244553		49999
5	111111111000111		8		0.0131912		49999
5	111111111000111		7		0.0060432		49999
5	111111111000111		6		0.00217867		50006
5	111111111000111		5		0.000769317		50015
5	111111111000111		4		0.000193596		50037
5	111111111000111		3		2.57492e-05		50454
5	111111111000111		2		3.8147e-06		57691
5	111111111000111		1		0		176899
6	111111111000111		12		0.193987		49997
6	111111111000111		11		0.151175		49997
6	111111111000111		10		0.112944		49997
6	111111111000111		9		0.079541		49999
6	111111111000111		8		0.0521927		49999
6	111111111000111		7		0.0307935		49999
6	111111111000111		6		0.015343		50006
6	111111111000111		5		0.00707591		50015
6	111111111000111		4		0.00260872		50037
6	111111111000111		3		0.000672102		50454
6	111111111000111		2		0.000193596		57691
6	111111111000111		1		2.67029e-05		176899
0	1111111111111		46		0		27729
1	1111111111111		34		0		46223
2	1111111111111		27		0.182231		48675
2	1111111111111		26		0.149523		48885
2	1111111111111		25		0.121032		49067
2	1111111111111		24		0.0956376		49230
2	1111111111111		23		0.0740591		49379
2	1111111111111		22		0.0563108		49490
2	1111111111111		21		0		49772
3	1111111111111		21		0.189511		49772
3	1111111111111		20		0.146221		49822
3	1111111111111		19		0.110376		49868
3	1111111111111		18		0.0813108		49905
3	1111111111111		17		0.0597848		49924
3	1111111111111		16		0.0437222		49945
3	1111111111111		15		0.0312676		49960
3	1111111111111		14		0.021775		49967
3	1111111111111		13		0.0146906		49973
3	1111111111111		12		0.00943565		49980
3	1111111111111		11		0.00558859		49989
3	1111111111111		10		0.00294727		49994
3	1111111111111		9		0.00125951		49997
3	1111111111111		8		0		50005
4	1111111111111		17		0.193586		49924
4	1111111111111		16		0.157983		49945
4	1111111111111		15		0.126771		49960
4	1111111111111		14		0.100026		49967
4	1111111111111		13		0.077617		49973
4	1111111111111		12		0.0589743		49980
4	1111111111111		11		0.0435712		49989
4	1111111111111		10		0.0312339		49994
4	1111111111111		9		0.0216262		49997
4	1111111111111		8		0.0142409		50005
4	1111111111111		7		0.00869715		50006
4	1111111111111		6		0.00498337		50033
4	1111111111111		5		0.00266057		50104
4	1111111111111		4		0.00129616		50317
4	1111111111111		3		0.000551045		51682
4	1111111111111		2		0.000193596		57208
4	1111111111111		1		4.33922e-05		77424
5	1111111111111		13		0.180521		49973
5	1111111111111		12		0.147485		49980
5	1111111111111		11		0.118117		49989
5	1111111111111		10		0.092593		49994
5	1111111111111		9		0.0708848		49997
5	1111111111111		8		0.0525687		50005
5	1111111111111		7		0.0374763		50006
5	1111111111111		6		0.025414		50033
5	1111111111111		5		0.0162816		50104
5	1111111111111		4		0.00981724		50317
5	1111111111111		3		0.00542122		51682
5	1111111111111		2		0.00263631		57208
5	1111111111111		1		0.000995159		77424
6	1111111111111		10		0.180194		49994
6	1111111111111		9		0.146031		49997
6	1111111111111		8		0.115394		50005
6	1111111111111		7		0.0883853		50006
6	1111111111111		6		0.0652429		50033
6	1111111111111		5		0.0460626		50104
6	1111111111111		4		0.0308629		50317
6	1111111111111		3		0.0192482		51682
6	1111111111111		2		0.010812		57208
6	1111111111111		1		0.0050512		77424
0	110101111001100010111		38		0		27729
1	110101111001100010111		28		0.19016		43649
1	110101111001100010111		27		0.169405		44336
1	110101111001100010111		26		0		47499
2	110101111001100010111		23		0.197374		48595
2	110101111001100010111		22		0.134371		48908
2	110101111001100010111		21		0.10566		49110
2	110101111001100010111		20		0.0734922		49316
2	110101111001100010111		19		0.045493		49480
2	110101111001100010111		18		0.0224495		49634
2	110101111001100010111		17		0.0104535		49745
2	110101111001100010111		16		0.00190574		49849
2	110101111001100010111		15		0		49910
3	110101111001100010111		18		0.188405		49634
3	110101111001100010111		17		0.140531		49745
3	110101111001100010111		16		0.0962073		49849
3	110101111001100010111		15		0.0588949		49910
3	110101111001100010111		14		0.0343176		49941
3	110101111001100010111		13		0.018773		49959
3	110101111001100010111		12		0.00868958		49975
3	110101111001100010111		11		0.00295866		49986
3	110101111001100010111		10		0.000597775		49991
3	110101111001100010111		9		3.76701e-05		49994
3	110101111001100010111		8		0		49998
4	110101111001100010111		14		0.168011		49941
4	110101111001100010111		13		0.118973		49959
4	110101111001100010111		12		0.0792891		49975
4	110101111001100010111		11		0.0483243		49986
4	110101111001100010111		10		0.0253727		49991
4	110101111001100010111		9		0.011402		49994
4	110101111001100010111		8		0.0042994		49998
4	110101111001100010111		7		0.00129712		49999
4	110101111001100010111		6		0.000279844		49999
4	110101111001100010111		5		2.76566e-05		49999
4	110101111001100010111		4		0		50000
5	110101111001100010111		11		0.1621		49986
5	110101111001100010111		10		0.111162		49991
5	110101111001100010111		9		0.0692583		49994
5	110101111001100010111		8		0.0382837		49998
5	110101111001100010111		7		0.0181374		49999
5	110101111001100010111		6		0.0070352		49999
5	110101111001100010111		5		0.00210541		49999
5	110101111001100010111		4		0.000455737		50000
5	110101111001100010111		3		5.43594e-05		50000
5	110101111001100010111		2		9.53674e-07		50015
5	110101111001100010111		1		0		78936
6	110101111001100010111		9		0.179063		49994
6	110101111001100010111		8		0.120943		49998
6	110101111001100010111		7		0.0733714		49999
6	110101111001100010111		6		0.0384662		49999
6	110101111001100010111		5		0.0165696		49999
6	110101111001100010111		4		0.00546765		50000
6	110101111001100010111		3		0.00121236		50000
6	110101111001100010111		2		0.000137329		50015
6	110101111001100010111		1		4.76837e-06		78936
0	11111111110000111		42		0		27729
1	11111111110000111		30		0		47028
2	11111111110000111		26		0.18334		48606
2	11111111110000111		25		0.156788		48805
2	11111111110000111		24		0.12847		48977
2	11111111110000111		23		0.0927011		49229
2	11111111110000111		22		0.0738363		49348
2	11111111110000111		21		0.0568877		49489
2	11111111110000111		20		0.0264465		49660
2	11111111110000111		19		0.0178339		49740
2	11111111110000111		18		0.0104668		49810
2	11111111110000111		17		0		49899
3	11111111110000111		20		0.176949		49660
3	11111111110000111		19		0.139112		49740
3	11111111110000111		18		0.105643		49810
3	11111111110000111		17		0.0718953		49899
3	11111111110000111		16		0.0512065		49932
3	11111111110000111		15		0.0355761		49949
3	11111111110000111		14		0.0235217		49966
3	11111111110000111		13		0.0138389		49978
3	11111111110000111		12		0.00786251		49984
3	11111111110000111		11		0.0034278		49992
3	11111111110000111		10		0.000576794		49995
3	11111111110000111		9		7.86781e-05		49997
3	11111111110000111		8		0		49997
4	11111111110000111		16		0.18023		49932
4	11111111110000111		15		0.141476		49949
4	11111111110000111		14		0.108818		49966
4	11111111110000111		13		0.0807368		49978
4	11111111110000111		12		0.0568895		49984
4	11111111110000111		11		0.0370659		49992
4	11111111110000111		10		0.0212505		49995
4	11111111110000111		9		0.0113972		49997
4	11111111110000111		8		0.00549471		49997
4	11111111110000111		7		0.00264722		49997
4	11111111110000111		6		0.000965118		49999
4	11111111110000111		5		0.000217915		49999
4	11111111110000111		4		2.0504e-05		50014
4	11111111110000111		3		0		50115
5	11111111110000111		13		0.198351		49978
5	11111111110000111		12		0.156643		49984
5	11111111110000111		11		0.118703		49992
5	11111111110000111		10		0.085094		49995
5	11111111110000111		9		0.0566592		49997
5	11111111110000111		8		0.0341089		49997
5	11111111110000111		7		0.0197859		49997
5	11111111110000111		6		0.0101638		49999
5	11111111110000111		5		0.00430417		49999
5	11111111110000111		4		0.00145137		50014
5	11111111110000111		3		0.000530124		50115
5	11111111110000111		2		0.000144005		51877
5	11111111110000111		1		1.62125e-05		79971
6	11111111110000111		10		0.186473		49995
6	11111111110000111		9		0.141023		49997
6	11111111110000111		8		0.0982487		49997
6	11111111110000111		7		0.0654613		49997
6	11111111110000111		6		0.0396997		49999
6	11111111110000111		5		0.0209173		49999
6	11111111110000111		4		0.00906813		50014
6	11111111110000111		3		0.00396609		50115
6	11111111110000111		2		0.00135809		51877
6	11111111110000111		1		0.000243187		79971
0	11111111111111		45		0		27729
1	11111111111111		32		0		46384
2	11111111111111		25		0.174251		48741
2	11111111111111		24		0.143446		48938
2	11111111111111		23		0.116487		49094
2	11111111111111		22		0.0925562		49256
2	11111111111111		21		0.0722389		49398
2	11111111111111		20		0.0554525		49506
2	11111111111111		19		0.0411369		49608
2	11111111111111		18		0		49810
3	11111111111111		19		0.181768		49608
3	11111111111111		18		0.151494		49810
3	11111111111111		17		0.114956		49860
3	11111111111111		16		0.0851769		49900
3	11111111111111		15		0.0630028		49918
3	11111111111111		14		0.0464606		49944
3	11111111111111		13		0.0336676		49957
3	11111111111111		12		0.023849		49966
3	11111111111111		11		0.0164617		49973
3	11111111111111		10		0.0109583		49980
3	11111111111111		9		0.00691682		49986
3	11111111111111		8		0.00402594		49993
3	11111111111111		7		0.00210112		50002
3	11111111111111		6		0.000917017		50005
3	11111111111111		5		0.00026983		50033
3	11111111111111		4		0		50104
4	11111111111111		15		0.189604		49918
4	11111111111111		14		0.155564		49944
4	11111111111111		13		0.125502		49957
4	11111111111111		12		0.099517		49966
4	11111111111111		11		0.0775744		49973
4	11111111111111		10		0.0592623		49980
4	11111111111111		9		0.0440687		49986
4	11111111111111		8		0.0317193		49993
4	11111111111111		7		0.0220156		50002
4	11111111111111		6		0.0145544		50005
4	11111111111111		5		0.00900483		50033
4	11111111111111		4		0.00510532		50104
4	11111111111111		3		0.0025754		50317
4	11111111111111		2		0.00110805		51682
4	11111111111111		1		0.000364721		57208
5	11111111111111		11		0.173769		49973
5	11111111111111		10		0.142035		49980
5	11111111111111		9		0.113662		49986
5	11111111111111		8		0.0887608		49993
5	11111111111111		7		0.0674601		50002
5	11111111111111		6		0.0495161		50005
5	11111111111111		5		0.0347397		50033
5	11111111111111		4		0.0230271		50104
5	11111111111111		3		0.0141017		50317
5	11111111111111		2		0.00771487		51682
5	11111111111111		1		0.00352615		57208
6	11111111111111		8		0.169083		49993
6	11111111111111		7		0.135763		50002
6	11111111111111		6		0.105903		50005
6	11111111111111		5		0.0796314		50033
6	11111111111111		4		0.0571854		50104
6	11111111111111		3		0.0386606		50317
6	11111111111111		2		0.0239425		51682
6	11111111111111		1		0.0128646		57208
0	1111011010001110011011		37		0		27729
1	1111011010001110011011		27		0.196059		43541
1	1111011010001110011011		26		0.169405		44294
1	1111011010001110011011		25		0.15002		44919
1	1111011010001110011011		24		0		47687
2	1111011010001110011011		21		0.183644		48693
2	1111011010001110011011		20		0.125007		48980
2	1111011010001110011011		19		0.0941638		49175
2	1111011010001110011011		18		0.0656407		49354
2	1111011010001110011011		17		0.0378689		49527
2	1111011010001110011011		16		0.0173631		49668
2	1111011010001110011011		15		0.00659639		49783
2	1111011010001110011011		14		0.00166851		49858
2	1111011010001110011011		13		0		49921
3	1111011010001110011011		16		0.169282		49668
3	1111011010001110011011		15		0.120741		49783
3	1111011010001110011011		14		0.0790647		49858
3	1111011010001110011011		13		0.0493901		49921
3	1111011010001110011011		12		0.0283128		49944
3	1111011010001110011011		11		0.0133864		49968
3	1111011010001110011011		10		0.00505358		49981
3	1111011010001110011011		9		0.0012157		49988
3	1111011010001110011011		8		0.000224113		49991
3	1111011010001110011011		7		8.10623e-06		49993
3	1111011010001110011011		6		0		49996
4	1111011010001110011011		13		0.194366		49921
4	1111011010001110011011		12		0.142039		49944
4	1111011010001110011011		11		0.097495		49968
4	1111011010001110011011		10		0.0614184		49981
4	1111011010001110011011		9		0.0339385		49988
4	1111011010001110011011		8		0.0160733		49991
4	1111011010001110011011		7		0.00607687		49993
4	1111011010001110011011		6		0.00172991		49996
4	1111011010001110011011		5		0.000335634		49999
4	1111011010001110011011		4		2.86102e-05		50000
4	1111011010001110011011		3		2.38419e-06		50000
4	1111011010001110011011		2		0		50000
5	1111011010001110011011		10		0.182312		49981
5	1111011010001110011011		9		0.127324		49988
5	1111011010001110011011		8		0.0813835		49991
5	1111011010001110011011		7		0.0457742		49993
5	1111011010001110011011		6		0.0215763		49996
5	1111011010001110011011		5		0.00800252		49999
5	1111011010001110011011		4		0.00218439		50000
5	1111011010001110011011		3		0.000386178		50000
5	1111011010001110011011		2		3.91006e-05		50000
5	1111011010001110011011		1		9.53674e-07		56767
6	1111011010001110011011		8		0.194148		49991
6	1111011010001110011011		7		0.132181		49993
6	1111011010001110011011		6		0.0796121		49996
6	1111011010001110011011		5		0.0402802		49999
6	1111011010001110011011		4		0.0161803		50000
6	1111011010001110011011		3		0.00469345		50000
6	1111011010001110011011		2		0.000843644		50000
6	1111011010001110011011		1		5.43594e-05		56767
0	11101110110001110110001		36		0		27729
1	11101110110001110110001		26		0.187103		44035
1	11101110110001110110001		25		0.167717		44646
1	11101110110001110110001		24		0.13162		45410
1	11101110110001110110001		23		0		47971
2	11101110110001110110001		21		0.18482		48682
2	11101110110001110110001		20		0.142978		48914
2	11101110110001110110001		19		0.11311		49110
2	11101110110001110110001		18		0.0797403		49323
2	11101110110001110110001		17		0.053618		49486
2	11101110110001110110001		16		0.0351624		49602
2	11101110110001110110001		15		0.0178824		49734
2	11101110110001110110001		14		0.0089559		49821
2	11101110110001110110001		13		0.00289804		49885
2	11101110110001110110001		12		0.000299633		49929
2	11101110110001110110001		11		0		49949
3	11101110110001110110001		16		0.171734		49602
3	11101110110001110110001		15		0.129794		49734
3	11101110110001110110001		14		0.0920494		49821
3	11101110110001110110001		13		0.0624007		49885
3	11101110110001110110001		12		0.0391207		49929
3	11101110110001110110001		11		0.023048		49949
3	11101110110001110110001		10		0.0124093		49967
3	11101110110001110110001		9		0.00586593		49980
3	11101110110001110110001		8		0.00212061		49989
3	11101110110001110110001		7		0.000557721		49993
3	11101110110001110110001		6		7.15256e-05		49999
3	11101110110001110110001		5		0		50000
4	11101110110001110110001		13		0.193972		49885
4	11101110110001110110001		12		0.145993		49929
4	11101110110001110110001		11		0.104407		49949
4	11101110110001110110001		10		0.0708631		49967
4	11101110110001110110001		9		0.0446529		49980
4	11101110110001110110001		8		0.0255079		49989
4	11101110110001110110001		7		0.0126975		49993
4	11101110110001110110001		6		0.00541836		49999
4	11101110110001110110001		5		0.00188982		50000
4	11101110110001110110001		4		0.000499129		50000
4	11101110110001110110001		3		8.53539e-05		50000
4	11101110110001110110001		2		1.90735e-06		50003
4	11101110110001110110001		1		0		56973
5	11101110110001110110001		10		0.18167		49967
5	11101110110001110110001		9		0.131712		49980
5	11101110110001110110001		8		0.089474		49989
5	11101110110001110110001		7		0.0555286		49993
5	11101110110001110110001		6		0.0308278		49999
5	11101110110001110110001		5		0.0147634		50000
5	11101110110001110110001		4		0.00582325		50000
5	11101110110001110110001		3		0.00169516		50000
5	11101110110001110110001		2		0.000310838		50003
5	11101110110001110110001		1		1.90735e-05		56973
6	11101110110001110110001		8		0.193293		49989
6	11101110110001110110001		7		0.136279		49993
6	11101110110001110110001		6		0.0882593		49999
6	11101110110001110110001		5		0.0508187		50000
6	11101110110001110110001		4		0.0246934		50000
6	11101110110001110110001		3		0.00937897		50000
6	11101110110001110110001		2		0.00238609		50003
6	11101110110001110110001		1		0.000245988		56973
0	1111111111100000111		40		0		27729
1	1111111111100000111		27		0		47440
2	1111111111100000111		24		0.178383		48628
2	1111111111100000111		23		0.149445		48820
2	1111111111100000111		22		0.126068		49001
2	1111111111100000111		21		0.103352		49162
2	1111111111100000111		20		0.0834546		49303
2	1111111111100000111		19		0.0558776		49480
2	1111111111100000111		18		0.0418892		49580
2	1111111111100000111		17		0.0298237		49682
2	1111111111100000111		16		0.00855887		49825
2	1111111111100000111		15		0.0045045		49864
2	1111111111100000111		14		0.0018006		49916
2	1111111111100000111		13		0		49952
3	1111111111100000111		18		0.183584		49580
3	1111111111100000111		17		0.14799		49682
3	1111111111100000111		16		0.108403		49825
3	1111111111100000111		15		0.0790366		49864
3	1111111111100000111		14		0.0546324		49916
3	1111111111100000111		13		0.0342434		49952
3	1111111111100000111		12		0.0234007		49969
3	1111111111100000111		11		0.0152561		49978
3	1111111111100000111		10		0.00845557		49986
3	1111111111100000111		9		0.00404304		49988
3	1111111111100000111		8		0.00093466		49994
3	1111111111100000111		7		0.000184536		49996
3	1111111111100000111		6		1.28746e-05		49998
3	1111111111100000111		5		0		49999
4	1111111111100000111		14		0.180241		49916
4	1111111111100000111		13		0.139826		49952
4	1111111111100000111		12		0.104541		49969
4	1111111111100000111		11		0.0761469		49978
4	1111111111100000111		10		0.0516326		49986
4	1111111111100000111		9		0.0335012		49988
4	1111111111100000111		8		0.0189189		49994
4	1111111111100000111		7		0.00948668		49996
4	1111111111100000111		6		0.00454676		49998
4	1111111111100000111		5		0.00179845		49999
4	1111111111100000111		4		0.000795066		50007
4	1111111111100000111		3		0.0002684		50030
4	1111111111100000111		2		5.14984e-05		50422
4	1111111111100000111		1		5.72205e-06		57227
5	1111111111100000111		11		0.188372		49978
5	1111111111100000111		10		0.142736		49986
5	1111111111100000111		9		0.105117		49988
5	1111111111100000111		8		0.0723899		49994
5	1111111111100000111		7		0.0452135		49996
5	1111111111100000111		6		0.0264498		49998
5	1111111111100000111		5		0.0127309		49999
5	1111111111100000111		4		0.00651801		50007
5	1111111111100000111		3		0.00288641		50030
5	1111111111100000111		2		0.000892222		50422
5	1111111111100000111		1		0.000254571		57227
6	1111111111100000111		8		0.162529		49994
6	1111111111100000111		7		0.115474		49996
6	1111111111100000111		6		0.077086		49998
6	1111111111100000111		5		0.0433934		49999
6	1111111111100000111		4		0.0250505		50007
6	1111111111100000111		3		0.0126895		50030
6	1111111111100000111		2		0.00475132		50422
6	1111111111100000111		1		0.00166565		57227
