errors	shape		t		lossrate	PM

0	1111111111		65		0		23469
1	1111111111		56		0		42887
2	1111111111		46		0		49066
3	1111111111		42		0.188591		49566
3	1111111111		41		0.147569		49644
3	1111111111		40		0.113927		49720
3	1111111111		39		0.0859844		49772
3	1111111111		38		0.0628455		49826
3	1111111111		37		0.0440117		49867
3	1111111111		36		0		49935
4	1111111111		36		0.173755		49935
4	1111111111		35		0.128462		49949
4	1111111111		34		0.0939238		49958
4	1111111111		33		0.0676437		49968
4	1111111111		32		0.0480683		49978
4	1111111111		31		0.0335584		49985
4	1111111111		30		0.022755		49991
4	1111111111		29		0.0147263		49991
4	1111111111		28		0.00885594		49993
4	1111111111		27		0.00471193		49993
4	1111111111		26		0		49994
5	1111111111		32		0.186781		49978
5	1111111111		31		0.150109		49985
5	1111111111		30		0.118688		49991
5	1111111111		29		0.0920398		49991
5	1111111111		28		0.0696768		49993
5	1111111111		27		0.051174		49993
5	1111111111		26		0.0363553		49994
5	1111111111		25		0.0241259		49996
5	1111111111		24		0.01572		49997
5	1111111111		23		0.00998062		49998
5	1111111111		22		0.00614893		49998
5	1111111111		21		0.00365353		49999
5	1111111111		20		0.00206113		50000
5	1111111111		19		0.00106186		50000
5	1111111111		18		0.000478148		50000
5	1111111111		17		0.000164509		50000
5	1111111111		16		0		50000
6	1111111111		28		0.18696		49993
6	1111111111		27		0.151695		49993
6	1111111111		26		0.12051		49994
6	1111111111		25		0.0941588		49996
6	1111111111		24		0.0719271		49997
6	1111111111		23		0.0536487		49998
6	1111111111		22		0.0391061		49998
6	1111111111		21		0.0278702		49999
6	1111111111		20		0.0193511		50000
6	1111111111		19		0.0130387		50000
6	1111111111		18		0.00845933		50000
6	1111111111		17		0.00525993		50000
6	1111111111		16		0.00310606		50000
6	1111111111		15		0.00174367		50000
6	1111111111		14		0.00093323		50000
6	1111111111		13		0.000487208		50000
6	1111111111		12		0.000231743		50000
6	1111111111		11		0.000106812		50007
6	1111111111		10		4.48227e-05		50008
6	1111111111		9		1.04904e-05		50047
6	1111111111		8		3.8147e-06		50176
6	1111111111		7		1.90735e-06		50485
6	1111111111		6		0		52379
7	1111111111		24		0.166917		49997
7	1111111111		23		0.135181		49998
7	1111111111		22		0.107456		49998
7	1111111111		21		0.0838192		49999
7	1111111111		20		0.0640923		50000
7	1111111111		19		0.0479585		50000
7	1111111111		18		0.0349956		50000
7	1111111111		17		0.0248367		50000
7	1111111111		16		0.0171087		50000
7	1111111111		15		0.0114477		50000
7	1111111111		14		0.00741959		50000
7	1111111111		13		0.00464219		50000
7	1111111111		12		0.00278562		50000
7	1111111111		11		0.00159234		50007
7	1111111111		10		0.000875115		50008
7	1111111111		9		0.000448108		50047
7	1111111111		8		0.000216484		50176
7	1111111111		7		9.72748e-05		50485
7	1111111111		6		4.1008e-05		52379
7	1111111111		5		1.33514e-05		59666
7	1111111111		4		3.8147e-06		86438
7	1111111111		3		9.53674e-07		196279
7	1111111111		2		0		637972
8	1111111111		21		0.169391		49999
8	1111111111		20		0.137648		50000
8	1111111111		19		0.109887		50000
8	1111111111		18		0.0859897		50000
8	1111111111		17		0.0657973		50000
8	1111111111		16		0.0491852		50000
8	1111111111		15		0.0359467		50000
8	1111111111		14		0.0256315		50000
8	1111111111		13		0.0177609		50000
8	1111111111		12		0.0119104		50000
8	1111111111		11		0.00771677		50007
8	1111111111		10		0.00479877		50008
8	1111111111		9		0.00285786		50047
8	1111111111		8		0.00161803		50176
8	1111111111		7		0.000861764		50485
8	1111111111		6		0.000407159		52379
8	1111111111		5		0.000191689		59666
8	1111111111		4		7.9155e-05		86438
8	1111111111		3		2.86102e-05		196279
8	1111111111		2		6.67572e-06		637972
8	1111111111		1		2.86102e-06		2422532
0	111001001010011101		57		0		23468
1	111001001010011101		48		0		44225
2	111001001010011101		42		0.138358		48100
2	111001001010011101		41		0.0824803		48643
2	111001001010011101		40		0.056791		48935
2	111001001010011101		39		0.0366902		49180
2	111001001010011101		38		0		49507
3	111001001010011101		37		0.16466		49619
3	111001001010011101		36		0.117282		49706
3	111001001010011101		35		0.0772634		49779
3	111001001010011101		34		0.0474865		49840
3	111001001010011101		33		0.0292082		49875
3	111001001010011101		32		0.0127217		49917
3	111001001010011101		31		0.00464571		49943
3	111001001010011101		30		0.00127017		49960
3	111001001010011101		29		0.000133514		49966
3	111001001010011101		28		0		49976
4	111001001010011101		33		0.196803		49875
4	111001001010011101		32		0.147557		49917
4	111001001010011101		31		0.105339		49943
4	111001001010011101		30		0.072044		49960
4	111001001010011101		29		0.0462005		49966
4	111001001010011101		28		0.0270183		49976
4	111001001010011101		27		0.014434		49988
4	111001001010011101		26		0.00658858		49992
4	111001001010011101		25		0.0025031		49995
4	111001001010011101		24		0.000761211		49997
4	111001001010011101		23		0.000153065		49998
4	111001001010011101		22		1.33514e-05		49998
4	111001001010011101		21		0		49999
5	111001001010011101		29		0.195563		49966
5	111001001010011101		28		0.148534		49976
5	111001001010011101		27		0.108211		49988
5	111001001010011101		26		0.0751984		49992
5	111001001010011101		25		0.0492147		49995
5	111001001010011101		24		0.0299433		49997
5	111001001010011101		23		0.016683		49998
5	111001001010011101		22		0.00830758		49998
5	111001001010011101		21		0.00361741		49999
5	111001001010011101		20		0.00133854		50000
5	111001001010011101		19		0.000400484		50000
5	111001001010011101		18		8.91685e-05		50000
5	111001001010011101		17		1.28746e-05		50000
5	111001001010011101		16		4.76837e-07		50000
5	111001001010011101		15		0		50000
6	111001001010011101		25		0.171281		49995
6	111001001010011101		24		0.128027		49997
6	111001001010011101		23		0.091527		49998
6	111001001010011101		22		0.0620568		49998
6	111001001010011101		21		0.0394341		49999
6	111001001010011101		20		0.0232404		50000
6	111001001010011101		19		0.0125172		50000
6	111001001010011101		18		0.00606215		50000
6	111001001010011101		17		0.00256306		50000
6	111001001010011101		16		0.000925601		50000
6	111001001010011101		15		0.000279367		50000
6	111001001010011101		14		7.34329e-05		50000
6	111001001010011101		13		1.90735e-05		50000
6	111001001010011101		12		1.90735e-06		50000
6	111001001010011101		11		0		50000
7	111001001010011101		22		0.173611		49998
7	111001001010011101		21		0.129816		49999
7	111001001010011101		20		0.0926389		50000
7	111001001010011101		19		0.0625478		50000
7	111001001010011101		18		0.0396145		50000
7	111001001010011101		17		0.0232497		50000
7	111001001010011101		16		0.0124512		50000
7	111001001010011101		15		0.00600529		50000
7	111001001010011101		14		0.00252688		50000
7	111001001010011101		13		0.000937998		50000
7	111001001010011101		12		0.000293672		50000
7	111001001010011101		11		7.9155e-05		50000
7	111001001010011101		10		1.62125e-05		50000
7	111001001010011101		9		2.86102e-06		50000
7	111001001010011101		8		0		50000
8	111001001010011101		19		0.16034		50000
8	111001001010011101		18		0.117299		50000
8	111001001010011101		17		0.0815281		50000
8	111001001010011101		16		0.0532597		50000
8	111001001010011101		15		0.0323461		50000
8	111001001010011101		14		0.0180175		50000
8	111001001010011101		13		0.00906438		50000
8	111001001010011101		12		0.0040316		50000
8	111001001010011101		11		0.00155234		50000
8	111001001010011101		10		0.000513911		50000
8	111001001010011101		9		0.000113487		50000
8	111001001010011101		8		2.38419e-05		50000
8	111001001010011101		7		1.90735e-06		50000
8	111001001010011101		6		0		50000
0	1111111000111		62		0		23468
1	1111111000111		53		0		43514
2	1111111000111		46		0.167367		47904
2	1111111000111		45		0.140455		48181
2	1111111000111		44		0.115941		48449
2	1111111000111		43		0		49293
3	1111111000111		40		0.145003		49635
3	1111111000111		39		0.109473		49725
3	1111111000111		38		0.0875899		49776
3	1111111000111		37		0.0516308		49841
3	1111111000111		36		0.0258963		49888
3	1111111000111		35		0.0179976		49909
3	1111111000111		34		0.0116777		49927
3	1111111000111		33		0		49951
4	1111111000111		35		0.159581		49909
4	1111111000111		34		0.118143		49927
4	1111111000111		33		0.0844629		49951
4	1111111000111		32		0.0606375		49965
4	1111111000111		31		0.0416328		49976
4	1111111000111		30		0.0244353		49984
4	1111111000111		29		0.014622		49988
4	1111111000111		28		0.00930434		49990
4	1111111000111		27		0.00364971		49993
4	1111111000111		26		0.00109756		49996
4	1111111000111		25		0.000518203		49997
4	1111111000111		24		0.000193596		49997
4	1111111000111		23		0		49999
5	1111111000111		31		0.173398		49976
5	1111111000111		30		0.135167		49984
5	1111111000111		29		0.101474		49988
5	1111111000111		28		0.0743071		49990
5	1111111000111		27		0.0519903		49993
5	1111111000111		26		0.0346233		49996
5	1111111000111		25		0.0223952		49997
5	1111111000111		24		0.0133855		49997
5	1111111000111		23		0.00747114		49999
5	1111111000111		22		0.004053		49999
5	1111111000111		21		0.00190836		50000
5	1111111000111		20		0.000650167		50000
5	1111111000111		19		0.000214577		50000
5	1111111000111		18		6.38962e-05		50000
5	1111111000111		17		5.72205e-06		50000
5	1111111000111		16		0		50000
6	1111111000111		27		0.165812		49993
6	1111111000111		26		0.129127		49996
6	1111111000111		25		0.0977394		49997
6	1111111000111		24		0.07192		49997
6	1111111000111		23		0.0508903		49999
6	1111111000111		22		0.0345528		49999
6	1111111000111		21		0.0224409		50000
6	1111111000111		20		0.0136475		50000
6	1111111000111		19		0.00781423		50000
6	1111111000111		18		0.00415128		50000
6	1111111000111		17		0.00199503		50000
6	1111111000111		16		0.00085032		50000
6	1111111000111		15		0.000311792		50000
6	1111111000111		14		8.2016e-05		50000
6	1111111000111		13		1.23978e-05		50000
6	1111111000111		12		9.53674e-07		50000
6	1111111000111		11		0		50000
7	1111111000111		24		0.179385		49997
7	1111111000111		23		0.141596		49999
7	1111111000111		22		0.108801		49999
7	1111111000111		21		0.0810654		50000
7	1111111000111		20		0.0583095		50000
7	1111111000111		19		0.0402728		50000
7	1111111000111		18		0.0265853		50000
7	1111111000111		17		0.0166371		50000
7	1111111000111		16		0.00973791		50000
7	1111111000111		15		0.00526088		50000
7	1111111000111		14		0.00256974		50000
7	1111111000111		13		0.00112182		50000
7	1111111000111		12		0.000430942		50000
7	1111111000111		11		0.00014019		50000
7	1111111000111		10		3.62396e-05		50000
7	1111111000111		9		3.8147e-06		50000
7	1111111000111		8		9.53674e-07		50007
7	1111111000111		7		0		50017
8	1111111000111		21		0.177456		50000
8	1111111000111		20		0.139773		50000
8	1111111000111		19		0.107022		50000
8	1111111000111		18		0.0793918		50000
8	1111111000111		17		0.0566898		50000
8	1111111000111		16		0.0387596		50000
8	1111111000111		15		0.0251184		50000
8	1111111000111		14		0.015328		50000
8	1111111000111		13		0.00866169		50000
8	1111111000111		12		0.00448459		50000
8	1111111000111		11		0.00209111		50000
8	1111111000111		10		0.000877023		50000
8	1111111000111		9		0.000312746		50000
8	1111111000111		8		9.63211e-05		50007
8	1111111000111		7		2.38419e-05		50017
8	1111111000111		6		5.72205e-06		50054
8	1111111000111		5		9.53674e-07		50197
8	1111111000111		4		0		50656
0	11111111111		64		0		23468
1	11111111111		54		0		43083
2	11111111111		44		0.170662		48016
2	11111111111		43		0		49157
3	11111111111		39		0.170611		49605
3	11111111111		38		0.134558		49679
3	11111111111		37		0.104719		49743
3	11111111111		36		0.07978		49794
3	11111111111		35		0.0590079		49841
3	11111111111		34		0.0422487		49873
3	11111111111		33		0.0291992		49909
3	11111111111		32		0		49949
4	11111111111		34		0.196891		49873
4	11111111111		33		0.160967		49909
4	11111111111		32		0.130027		49949
4	11111111111		31		0.0965481		49956
4	11111111111		30		0.0707209		49968
4	11111111111		29		0.0513101		49977
4	11111111111		28		0.0367972		49983
4	11111111111		27		0.0258912		49988
4	11111111111		26		0.0176995		49991
4	11111111111		25		0.0115843		49991
4	11111111111		24		0.00711471		49993
4	11111111111		23		0.00400549		49993
4	11111111111		22		0.00196975		49996
4	11111111111		21		0		49997
5	11111111111		29		0.180121		49977
5	11111111111		28		0.146713		49983
5	11111111111		27		0.117734		49988
5	11111111111		26		0.0928552		49991
5	11111111111		25		0.071743		49991
5	11111111111		24		0.0540245		49993
5	11111111111		23		0.039588		49993
5	11111111111		22		0.0283846		49996
5	11111111111		21		0.0198191		49997
5	11111111111		20		0.0130321		49998
5	11111111111		19		0.00836098		49998
5	11111111111		18		0.00524241		49998
5	11111111111		17		0.00318968		49999
5	11111111111		16		0.00186127		50000
5	11111111111		15		0.00102466		50000
5	11111111111		14		0.000521541		50000
5	11111111111		13		0.000236511		50000
5	11111111111		12		9.05991e-05		50000
5	11111111111		11		2.38419e-05		50000
5	11111111111		10		0		50007
6	11111111111		25		0.180156		49991
6	11111111111		24		0.147743		49993
6	11111111111		23		0.11885		49993
6	11111111111		22		0.0942253		49996
6	11111111111		21		0.0735366		49997
6	11111111111		20		0.0562669		49998
6	11111111111		19		0.0419646		49998
6	11111111111		18		0.0306041		49998
6	11111111111		17		0.0217983		49999
6	11111111111		16		0.0151392		50000
6	11111111111		15		0.0101996		50000
6	11111111111		14		0.00664306		50000
6	11111111111		13		0.00414652		50000
6	11111111111		12		0.00249457		50000
6	11111111111		11		0.00143141		50000
6	11111111111		10		0.000771224		50007
6	11111111111		9		0.000394762		50008
6	11111111111		8		0.000185013		50047
6	11111111111		7		8.2016e-05		50174
6	11111111111		6		2.76566e-05		50480
6	11111111111		5		9.53674e-06		52354
6	11111111111		4		0		59608
7	11111111111		22		0.193822		49996
7	11111111111		21		0.160799		49997
7	11111111111		20		0.131421		49998
7	11111111111		19		0.105571		49998
7	11111111111		18		0.0832852		49998
7	11111111111		17		0.0644965		49999
7	11111111111		16		0.048925		50000
7	11111111111		15		0.0362767		50000
7	11111111111		14		0.026201		50000
7	11111111111		13		0.0184126		50000
7	11111111111		12		0.0125492		50000
7	11111111111		11		0.00830328		50000
7	11111111111		10		0.00529599		50007
7	11111111111		9		0.00323915		50008
7	11111111111		8		0.00188172		50047
7	11111111111		7		0.00103134		50174
7	11111111111		6		0.000531077		50480
7	11111111111		5		0.000246942		52354
7	11111111111		4		9.91821e-05		59608
7	11111111111		3		3.91006e-05		86299
7	11111111111		2		1.14441e-05		195899
7	11111111111		1		0		637180
8	11111111111		19		0.194247		49998
8	11111111111		18		0.161125		49998
8	11111111111		17		0.131546		49999
8	11111111111		16		0.105583		50000
8	11111111111		15		0.0831331		50000
8	11111111111		14		0.0640842		50000
8	11111111111		13		0.0482526		50000
8	11111111111		12		0.0354547		50000
8	11111111111		11		0.0253982		50000
8	11111111111		10		0.0176513		50007
8	11111111111		9		0.011852		50008
8	11111111111		8		0.00762969		50047
8	11111111111		7		0.00471622		50174
8	11111111111		6		0.00273043		50480
8	11111111111		5		0.00148189		52354
8	11111111111		4		0.000724554		59608
8	11111111111		3		0.000304163		86299
8	11111111111		2		0.000107765		195899
8	11111111111		1		2.57492e-05		637180
0	11111101110101		61		0		23468
1	11111101110101		51		0		43721
2	11111101110101		44		0.188022		47815
2	11111101110101		43		0.15928		48084
2	11111101110101		42		0.1244		48406
2	11111101110101		41		0.0937133		48692
2	11111101110101		40		0		49381
3	11111101110101		38		0.177152		49592
3	11111101110101		37		0.137876		49675
3	11111101110101		36		0.100547		49757
3	11111101110101		35		0.071662		49813
3	11111101110101		34		0.049462		49858
3	11111101110101		33		0.0339348		49890
3	11111101110101		32		0.0238783		49906
3	11111101110101		31		0.0137597		49935
3	11111101110101		30		0.0067243		49951
3	11111101110101		29		0		49969
4	11111101110101		33		0.182678		49890
4	11111101110101		32		0.14456		49906
4	11111101110101		31		0.112846		49935
4	11111101110101		30		0.0853792		49951
4	11111101110101		29		0.0622407		49969
4	11111101110101		28		0.0430982		49977
4	11111101110101		27		0.0293524		49982
4	11111101110101		26		0.0191584		49986
4	11111101110101		25		0.0114411		49988
4	11111101110101		24		0.00650334		49992
4	11111101110101		23		0.0033893		49995
4	11111101110101		22		0.00163472		49997
4	11111101110101		21		0.000686884		49997
4	11111101110101		20		0.000186443		49999
4	11111101110101		19		2.52724e-05		49999
4	11111101110101		18		0		50000
5	11111101110101		29		0.199239		49969
5	11111101110101		28		0.161549		49977
5	11111101110101		27		0.128221		49982
5	11111101110101		26		0.0993625		49986
5	11111101110101		25		0.074797		49988
5	11111101110101		24		0.0544169		49992
5	11111101110101		23		0.0382897		49995
5	11111101110101		22		0.0259687		49997
5	11111101110101		21		0.016872		49997
5	11111101110101		20		0.0104252		49999
5	11111101110101		19		0.00605035		49999
5	11111101110101		18		0.00328052		50000
5	11111101110101		17		0.0016185		50000
5	11111101110101		16		0.000697851		50000
5	11111101110101		15		0.000242233		50000
5	11111101110101		14		7.05719e-05		50000
5	11111101110101		13		9.05991e-06		50000
5	11111101110101		12		1.43051e-06		50000
5	11111101110101		11		0		50000
6	11111101110101		25		0.19234		49988
6	11111101110101		24		0.155886		49992
6	11111101110101		23		0.123532		49995
6	11111101110101		22		0.0955365		49997
6	11111101110101		21		0.0719324		49997
6	11111101110101		20		0.0525362		49999
6	11111101110101		19		0.0370356		49999
6	11111101110101		18		0.0251101		50000
6	11111101110101		17		0.0162994		50000
6	11111101110101		16		0.00996459		50000
6	11111101110101		15		0.00569147		50000
6	11111101110101		14		0.00296342		50000
6	11111101110101		13		0.00139809		50000
6	11111101110101		12		0.000559628		50000
6	11111101110101		11		0.000178337		50000
6	11111101110101		10		4.48227e-05		50000
6	11111101110101		9		2.86102e-06		50000
6	11111101110101		8		0		50005
7	11111101110101		21		0.167371		49997
7	11111101110101		20		0.133637		49999
7	11111101110101		19		0.104092		49999
7	11111101110101		18		0.0789396		50000
7	11111101110101		17		0.0579978		50000
7	11111101110101		16		0.0411264		50000
7	11111101110101		15		0.0279574		50000
7	11111101110101		14		0.0180494		50000
7	11111101110101		13		0.0109668		50000
7	11111101110101		12		0.00613421		50000
7	11111101110101		11		0.00306517		50000
7	11111101110101		10		0.00129044		50000
7	11111101110101		9		0.000438571		50000
7	11111101110101		8		0.000119209		50005
7	11111101110101		7		1.90735e-05		50017
7	11111101110101		6		9.53674e-07		50027
7	11111101110101		5		0		50092
8	11111101110101		18		0.163772		50000
8	11111101110101		17		0.129893		50000
8	11111101110101		16		0.100347		50000
8	11111101110101		15		0.0751441		50000
8	11111101110101		14		0.0543163		50000
8	11111101110101		13		0.0376543		50000
8	11111101110101		12		0.0246851		50000
8	11111101110101		11		0.0151073		50000
8	11111101110101		10		0.00842434		50000
8	11111101110101		9		0.00414938		50000
8	11111101110101		8		0.00169706		50005
8	11111101110101		7		0.000533938		50017
8	11111101110101		6		0.000119209		50027
8	11111101110101		5		2.57492e-05		50092
8	11111101110101		4		2.86102e-06		50331
8	11111101110101		3		0		51498
0	11111110001111		61		0		23468
1	11111110001111		51		0		43689
2	11111110001111		44		0.164311		47917
2	11111110001111		43		0.13851		48187
2	11111110001111		42		0.115027		48436
2	11111110001111		41		0.0937133		48671
2	11111110001111		40		0		49373
3	11111110001111		38		0.189473		49584
3	11111110001111		37		0.145687		49658
3	11111110001111		36		0.0955585		49749
3	11111110001111		35		0.0761768		49800
3	11111110001111		34		0.0558417		49848
3	11111110001111		33		0.0231997		49896
3	11111110001111		32		0.0163904		49915
3	11111110001111		31		0.0109663		49929
3	11111110001111		30		0.0067243		49944
3	11111110001111		29		0		49964
4	11111110001111		33		0.192849		49896
4	11111110001111		32		0.150289		49915
4	11111110001111		31		0.115637		49929
4	11111110001111		30		0.0866519		49944
4	11111110001111		29		0.0591596		49964
4	11111110001111		28		0.0425678		49974
4	11111110001111		27		0.0286199		49981
4	11111110001111		26		0.0165789		49988
4	11111110001111		25		0.0096482		49990
4	11111110001111		24		0.00594085		49991
4	11111110001111		23		0.00298864		49995
4	11111110001111		22		0.000611603		49996
4	11111110001111		21		0.000285566		49999
4	11111110001111		20		0.000104427		49999
4	11111110001111		19		2.52724e-05		50000
4	11111110001111		18		0		50000
5	11111110001111		28		0.167439		49974
5	11111110001111		27		0.131722		49981
5	11111110001111		26		0.101312		49988
5	11111110001111		25		0.0754091		49990
5	11111110001111		24		0.054535		49991
5	11111110001111		23		0.0379159		49995
5	11111110001111		22		0.0247297		49996
5	11111110001111		21		0.0156876		49999
5	11111110001111		20		0.00935489		49999
5	11111110001111		19		0.00501513		50000
5	11111110001111		18		0.00250691		50000
5	11111110001111		17		0.00120711		50000
5	11111110001111		16		0.000450015		50000
5	11111110001111		15		0.000102997		50000
5	11111110001111		14		2.76566e-05		50000
5	11111110001111		13		4.29153e-06		50000
5	11111110001111		12		1.43051e-06		50000
5	11111110001111		11		0		50000
6	11111110001111		25		0.199362		49990
6	11111110001111		24		0.161158		49991
6	11111110001111		23		0.127304		49995
6	11111110001111		22		0.0979072		49996
6	11111110001111		21		0.0728277		49999
6	11111110001111		20		0.0525073		49999
6	11111110001111		19		0.0364495		50000
6	11111110001111		18		0.0241426		50000
6	11111110001111		17		0.0151721		50000
6	11111110001111		16		0.00891221		50000
6	11111110001111		15		0.00481588		50000
6	11111110001111		14		0.00238991		50000
6	11111110001111		13		0.00108564		50000
6	11111110001111		12		0.000402391		50000
6	11111110001111		11		0.000144958		50000
6	11111110001111		10		5.05447e-05		50000
6	11111110001111		9		9.53674e-06		50000
6	11111110001111		8		9.53674e-07		50000
6	11111110001111		7		9.53674e-07		50007
6	11111110001111		6		0		50008
7	11111110001111		21		0.172906		49999
7	11111110001111		20		0.137278		49999
7	11111110001111		19		0.106272		50000
7	11111110001111		18		0.0799421		50000
7	11111110001111		17		0.0580437		50000
7	11111110001111		16		0.0404696		50000
7	11111110001111		15		0.026887		50000
7	11111110001111		14		0.0168406		50000
7	11111110001111		13		0.00987768		50000
7	11111110001111		12		0.00535005		50000
7	11111110001111		11		0.00264293		50000
7	11111110001111		10		0.00117612		50000
7	11111110001111		9		0.000457644		50000
7	11111110001111		8		0.000163078		50000
7	11111110001111		7		4.57764e-05		50007
7	11111110001111		6		1.33514e-05		50008
7	11111110001111		5		1.90735e-06		50051
7	11111110001111		4		0		50180
8	11111110001111		18		0.168286		50000
8	11111110001111		17		0.132793		50000
8	11111110001111		16		0.101781		50000
8	11111110001111		15		0.0754113		50000
8	11111110001111		14		0.0536325		50000
8	11111110001111		13		0.0363364		50000
8	11111110001111		12		0.0231864		50000
8	11111110001111		11		0.0138629		50000
8	11111110001111		10		0.00764865		50000
8	11111110001111		9		0.00385493		50000
8	11111110001111		8		0.00177038		50000
8	11111110001111		7		0.000700712		50007
8	11111110001111		6		0.000249803		50008
8	11111110001111		5		7.82013e-05		50051
8	11111110001111		4		2.38419e-05		50180
8	11111110001111		3		4.76837e-06		52745
8	11111110001111		2		0		92813
0	111111111111		63		0		23468
1	111111111111		52		0		43324
2	111111111111		42		0.169492		48046
2	111111111111		41		0.141475		48284
2	111111111111		40		0		49255
3	111111111111		37		0.191243		49573
3	111111111111		36		0.152938		49654
3	111111111111		35		0.121157		49708
3	111111111111		34		0.0946742		49772
3	111111111111		33		0.0723211		49816
3	111111111111		32		0.0538624		49854
3	111111111111		31		0.0393406		49887
3	111111111111		30		0.0279757		49912
3	111111111111		29		0.0189323		49926
3	111111111111		28		0		49959
4	111111111111		31		0.178292		49887
4	111111111111		30		0.146842		49912
4	111111111111		29		0.119469		49926
4	111111111111		28		0.0953838		49959
4	111111111111		27		0.0706438		49969
4	111111111111		26		0.0519564		49975
4	111111111111		25		0.0378709		49983
4	111111111111		24		0.0271705		49986
4	111111111111		23		0.0190827		49990
4	111111111111		22		0.0130133		49991
4	111111111111		21		0.00848109		49992
4	111111111111		20		0.00522012		49996
4	111111111111		19		0.00302285		49996
4	111111111111		18		0.00160086		49997
4	111111111111		17		0.000707865		49998
4	111111111111		16		0		49998
5	111111111111		26		0.168119		49975
5	111111111111		25		0.138296		49983
5	111111111111		24		0.111987		49986
5	111111111111		23		0.0891757		49990
5	111111111111		22		0.0697247		49991
5	111111111111		21		0.053266		49992
5	111111111111		20		0.039696		49996
5	111111111111		19		0.0290057		49996
5	111111111111		18		0.0207646		49997
5	111111111111		17		0.0144594		49998
5	111111111111		16		0.00972331		49998
5	111111111111		15		0.00621527		49998
5	111111111111		14		0.00387347		49999
5	111111111111		13		0.0023495		49999
5	111111111111		12		0.00136232		50000
5	111111111111		11		0.000743091		50000
5	111111111111		10		0.000385225		50000
5	111111111111		9		0.000175953		50007
5	111111111111		8		6.91414e-05		50008
5	111111111111		7		1.95503e-05		50047
5	111111111111		6		4.76837e-06		50174
5	111111111111		5		2.38419e-06		50478
5	111111111111		4		0		52352
6	111111111111		23		0.199769		49990
6	111111111111		22		0.167609		49991
6	111111111111		21		0.138227		49992
6	111111111111		20		0.11195		49996
6	111111111111		19		0.0892673		49996
6	111111111111		18		0.0701305		49997
6	111111111111		17		0.0541495		49998
6	111111111111		16		0.0409188		49998
6	111111111111		15		0.0302111		49998
6	111111111111		14		0.0217713		49999
6	111111111111		13		0.0152801		49999
6	111111111111		12		0.0104243		50000
6	111111111111		11		0.00688368		50000
6	111111111111		10		0.00437826		50000
6	111111111111		9		0.00266576		50007
6	111111111111		8		0.00153518		50008
6	111111111111		7		0.000843644		50047
6	111111111111		6		0.000431895		50174
6	111111111111		5		0.000207901		50478
6	111111111111		4		8.67844e-05		52352
6	111111111111		3		3.05176e-05		59603
6	111111111111		2		1.04904e-05		86269
6	111111111111		1		2.86102e-06		195835
7	111111111111		19		0.178709		49996
7	111111111111		18		0.148412		49997
7	111111111111		17		0.121428		49998
7	111111111111		16		0.0977153		49998
7	111111111111		15		0.0772119		49998
7	111111111111		14		0.0598861		49999
7	111111111111		13		0.045503		49999
7	111111111111		12		0.0337718		50000
7	111111111111		11		0.0243883		50000
7	111111111111		10		0.0171209		50000
7	111111111111		9		0.0116372		50007
7	111111111111		8		0.00762212		50008
7	111111111111		7		0.00476652		50047
7	111111111111		6		0.0028522		50174
7	111111111111		5		0.00158852		50478
7	111111111111		4		0.000816941		52352
7	111111111111		3		0.000376642		59603
7	111111111111		2		0.00014019		86269
7	111111111111		1		3.52859e-05		195835
8	111111111111		16		0.176481		49998
8	111111111111		15		0.145946		49998
8	111111111111		14		0.118756		49999
8	111111111111		13		0.0949566		49999
8	111111111111		12		0.0744073		50000
8	111111111111		11		0.0570361		50000
8	111111111111		10		0.0426176		50000
8	111111111111		9		0.0309738		50007
8	111111111111		8		0.0217927		50008
8	111111111111		7		0.0148076		50047
8	111111111111		6		0.0095849		50174
8	111111111111		5		0.00590104		50478
8	111111111111		4		0.00336653		52352
8	111111111111		3		0.00176179		59603
8	111111111111		2		0.000788391		86269
8	111111111111		1		0.000264108		195835
0	1110100111010011101		56		0		23468
1	1110100111010011101		45		0		44570
2	1110100111010011101		39		0.179377		47891
2	1110100111010011101		38		0.141976		48216
2	1110100111010011101		37		0.084794		48700
2	1110100111010011101		36		0.0616764		48983
2	1110100111010011101		35		0.0412034		49207
2	1110100111010011101		34		0.0274574		49361
2	1110100111010011101		33		0		49604
3	1110100111010011101		33		0.171361		49604
3	1110100111010011101		32		0.129754		49691
3	1110100111010011101		31		0.0955572		49764
3	1110100111010011101		30		0.0684067		49814
3	1110100111010011101		29		0.0450919		49863
3	1110100111010011101		28		0.0303789		49890
3	1110100111010011101		27		0.0172591		49923
3	1110100111010011101		26		0.00882733		49945
3	1110100111010011101		25		0.00311649		49957
3	1110100111010011101		24		0.00106776		49968
3	1110100111010011101		23		0.00012064		49978
3	1110100111010011101		22		3.09944e-06		49984
3	1110100111010011101		21		0		49990
4	1110100111010011101		28		0.166165		49890
4	1110100111010011101		27		0.129143		49923
4	1110100111010011101		26		0.0970929		49945
4	1110100111010011101		25		0.0706269		49957
4	1110100111010011101		24		0.0490991		49968
4	1110100111010011101		23		0.0319242		49978
4	1110100111010011101		22		0.0196227		49984
4	1110100111010011101		21		0.0111587		49990
4	1110100111010011101		20		0.00573176		49992
4	1110100111010011101		19		0.00233757		49997
4	1110100111010011101		18		0.000750244		49997
4	1110100111010011101		17		0.000125885		50000
4	1110100111010011101		16		5.24521e-06		50000
4	1110100111010011101		15		0		50000
5	1110100111010011101		24		0.172682		49968
5	1110100111010011101		23		0.13536		49978
5	1110100111010011101		22		0.102745		49984
5	1110100111010011101		21		0.0752389		49990
5	1110100111010011101		20		0.0527765		49992
5	1110100111010011101		19		0.0350651		49997
5	1110100111010011101		18		0.021851		49997
5	1110100111010011101		17		0.0124173		50000
5	1110100111010011101		16		0.00640386		50000
5	1110100111010011101		15		0.00290114		50000
5	1110100111010011101		14		0.00110805		50000
5	1110100111010011101		13		0.000320375		50000
5	1110100111010011101		12		6.19888e-05		50000
5	1110100111010011101		11		4.29153e-06		50000
5	1110100111010011101		10		0		50000
6	1110100111010011101		21		0.194983		49990
6	1110100111010011101		20		0.154829		49992
6	1110100111010011101		19		0.119162		49997
6	1110100111010011101		18		0.0884601		49997
6	1110100111010011101		17		0.0627382		50000
6	1110100111010011101		16		0.0421208		50000
6	1110100111010011101		15		0.0265092		50000
6	1110100111010011101		14		0.0154388		50000
6	1110100111010011101		13		0.00814253		50000
6	1110100111010011101		12		0.00382262		50000
6	1110100111010011101		11		0.00155139		50000
6	1110100111010011101		10		0.000528216		50000
6	1110100111010011101		9		0.000121117		50000
6	1110100111010011101		8		1.81198e-05		50000
6	1110100111010011101		7		0		50000
7	1110100111010011101		18		0.195737		49997
7	1110100111010011101		17		0.154274		50000
7	1110100111010011101		16		0.117285		50000
7	1110100111010011101		15		0.0855319		50000
7	1110100111010011101		14		0.0592071		50000
7	1110100111010011101		13		0.0385936		50000
7	1110100111010011101		12		0.0233373		50000
7	1110100111010011101		11		0.012889		50000
7	1110100111010011101		10		0.00635123		50000
7	1110100111010011101		9		0.00276089		50000
7	1110100111010011101		8		0.00100279		50000
7	1110100111010011101		7		0.000290811		50000
7	1110100111010011101		6		5.34058e-05		50000
7	1110100111010011101		5		5.72205e-06		50000
7	1110100111010011101		4		0		50000
8	1110100111010011101		15		0.180385		50000
8	1110100111010011101		14		0.138159		50000
8	1110100111010011101		13		0.101222		50000
8	1110100111010011101		12		0.0703388		50000
8	1110100111010011101		11		0.0457706		50000
8	1110100111010011101		10		0.027567		50000
8	1110100111010011101		9		0.0150368		50000
8	1110100111010011101		8		0.00730127		50000
8	1110100111010011101		7		0.00302523		50000
8	1110100111010011101		6		0.00101703		50000
8	1110100111010011101		5		0.000258386		50000
8	1110100111010011101		4		5.43594e-05		50000
8	1110100111010011101		3		2.86102e-06		50014
8	1110100111010011101		2		0		50667
0	111111111000111		60		0		23468
1	111111111000111		49		0		44006
2	111111111000111		42		0.19156		47803
2	111111111000111		41		0.163166		48051
2	111111111000111		40		0.11339		48477
2	111111111000111		39		0.0929637		48693
2	111111111000111		38		0.0753463		48922
2	111111111000111		37		0		49478
3	111111111000111		35		0.1601		49646
3	111111111000111		34		0.110725		49723
3	111111111000111		33		0.0858414		49783
3	111111111000111		32		0.0680868		49830
3	111111111000111		31		0.0418545		49875
3	111111111000111		30		0.0306427		49899
3	111111111000111		29		0.0217094		49914
3	111111111000111		28		0.0097993		49940
3	111111111000111		27		0.00622237		49955
3	111111111000111		26		0.00356537		49966
3	111111111000111		25		0		49978
4	111111111000111		30		0.16448		49899
4	111111111000111		29		0.131708		49914
4	111111111000111		28		0.100622		49940
4	111111111000111		27		0.0766785		49955
4	111111111000111		26		0.0570896		49966
4	111111111000111		25		0.039539		49978
4	111111111000111		24		0.0276092		49983
4	111111111000111		23		0.0186424		49987
4	111111111000111		22		0.0108163		49990
4	111111111000111		21		0.00659382		49991
4	111111111000111		20		0.00376326		49994
4	111111111000111		19		0.00140852		49996
4	111111111000111		18		0.000636399		50000
4	111111111000111		17		0.000225544		50000
4	111111111000111		16		3.8147e-05		50000
4	111111111000111		15		9.05991e-06		50000
4	111111111000111		14		4.76837e-07		50000
4	111111111000111		13		0		50000
5	111111111000111		26		0.181248		49966
5	111111111000111		25		0.147295		49978
5	111111111000111		24		0.116668		49983
5	111111111000111		23		0.0907236		49987
5	111111111000111		22		0.0686368		49990
5	111111111000111		21		0.0501763		49991
5	111111111000111		20		0.0356157		49994
5	111111111000111		19		0.0239793		49996
5	111111111000111		18		0.015535		50000
5	111111111000111		17		0.00958115		50000
5	111111111000111		16		0.00542927		50000
5	111111111000111		15		0.00292444		50000
5	111111111000111		14		0.00141138		50000
5	111111111000111		13		0.000532985		50000
5	111111111000111		12		0.000162125		50000
5	111111111000111		11		2.81334e-05		50000
5	111111111000111		10		1.90735e-06		50000
5	111111111000111		9		0		50000
6	111111111000111		22		0.174911		49990
6	111111111000111		21		0.141605		49991
6	111111111000111		20		0.11211		49994
6	111111111000111		19		0.0866039		49996
6	111111111000111		18		0.0648899		50000
6	111111111000111		17		0.0470647		50000
6	111111111000111		16		0.0329245		50000
6	111111111000111		15		0.0219159		50000
6	111111111000111		14		0.0138592		50000
6	111111111000111		13		0.00811982		50000
6	111111111000111		12		0.00433648		50000
6	111111111000111		11		0.00208825		50000
6	111111111000111		10		0.000887454		50000
6	111111111000111		9		0.000302255		50000
6	111111111000111		8		7.9155e-05		50000
6	111111111000111		7		1.43051e-05		50000
6	111111111000111		6		1.90735e-06		50007
6	111111111000111		5		9.53674e-07		50017
6	111111111000111		4		0		50053
7	111111111000111		19		0.18512		49996
7	111111111000111		18		0.150293		50000
7	111111111000111		17		0.119107		50000
7	111111111000111		16		0.0919299		50000
7	111111111000111		15		0.0688082		50000
7	111111111000111		14		0.0496476		50000
7	111111111000111		13		0.0342692		50000
7	111111111000111		12		0.0223542		50000
7	111111111000111		11		0.0136071		50000
7	111111111000111		10		0.00757766		50000
7	111111111000111		9		0.00371909		50000
7	111111111000111		8		0.00164753		50000
7	111111111000111		7		0.00061208		50000
7	111111111000111		6		0.000183105		50007
7	111111111000111		5		4.19617e-05		50017
7	111111111000111		4		9.53674e-06		50053
7	111111111000111		3		9.53674e-07		50693
7	111111111000111		2		9.53674e-07		60566
7	111111111000111		1		0		221981
8	111111111000111		16		0.178779		50000
8	111111111000111		15		0.143476		50000
8	111111111000111		14		0.112118		50000
8	111111111000111		13		0.0848811		50000
8	111111111000111		12		0.0617518		50000
8	111111111000111		11		0.0427938		50000
8	111111111000111		10		0.0278609		50000
8	111111111000111		9		0.016608		50000
8	111111111000111		8		0.00910217		50000
8	111111111000111		7		0.00438774		50000
8	111111111000111		6		0.00180084		50007
8	111111111000111		5		0.000687361		50017
8	111111111000111		4		0.000199318		50053
8	111111111000111		3		4.1008e-05		50693
8	111111111000111		2		5.72205e-06		60566
8	111111111000111		1		9.53674e-07		221981
0	1111111111111		62		0		23468
1	1111111111111		50		0		43563
2	1111111111111		41		0.197465		47809
2	1111111111111		40		0.167367		48081
2	1111111111111		39		0.140455		48313
2	1111111111111		38		0.115941		48543
2	1111111111111		37		0		49344
3	1111111111111		34		0.16904		49629
3	1111111111111		33		0.135501		49691
3	1111111111111		32		0.107485		49750
3	1111111111111		31		0.0837981		49799
3	1111111111111		30		0.0639437		49840
3	1111111111111		29		0.0481619		49875
3	1111111111111		28		0.0357499		49896
3	1111111111111		27		0.0258963		49919
3	1111111111111		26		0.0179976		49931
3	1111111111111		25		0.0116777		49945
3	1111111111111		24		0		49968
4	1111111111111		29		0.191154		49875
4	1111111111111		28		0.159448		49896
4	1111111111111		27		0.131823		49919
4	1111111111111		26		0.107527		49931
4	1111111111111		25		0.0862489		49945
4	1111111111111		24		0.0678886		49968
4	1111111111111		23		0.0503415		49974
4	1111111111111		22		0.0370066		49983
4	1111111111111		21		0.026822		49987
4	1111111111111		20		0.0190873		49988
4	1111111111111		19		0.0132641		49991
4	1111111111111		18		0.00888336		49995
4	1111111111111		17		0.00568819		49995
4	1111111111111		16		0.00349289		49997
4	1111111111111		15		0.00203162		49997
4	1111111111111		14		0.00109756		49997
4	1111111111111		13		0.000518203		49998
4	1111111111111		12		0.000193596		49998
4	1111111111111		11		0		49999
5	1111111111111		24		0.181265		49968
5	1111111111111		23		0.152426		49974
5	1111111111111		22		0.126128		49983
5	1111111111111		21		0.102659		49987
5	1111111111111		20		0.082155		49988
5	1111111111111		19		0.0646045		49991
5	1111111111111		18		0.049692		49995
5	1111111111111		17		0.0372651		49995
5	1111111111111		16		0.027427		49997
5	1111111111111		15		0.0197924		49997
5	1111111111111		14		0.0139353		49997
5	1111111111111		13		0.0095259		49998
5	1111111111111		12		0.00628632		49998
5	1111111111111		11		0.00399411		49999
5	1111111111111		10		0.00241464		49999
5	1111111111111		9		0.00141042		50000
5	1111111111111		8		0.000776947		50007
5	1111111111111		7		0.00039953		50008
5	1111111111111		6		0.000195026		50047
5	1111111111111		5		8.44002e-05		50174
5	1111111111111		4		2.95639e-05		50478
5	1111111111111		3		6.19888e-06		52352
5	1111111111111		2		4.76837e-07		59603
5	1111111111111		1		0		86269
6	1111111111111		20		0.179955		49988
6	1111111111111		19		0.151085		49991
6	1111111111111		18		0.124757		49995
6	1111111111111		17		0.101037		49995
6	1111111111111		16		0.0805106		49997
6	1111111111111		15		0.063202		49997
6	1111111111111		14		0.0486928		49997
6	1111111111111		13		0.0367591		49998
6	1111111111111		12		0.0271115		49998
6	1111111111111		11		0.0194661		49999
6	1111111111111		10		0.0136127		49999
6	1111111111111		9		0.00921082		50000
6	1111111111111		8		0.00599772		50007
6	1111111111111		7		0.00372761		50008
6	1111111111111		6		0.0022158		50047
6	1111111111111		5		0.00121808		50174
6	1111111111111		4		0.000624478		50478
6	1111111111111		3		0.000284135		52352
6	1111111111111		2		0.000106812		59603
6	1111111111111		1		2.47955e-05		86269
7	1111111111111		17		0.189736		49995
7	1111111111111		16		0.159015		49997
7	1111111111111		15		0.131441		49997
7	1111111111111		14		0.106972		49997
7	1111111111111		13		0.0855711		49998
7	1111111111111		12		0.0671309		49998
7	1111111111111		11		0.0515851		49999
7	1111111111111		10		0.0387257		49999
7	1111111111111		9		0.0283235		50000
7	1111111111111		8		0.0200878		50007
7	1111111111111		7		0.0137368		50008
7	1111111111111		6		0.00898403		50047
7	1111111111111		5		0.00557864		50174
7	1111111111111		4		0.00322866		50478
7	1111111111111		3		0.00170469		52352
7	1111111111111		2		0.000793159		59603
7	1111111111111		1		0.000279367		86269
8	1111111111111		14		0.184285		49997
8	1111111111111		13		0.153519		49998
8	1111111111111		12		0.125769		49998
8	1111111111111		11		0.10115		49999
8	1111111111111		10		0.0797737		49999
8	1111111111111		9		0.0614448		50000
8	1111111111111		8		0.0461009		50007
8	1111111111111		7		0.0335146		50008
8	1111111111111		6		0.0234705		50047
8	1111111111111		5		0.0157402		50174
8	1111111111111		4		0.00994664		50478
8	1111111111111		3		0.00578344		52352
8	1111111111111		2		0.00297201		59603
8	1111111111111		1		0.00123805		86269
0	110101111001100010111		54		0		23468
1	110101111001100010111		42		0		44953
2	110101111001100010111		36		0.155114		48092
2	110101111001100010111		35		0.117431		48424
2	110101111001100010111		34		0.0833289		48768
2	110101111001100010111		33		0.0597056		49038
2	110101111001100010111		32		0.0376119		49254
2	110101111001100010111		31		0.0188579		49464
2	110101111001100010111		30		0.0125663		49578
2	110101111001100010111		29		0		49734
3	110101111001100010111		30		0.156769		49578
3	110101111001100010111		29		0.118707		49734
3	110101111001100010111		28		0.0861639		49789
3	110101111001100010111		27		0.0597554		49827
3	110101111001100010111		26		0.0412197		49873
3	110101111001100010111		25		0.0263117		49904
3	110101111001100010111		24		0.0162262		49924
3	110101111001100010111		23		0.00807536		49951
3	110101111001100010111		22		0.00319564		49965
3	110101111001100010111		21		0.000660658		49972
3	110101111001100010111		20		0.000179529		49981
3	110101111001100010111		19		0		49985
4	110101111001100010111		26		0.191752		49873
4	110101111001100010111		25		0.151915		49904
4	110101111001100010111		24		0.117281		49924
4	110101111001100010111		23		0.0874559		49951
4	110101111001100010111		22		0.0620685		49965
4	110101111001100010111		21		0.0411922		49972
4	110101111001100010111		20		0.0254939		49981
4	110101111001100010111		19		0.0146747		49985
4	110101111001100010111		18		0.00773239		49991
4	110101111001100010111		17		0.00350147		49994
4	110101111001100010111		16		0.00129044		49996
4	110101111001100010111		15		0.000379026		49998
4	110101111001100010111		14		8.4877e-05		49998
4	110101111001100010111		13		9.05991e-06		50000
4	110101111001100010111		12		1.43051e-06		50000
4	110101111001100010111		11		0		50000
5	110101111001100010111		22		0.196437		49965
5	110101111001100010111		21		0.156002		49972
5	110101111001100010111		20		0.119423		49981
5	110101111001100010111		19		0.0878335		49985
5	110101111001100010111		18		0.0616292		49991
5	110101111001100010111		17		0.0406741		49994
5	110101111001100010111		16		0.0248167		49996
5	110101111001100010111		15		0.0137435		49998
5	110101111001100010111		14		0.00690877		49998
5	110101111001100010111		13		0.00308418		50000
5	110101111001100010111		12		0.00119042		50000
5	110101111001100010111		11		0.000386178		50000
5	110101111001100010111		10		9.34601e-05		50000
5	110101111001100010111		9		1.43051e-05		50000
5	110101111001100010111		8		4.76837e-07		50000
5	110101111001100010111		7		0		50000
6	110101111001100010111		18		0.171989		49991
6	110101111001100010111		17		0.132353		49994
6	110101111001100010111		16		0.0975182		49996
6	110101111001100010111		15		0.0679944		49998
6	110101111001100010111		14		0.0443845		49998
6	110101111001100010111		13		0.0267589		50000
6	110101111001100010111		12		0.0147616		50000
6	110101111001100010111		11		0.0072965		50000
6	110101111001100010111		10		0.00314409		50000
6	110101111001100010111		9		0.00114471		50000
6	110101111001100010111		8		0.00033468		50000
6	110101111001100010111		7		7.15256e-05		50000
6	110101111001100010111		6		1.33514e-05		50000
6	110101111001100010111		5		1.90735e-06		50000
6	110101111001100010111		4		0		50000
7	110101111001100010111		15		0.163682		49998
7	110101111001100010111		14		0.12266		49998
7	110101111001100010111		13		0.0871221		50000
7	110101111001100010111		12		0.0579762		50000
7	110101111001100010111		11		0.0357812		50000
7	110101111001100010111		10		0.0201607		50000
7	110101111001100010111		9		0.010126		50000
7	110101111001100010111		8		0.00441432		50000
7	110101111001100010111		7		0.00161803		50000
7	110101111001100010111		6		0.000472903		50000
7	110101111001100010111		5		9.34601e-05		50000
7	110101111001100010111		4		9.53674e-06		50000
7	110101111001100010111		3		0		50000
8	110101111001100010111		13		0.186118		50000
8	110101111001100010111		12		0.139006		50000
8	110101111001100010111		11		0.098074		50000
8	110101111001100010111		10		0.0645313		50000
8	110101111001100010111		9		0.0389677		50000
8	110101111001100010111		8		0.021147		50000
8	110101111001100010111		7		0.00995886		50000
8	110101111001100010111		6		0.00397652		50000
8	110101111001100010111		5		0.00120568		50000
8	110101111001100010111		4		0.000272691		50000
8	110101111001100010111		3		4.19617e-05		50000
8	110101111001100010111		2		2.86102e-06		50016
8	110101111001100010111		1		0		90686
0	11111111110000111		58		0		23468
1	11111111110000111		46		0		44465
2	11111111110000111		39		0.165661		48036
2	11111111110000111		38		0.141013		48284
2	11111111110000111		37		0.118749		48504
2	11111111110000111		36		0.0735518		48890
2	11111111110000111		35		0.0597252		49078
2	11111111110000111		34		0.0475274		49228
2	11111111110000111		33		0		49598
3	11111111110000111		33		0.183297		49598
3	11111111110000111		32		0.146442		49680
3	11111111110000111		31		0.113886		49741
3	11111111110000111		30		0.0800709		49801
3	11111111110000111		29		0.059392		49845
3	11111111110000111		28		0.0464804		49873
3	11111111110000111		27		0.0340769		49899
3	11111111110000111		26		0.0192209		49926
3	11111111110000111		25		0.0132731		49941
3	11111111110000111		24		0.00858963		49958
3	11111111110000111		23		0.00263393		49968
3	11111111110000111		22		0.00142282		49978
3	11111111110000111		21		0.000614226		49983
3	11111111110000111		20		0		49986
4	11111111110000111		28		0.186749		49873
4	11111111110000111		27		0.153361		49899
4	11111111110000111		26		0.122218		49926
4	11111111110000111		25		0.0959392		49941
4	11111111110000111		24		0.0733325		49958
4	11111111110000111		23		0.0527851		49968
4	11111111110000111		22		0.0380154		49978
4	11111111110000111		21		0.0264939		49983
4	11111111110000111		20		0.0173585		49986
4	11111111110000111		19		0.0109597		49989
4	11111111110000111		18		0.00681216		49990
4	11111111110000111		17		0.00378227		49995
4	11111111110000111		16		0.00151092		49999
4	11111111110000111		15		0.00060302		49999
4	11111111110000111		14		0.000150204		49999
4	11111111110000111		13		7.15256e-06		50000
4	11111111110000111		12		0		50000
5	11111111110000111		23		0.166634		49968
5	11111111110000111		22		0.134234		49978
5	11111111110000111		21		0.106074		49983
5	11111111110000111		20		0.0820329		49986
5	11111111110000111		19		0.0616015		49989
5	11111111110000111		18		0.0450277		49990
5	11111111110000111		17		0.0317414		49995
5	11111111110000111		16		0.0210368		49999
5	11111111110000111		15		0.0131846		49999
5	11111111110000111		14		0.00766379		49999
5	11111111110000111		13		0.00413513		50000
5	11111111110000111		12		0.00205547		50000
5	11111111110000111		11		0.000927985		50000
5	11111111110000111		10		0.000313699		50000
5	11111111110000111		9		7.20024e-05		50000
5	11111111110000111		8		1.00136e-05		50000
5	11111111110000111		7		1.90735e-06		50000
5	11111111110000111		6		0		50000
6	11111111110000111		20		0.191126		49986
6	11111111110000111		19		0.156659		49989
6	11111111110000111		18		0.125763		49990
6	11111111110000111		17		0.0985479		49995
6	11111111110000111		16		0.075033		49999
6	11111111110000111		15		0.0550664		49999
6	11111111110000111		14		0.0386432		49999
6	11111111110000111		13		0.0257003		50000
6	11111111110000111		12		0.0160545		50000
6	11111111110000111		11		0.00945646		50000
6	11111111110000111		10		0.00506926		50000
6	11111111110000111		9		0.00240415		50000
6	11111111110000111		8		0.000991344		50000
6	11111111110000111		7		0.000374734		50000
6	11111111110000111		6		0.000109673		50000
6	11111111110000111		5		2.86102e-05		50000
6	11111111110000111		4		5.72205e-06		50017
6	11111111110000111		3		1.90735e-06		50157
6	11111111110000111		2		0		52632
7	11111111110000111		17		0.197807		49995
7	11111111110000111		16		0.161813		49999
7	11111111110000111		15		0.129202		49999
7	11111111110000111		14		0.100066		49999
7	11111111110000111		13		0.0746871		50000
7	11111111110000111		12		0.0531901		50000
7	11111111110000111		11		0.0361875		50000
7	11111111110000111		10		0.0231659		50000
7	11111111110000111		9		0.0136456		50000
7	11111111110000111		8		0.00725013		50000
7	11111111110000111		7		0.00357652		50000
7	11111111110000111		6		0.00154662		50000
7	11111111110000111		5		0.000567257		50000
7	11111111110000111		4		0.000175476		50017
7	11111111110000111		3		5.24521e-05		50157
7	11111111110000111		2		9.53674e-06		52632
7	11111111110000111		1		9.53674e-07		91141
8	11111111110000111		14		0.187861		49999
8	11111111110000111		13		0.150549		50000
8	11111111110000111		12		0.11662		50000
8	11111111110000111		11		0.0870376		50000
8	11111111110000111		10		0.0619397		50000
8	11111111110000111		9		0.0414692		50000
8	11111111110000111		8		0.0254809		50000
8	11111111110000111		7		0.0147428		50000
8	11111111110000111		6		0.00762874		50000
8	11111111110000111		5		0.00346345		50000
8	11111111110000111		4		0.00134188		50017
8	11111111110000111		3		0.000506282		50157
8	11111111110000111		2		0.00014019		52632
8	11111111110000111		1		2.19345e-05		91141
0	11111111111111		61		0		23468
1	11111111111111		48		0		43803
2	11111111111111		39		0.193179		47862
2	11111111111111		38		0.164311		48127
2	11111111111111		37		0.13851		48342
2	11111111111111		36		0.115027		48569
2	11111111111111		35		0.0937133		48764
2	11111111111111		34		0		49432
3	11111111111111		32		0.182732		49613
3	11111111111111		31		0.147778		49673
3	11111111111111		30		0.118397		49738
3	11111111111111		29		0.09337		49787
3	11111111111111		28		0.0723578		49828
3	11111111111111		27		0.0555959		49862
3	11111111111111		26		0.0423201		49887
3	11111111111111		25		0.0317144		49908
3	11111111111111		24		0.0231997		49926
3	11111111111111		23		0.0163904		49937
3	11111111111111		22		0.0109663		49949
3	11111111111111		21		0.0067243		49960
3	11111111111111		20		0		49978
4	11111111111111		27		0.199821		49862
4	11111111111111		26		0.168274		49887
4	11111111111111		25		0.140591		49908
4	11111111111111		24		0.116175		49926
4	11111111111111		23		0.0947931		49937
4	11111111111111		22		0.0762094		49949
4	11111111111111		21		0.0602303		49960
4	11111111111111		20		0.0467747		49978
4	11111111111111		19		0.0344722		49984
4	11111111111111		18		0.0250719		49986
4	11111111111111		17		0.0179178		49989
4	11111111111111		16		0.0125185		49992
4	11111111111111		15		0.008448		49995
4	11111111111111		14		0.00547147		49996
4	11111111111111		13		0.00342637		49997
4	11111111111111		12		0.00205547		49997
4	11111111111111		11		0.00117183		49997
4	11111111111111		10		0.000611603		49997
4	11111111111111		9		0.000285566		49999
4	11111111111111		8		0.000104427		50000
4	11111111111111		7		2.52724e-05		50007
4	11111111111111		6		0		50008
5	11111111111111		22		0.188769		49949
5	11111111111111		21		0.160118		49960
5	11111111111111		20		0.134357		49978
5	11111111111111		19		0.111434		49984
5	11111111111111		18		0.0908267		49986
5	11111111111111		17		0.0727693		49989
5	11111111111111		16		0.0572402		49992
5	11111111111111		15		0.0439346		49995
5	11111111111111		14		0.032877		49996
5	11111111111111		13		0.0241101		49997
5	11111111111111		12		0.0173336		49997
5	11111111111111		11		0.0121394		49997
5	11111111111111		10		0.00825363		49997
5	11111111111111		9		0.00539845		49999
5	11111111111111		8		0.00339884		50000
5	11111111111111		7		0.00202596		50007
5	11111111111111		6		0.00113803		50008
5	11111111111111		5		0.000593007		50047
5	11111111111111		4		0.000280321		50174
5	11111111111111		3		0.000123024		50478
5	11111111111111		2		4.19617e-05		52352
5	11111111111111		1		9.05991e-06		59603
6	11111111111111		18		0.185986		49986
6	11111111111111		17		0.157768		49989
6	11111111111111		16		0.132011		49992
6	11111111111111		15		0.108417		49995
6	11111111111111		14		0.0872692		49996
6	11111111111111		13		0.0690666		49997
6	11111111111111		12		0.0537408		49997
6	11111111111111		11		0.0409408		49997
6	11111111111111		10		0.0305144		49997
6	11111111111111		9		0.0221099		49999
6	11111111111111		8		0.0155956		50000
6	11111111111111		7		0.0105649		50007
6	11111111111111		6		0.00686944		50008
6	11111111111111		5		0.00424528		50047
6	11111111111111		4		0.0024308		50174
6	11111111111111		3		0.00129616		50478
6	11111111111111		2		0.000593007		52352
6	11111111111111		1		0.000212669		59603
7	11111111111111		15		0.194383		49995
7	11111111111111		14		0.163866		49996
7	11111111111111		13		0.136084		49997
7	11111111111111		12		0.111312		49997
7	11111111111111		11		0.0894653		49997
7	11111111111111		10		0.070455		49997
7	11111111111111		9		0.0542712		49999
7	11111111111111		8		0.0407834		50000
7	11111111111111		7		0.029731		50007
7	11111111111111		6		0.0209126		50008
7	11111111111111		5		0.0141008		50047
7	11111111111111		4		0.00899065		50174
7	11111111111111		3		0.00531685		50478
7	11111111111111		2		0.00278658		52352
7	11111111111111		1		0.00119233		59603
8	11111111111111		12		0.185417		49997
8	11111111111111		11		0.15475		49997
8	11111111111111		10		0.126906		49997
8	11111111111111		9		0.102037		49999
8	11111111111111		8		0.0802124		50000
8	11111111111111		7		0.0614412		50007
8	11111111111111		6		0.0456395		50008
8	11111111111111		5		0.0326054		50047
8	11111111111111		4		0.0221956		50174
8	11111111111111		3		0.0141374		50478
8	11111111111111		2		0.00815576		52352
8	11111111111111		1		0.00397176		59603
0	1111011010001110011011		53		0		23468
1	1111011010001110011011		40		0		45211
2	1111011010001110011011		35		0.199342		47726
2	1111011010001110011011		34		0.164303		48064
2	1111011010001110011011		33		0.11213		48464
2	1111011010001110011011		32		0.0770328		48842
2	1111011010001110011011		31		0.0596745		49040
2	1111011010001110011011		30		0.0362861		49284
2	1111011010001110011011		29		0.0207314		49454
2	1111011010001110011011		28		0.0121088		49592
2	1111011010001110011011		27		0.00752348		49680
2	1111011010001110011011		26		0		49777
3	1111011010001110011011		29		0.198542		49454
3	1111011010001110011011		28		0.157759		49592
3	1111011010001110011011		27		0.121828		49680
3	1111011010001110011011		26		0.0908784		49777
3	1111011010001110011011		25		0.0635887		49823
3	1111011010001110011011		24		0.0434716		49861
3	1111011010001110011011		23		0.0282176		49887
3	1111011010001110011011		22		0.0161359		49918
3	1111011010001110011011		21		0.00911063		49949
3	1111011010001110011011		20		0.00434262		49963
3	1111011010001110011011		19		0.0017404		49969
3	1111011010001110011011		18		0.000343978		49976
3	1111011010001110011011		17		6.1512e-05		49981
3	1111011010001110011011		16		4.29153e-06		49989
3	1111011010001110011011		15		0		49992
4	1111011010001110011011		24		0.193369		49861
4	1111011010001110011011		23		0.153905		49887
4	1111011010001110011011		22		0.119103		49918
4	1111011010001110011011		21		0.0885909		49949
4	1111011010001110011011		20		0.0628548		49963
4	1111011010001110011011		19		0.0426514		49969
4	1111011010001110011011		18		0.0271245		49976
4	1111011010001110011011		17		0.0155463		49981
4	1111011010001110011011		16		0.00780147		49989
4	1111011010001110011011		15		0.00349909		49992
4	1111011010001110011011		14		0.00145042		49996
4	1111011010001110011011		13		0.000541568		49997
4	1111011010001110011011		12		0.000165462		49999
4	1111011010001110011011		11		3.38554e-05		50000
4	1111011010001110011011		10		3.33786e-06		50000
4	1111011010001110011011		9		0		50000
5	1111011010001110011011		20		0.195042		49963
5	1111011010001110011011		19		0.15458		49969
5	1111011010001110011011		18		0.118481		49976
5	1111011010001110011011		17		0.0872518		49981
5	1111011010001110011011		16		0.0608418		49989
5	1111011010001110011011		15		0.0394666		49992
5	1111011010001110011011		14		0.0236311		49996
5	1111011010001110011011		13		0.012889		49997
5	1111011010001110011011		12		0.00638109		49999
5	1111011010001110011011		11		0.00276375		50000
5	1111011010001110011011		10		0.00102895		50000
5	1111011010001110011011		9		0.000338972		50000
5	1111011010001110011011		8		8.05855e-05		50000
5	1111011010001110011011		7		1.38283e-05		50000
5	1111011010001110011011		6		3.33786e-06		50000
5	1111011010001110011011		5		0		50000
6	1111011010001110011011		16		0.166868		49989
6	1111011010001110011011		15		0.127239		49992
6	1111011010001110011011		14		0.0922164		49996
6	1111011010001110011011		13		0.0629527		49997
6	1111011010001110011011		12		0.0398847		49999
6	1111011010001110011011		11		0.0232022		50000
6	1111011010001110011011		10		0.0122685		50000
6	1111011010001110011011		9		0.00569999		50000
6	1111011010001110011011		8		0.0022729		50000
6	1111011010001110011011		7		0.000728369		50000
6	1111011010001110011011		6		0.000163078		50000
6	1111011010001110011011		5		2.76566e-05		50000
6	1111011010001110011011		4		1.90735e-06		50000
6	1111011010001110011011		3		9.53674e-07		50000
6	1111011010001110011011		2		0		50000
7	1111011010001110011011		14		0.198243		49996
7	1111011010001110011011		13		0.152492		49997
7	1111011010001110011011		12		0.111496		49999
7	1111011010001110011011		11		0.0767577		50000
7	1111011010001110011011		10		0.0490537		50000
7	1111011010001110011011		9		0.028682		50000
7	1111011010001110011011		8		0.0149448		50000
7	1111011010001110011011		7		0.0067302		50000
7	1111011010001110011011		6		0.00253069		50000
7	1111011010001110011011		5		0.000784576		50000
7	1111011010001110011011		4		0.000178337		50000
7	1111011010001110011011		3		2.57492e-05		50000
7	1111011010001110011011		2		2.86102e-06		50000
7	1111011010001110011011		1		0		59686
8	1111011010001110011011		11		0.167454		50000
8	1111011010001110011011		10		0.120773		50000
8	1111011010001110011011		9		0.0814904		50000
8	1111011010001110011011		8		0.050386		50000
8	1111011010001110011011		7		0.027924		50000
8	1111011010001110011011		6		0.0132627		50000
8	1111011010001110011011		5		0.0051831		50000
8	1111011010001110011011		4		0.00155425		50000
8	1111011010001110011011		3		0.00031656		50000
8	1111011010001110011011		2		4.48227e-05		50000
8	1111011010001110011011		1		9.53674e-07		59686
0	11101110110001110110001		52		0		23468
1	11101110110001110110001		39		0		45631
2	11101110110001110110001		34		0.176624		48020
2	11101110110001110110001		33		0.128799		48426
2	11101110110001110110001		32		0.104342		48662
2	11101110110001110110001		31		0.071027		49000
2	11101110110001110110001		30		0.0574031		49158
2	11101110110001110110001		29		0.0403888		49354
2	11101110110001110110001		28		0.0224782		49528
2	11101110110001110110001		27		0.0142179		49625
2	11101110110001110110001		26		0.00523788		49731
2	11101110110001110110001		25		0		49812
3	11101110110001110110001		28		0.165442		49528
3	11101110110001110110001		27		0.13171		49625
3	11101110110001110110001		26		0.101737		49731
3	11101110110001110110001		25		0.0746869		49812
3	11101110110001110110001		24		0.054113		49844
3	11101110110001110110001		23		0.0377684		49877
3	11101110110001110110001		22		0.0256385		49903
3	11101110110001110110001		21		0.0161796		49930
3	11101110110001110110001		20		0.00942338		49950
3	11101110110001110110001		19		0.00521559		49961
3	11101110110001110110001		18		0.00217938		49973
3	11101110110001110110001		17		0.000772417		49983
3	11101110110001110110001		16		0.000161648		49986
3	11101110110001110110001		15		2.28882e-05		49992
3	11101110110001110110001		14		0		49996
4	11101110110001110110001		24		0.19244		49844
4	11101110110001110110001		23		0.155581		49877
4	11101110110001110110001		22		0.12307		49903
4	11101110110001110110001		21		0.0949895		49930
4	11101110110001110110001		20		0.0709141		49950
4	11101110110001110110001		19		0.0510622		49961
4	11101110110001110110001		18		0.0351801		49973
4	11101110110001110110001		17		0.022851		49983
4	11101110110001110110001		16		0.0140327		49986
4	11101110110001110110001		15		0.00796324		49992
4	11101110110001110110001		14		0.00414556		49996
4	11101110110001110110001		13		0.00190413		49997
4	11101110110001110110001		12		0.000806987		49997
4	11101110110001110110001		11		0.00029701		49999
4	11101110110001110110001		10		8.7738e-05		50000
4	11101110110001110110001		9		1.90735e-05		50000
4	11101110110001110110001		8		2.38419e-06		50000
4	11101110110001110110001		7		0		50000
5	11101110110001110110001		20		0.1914		49950
5	11101110110001110110001		19		0.154331		49961
5	11101110110001110110001		18		0.121011		49973
5	11101110110001110110001		17		0.0919848		49983
5	11101110110001110110001		16		0.0673018		49986
5	11101110110001110110001		15		0.047087		49992
5	11101110110001110110001		14		0.031251		49996
5	11101110110001110110001		13		0.0194839		49997
5	11101110110001110110001		12		0.011294		49997
5	11101110110001110110001		11		0.0060764		49999
5	11101110110001110110001		10		0.00297767		50000
5	11101110110001110110001		9		0.0013395		50000
5	11101110110001110110001		8		0.00050962		50000
5	11101110110001110110001		7		0.000169277		50000
5	11101110110001110110001		6		3.95775e-05		50000
5	11101110110001110110001		5		6.67572e-06		50000
5	11101110110001110110001		4		9.53674e-07		50000
5	11101110110001110110001		3		0		50000
6	11101110110001110110001		16		0.164748		49986
6	11101110110001110110001		15		0.128368		49992
6	11101110110001110110001		14		0.0964357		49996
6	11101110110001110110001		13		0.0692175		49997
6	11101110110001110110001		12		0.047241		49997
6	11101110110001110110001		11		0.0303258		49999
6	11101110110001110110001		10		0.0181935		50000
6	11101110110001110110001		9		0.0100392		50000
6	11101110110001110110001		8		0.00506735		50000
6	11101110110001110110001		7		0.00224626		50000
6	11101110110001110110001		6		0.000877976		50000
6	11101110110001110110001		5		0.000245988		50000
6	11101110110001110110001		4		4.86374e-05		50000
6	11101110110001110110001		3		1.14441e-05		50000
6	11101110110001110110001		2		9.53674e-07		50006
6	11101110110001110110001		1		0		59958
7	11101110110001110110001		14		0.194002		49996
7	11101110110001110110001		13		0.152153		49997
7	11101110110001110110001		12		0.114694		49997
7	11101110110001110110001		11		0.0823939		49999
7	11101110110001110110001		10		0.056049		50000
7	11101110110001110110001		9		0.0356469		50000
7	11101110110001110110001		8		0.0209285		50000
7	11101110110001110110001		7		0.0112516		50000
7	11101110110001110110001		6		0.00532258		50000
7	11101110110001110110001		5		0.00214154		50000
7	11101110110001110110001		4		0.000674009		50000
7	11101110110001110110001		3		0.000159264		50000
7	11101110110001110110001		2		2.28882e-05		50006
7	11101110110001110110001		1		9.53674e-07		59958
8	11101110110001110110001		11		0.166997		49999
8	11101110110001110110001		10		0.124142		50000
8	11101110110001110110001		9		0.0873353		50000
8	11101110110001110110001		8		0.0575701		50000
8	11101110110001110110001		7		0.0350747		50000
8	11101110110001110110001		6		0.0193642		50000
8	11101110110001110110001		5		0.00923824		50000
8	11101110110001110110001		4		0.00359935		50000
8	11101110110001110110001		3		0.00106376		50000
8	11101110110001110110001		2		0.000201225		50006
8	11101110110001110110001		1		1.33514e-05		59958
0	1111111111100000111		56		0		23468
1	1111111111100000111		43		0		44915
2	1111111111100000111		37		0.183117		47907
2	1111111111100000111		36		0.157341		48186
2	1111111111100000111		35		0.121223		48480
2	1111111111100000111		34		0.102536		48681
2	1111111111100000111		33		0.0860572		48873
2	1111111111100000111		32		0.0460005		49224
2	1111111111100000111		31		0.0361969		49357
2	1111111111100000111		30		0.0274574		49482
2	1111111111100000111		29		0		49719
3	1111111111100000111		30		0.172071		49482
3	1111111111100000111		29		0.127802		49719
3	1111111111100000111		28		0.100101		49765
3	1111111111100000111		27		0.0770524		49817
3	1111111111100000111		26		0.0550112		49851
3	1111111111100000111		25		0.0423884		49880
3	1111111111100000111		24		0.0304092		49910
3	1111111111100000111		23		0.0219639		49932
3	1111111111100000111		22		0.0151955		49948
3	1111111111100000111		21		0.00694638		49963
3	1111111111100000111		20		0.00409907		49975
3	1111111111100000111		19		0.00200975		49980
3	1111111111100000111		18		0.000211716		49984
3	1111111111100000111		17		5.05447e-05		49989
3	1111111111100000111		16		3.09944e-06		49991
3	1111111111100000111		15		0		49992
4	1111111111100000111		25		0.167171		49880
4	1111111111100000111		24		0.136677		49910
4	1111111111100000111		23		0.11013		49932
4	1111111111100000111		22		0.0873833		49948
4	1111111111100000111		21		0.06562		49963
4	1111111111100000111		20		0.0482013		49975
4	1111111111100000111		19		0.0340177		49980
4	1111111111100000111		18		0.0220483		49984
4	1111111111100000111		17		0.0145656		49989
4	1111111111100000111		16		0.00929302		49991
4	1111111111100000111		15		0.00565404		49992
4	1111111111100000111		14		0.00317973		49994
4	1111111111100000111		13		0.00132996		49997
4	1111111111100000111		12		0.000467658		49998
4	1111111111100000111		11		9.53674e-05		50000
4	1111111111100000111		10		0		50000
5	1111111111100000111		21		0.180014		49963
5	1111111111100000111		20		0.147281		49975
5	1111111111100000111		19		0.117808		49980
5	1111111111100000111		18		0.0916947		49984
5	1111111111100000111		17		0.0691145		49989
5	1111111111100000111		16		0.0507545		49991
5	1111111111100000111		15		0.0361145		49992
5	1111111111100000111		14		0.0248297		49994
5	1111111111100000111		13		0.0158579		49997
5	1111111111100000111		12		0.00928545		49998
5	1111111111100000111		11		0.00500184		50000
5	1111111111100000111		10		0.00246316		50000
5	1111111111100000111		9		0.00121284		50000
5	1111111111100000111		8		0.000535369		50000
5	1111111111100000111		7		0.000178337		50000
5	1111111111100000111		6		5.76973e-05		50000
5	1111111111100000111		5		9.53674e-06		50000
5	1111111111100000111		4		1.43051e-06		50004
5	1111111111100000111		3		0		50029
6	1111111111100000111		17		0.165529		49989
6	1111111111100000111		16		0.133069		49991
6	1111111111100000111		15		0.104166		49992
6	1111111111100000111		14		0.0794243		49994
6	1111111111100000111		13		0.0582951		49997
6	1111111111100000111		12		0.0406023		49998
6	1111111111100000111		11		0.0267014		50000
6	1111111111100000111		10		0.0162525		50000
6	1111111111100000111		9		0.00952917		50000
6	1111111111100000111		8		0.00519067		50000
6	1111111111100000111		7		0.00249457		50000
6	1111111111100000111		6		0.00116092		50000
6	1111111111100000111		5		0.000444293		50000
6	1111111111100000111		4		0.000150681		50004
6	1111111111100000111		3		3.91006e-05		50029
6	1111111111100000111		2		6.67572e-06		50614
6	1111111111100000111		1		9.53674e-07		60189
7	1111111111100000111		14		0.164722		49994
7	1111111111100000111		13		0.13076		49997
7	1111111111100000111		12		0.100065		49998
7	1111111111100000111		11		0.0735348		50000
7	1111111111100000111		10		0.0508106		50000
7	1111111111100000111		9		0.0337312		50000
7	1111111111100000111		8		0.0210405		50000
7	1111111111100000111		7		0.0120047		50000
7	1111111111100000111		6		0.00636548		50000
7	1111111111100000111		5		0.0029254		50000
7	1111111111100000111		4		0.00129902		50004
7	1111111111100000111		3		0.000491977		50029
7	1111111111100000111		2		0.000127792		50614
7	1111111111100000111		1		2.86102e-05		60189
8	1111111111100000111		12		0.186562		49998
8	1111111111100000111		11		0.147282		50000
8	1111111111100000111		10		0.110744		50000
8	1111111111100000111		9		0.0804483		50000
8	1111111111100000111		8		0.0553466		50000
8	1111111111100000111		7		0.0351888		50000
8	1111111111100000111		6		0.0210312		50000
8	1111111111100000111		5		0.0109168		50000
8	1111111111100000111		4		0.00557578		50004
8	1111111111100000111		3		0.00242889		50029
8	1111111111100000111		2		0.00081408		50614
8	1111111111100000111		1		0.00023365		60189
