errors	shape		t		lossrate	PM

0	1111111111		62		0		24248
1	1111111111		53		0		43497
2	1111111111		44		0.191256		47945
2	1111111111		43		0		49211
3	1111111111		39		0.174226		49629
3	1111111111		38		0.135174		49699
3	1111111111		37		0.10313		49752
3	1111111111		36		0.0767211		49804
3	1111111111		35		0.0549819		49854
3	1111111111		34		0.0377138		49889
3	1111111111		33		0		49952
4	1111111111		34		0.193238		49889
4	1111111111		33		0.155053		49952
4	1111111111		32		0.113483		49971
4	1111111111		31		0.0819423		49976
4	1111111111		30		0.0583054		49982
4	1111111111		29		0.0409147		49990
4	1111111111		28		0.0281251		49995
4	1111111111		27		0.0186756		49995
4	1111111111		26		0.0117583		49996
4	1111111111		25		0.00679034		49996
4	1111111111		24		0.00342494		49996
4	1111111111		23		0		49999
5	1111111111		29		0.165026		49990
5	1111111111		28		0.131056		49995
5	1111111111		27		0.102143		49995
5	1111111111		26		0.0778955		49996
5	1111111111		25		0.0576622		49996
5	1111111111		24		0.0413412		49996
5	1111111111		23		0.0287853		49999
5	1111111111		22		0.0187426		49999
5	1111111111		21		0.0119222		49999
5	1111111111		20		0.00736988		49999
5	1111111111		19		0.00442052		50000
5	1111111111		18		0.0025388		50000
5	1111111111		17		0.00136232		50000
5	1111111111		16		0.000662565		50000
5	1111111111		15		0.000272691		50000
5	1111111111		14		8.15392e-05		50000
5	1111111111		13		0		50000
6	1111111111		26		0.19808		49996
6	1111111111		25		0.16116		49996
6	1111111111		24		0.128302		49996
6	1111111111		23		0.100314		49999
6	1111111111		22		0.07705		49999
6	1111111111		21		0.0576366		49999
6	1111111111		20		0.0420157		49999
6	1111111111		19		0.0298799		50000
6	1111111111		18		0.0207165		50000
6	1111111111		17		0.0139409		50000
6	1111111111		16		0.00904638		50000
6	1111111111		15		0.00561845		50000
6	1111111111		14		0.00332659		50000
6	1111111111		13		0.00186461		50000
6	1111111111		12		0.000989437		50000
6	1111111111		11		0.000496745		50006
6	1111111111		10		0.000235558		50006
6	1111111111		9		0.000102997		50043
6	1111111111		8		3.52859e-05		50163
6	1111111111		7		1.33514e-05		50471
6	1111111111		6		1.90735e-06		52220
6	1111111111		5		0		59308
7	1111111111		22		0.172275		49999
7	1111111111		21		0.139422		49999
7	1111111111		20		0.110616		49999
7	1111111111		19		0.0860184		50000
7	1111111111		18		0.06553		50000
7	1111111111		17		0.0487862		50000
7	1111111111		16		0.0353912		50000
7	1111111111		15		0.024925		50000
7	1111111111		14		0.017029		50000
7	1111111111		13		0.0112582		50000
7	1111111111		12		0.00720185		50000
7	1111111111		11		0.0044257		50006
7	1111111111		10		0.00259537		50006
7	1111111111		9		0.0014419		50043
7	1111111111		8		0.000758827		50163
7	1111111111		7		0.000372827		50471
7	1111111111		6		0.000170708		52220
7	1111111111		5		6.29425e-05		59308
7	1111111111		4		2.09808e-05		85189
7	1111111111		3		2.86102e-06		189504
7	1111111111		2		9.53674e-07		610650
7	1111111111		1		0		2316343
8	1111111111		19		0.170418		50000
8	1111111111		18		0.137837		50000
8	1111111111		17		0.109384		50000
8	1111111111		16		0.0849893		50000
8	1111111111		15		0.0644814		50000
8	1111111111		14		0.0476934		50000
8	1111111111		13		0.0343926		50000
8	1111111111		12		0.024125		50000
8	1111111111		11		0.0163792		50006
8	1111111111		10		0.0107139		50006
8	1111111111		9		0.00673211		50043
8	1111111111		8		0.00404114		50163
8	1111111111		7		0.00228429		50471
8	1111111111		6		0.0012095		52220
8	1111111111		5		0.000594914		59308
8	1111111111		4		0.000256479		85189
8	1111111111		3		0.000104904		189504
8	1111111111		2		3.43323e-05		610650
8	1111111111		1		1.14441e-05		2316343
0	111001001010011101		54		0		24248
1	111001001010011101		45		0		44771
2	111001001010011101		40		0.198382		47778
2	111001001010011101		39		0.125266		48364
2	111001001010011101		38		0.0730872		48817
2	111001001010011101		37		0.0487131		49083
2	111001001010011101		36		0.029969		49297
2	111001001010011101		35		0		49576
3	111001001010011101		34		0.145196		49671
3	111001001010011101		33		0.100998		49756
3	111001001010011101		32		0.0641985		49828
3	111001001010011101		31		0.0382234		49874
3	111001001010011101		30		0.0224043		49915
3	111001001010011101		29		0.00902444		49943
3	111001001010011101		28		0.00296891		49964
3	111001001010011101		27		0.000598967		49974
3	111001001010011101		26		1.7643e-05		49985
3	111001001010011101		25		0		49993
4	111001001010011101		30		0.170113		49915
4	111001001010011101		29		0.124119		49943
4	111001001010011101		28		0.0857874		49964
4	111001001010011101		27		0.0564069		49974
4	111001001010011101		26		0.0342149		49985
4	111001001010011101		25		0.0186775		49993
4	111001001010011101		24		0.00921696		49996
4	111001001010011101		23		0.00366539		49998
4	111001001010011101		22		0.00117278		49999
4	111001001010011101		21		0.000275552		49999
4	111001001010011101		20		3.48091e-05		49999
4	111001001010011101		19		1.90735e-06		50000
4	111001001010011101		18		0		50000
5	111001001010011101		26		0.163536		49985
5	111001001010011101		25		0.119977		49993
5	111001001010011101		24		0.0838323		49996
5	111001001010011101		23		0.0553115		49998
5	111001001010011101		22		0.0337966		49999
5	111001001010011101		21		0.0189732		49999
5	111001001010011101		20		0.00948715		49999
5	111001001010011101		19		0.00417405		50000
5	111001001010011101		18		0.00158185		50000
5	111001001010011101		17		0.000466228		50000
5	111001001010011101		16		0.000101566		50000
5	111001001010011101		15		1.33514e-05		50000
5	111001001010011101		14		0		50000
6	111001001010011101		23		0.180712		49998
6	111001001010011101		22		0.134845		49999
6	111001001010011101		21		0.0960444		49999
6	111001001010011101		20		0.0646517		49999
6	111001001010011101		19		0.0405831		50000
6	111001001010011101		18		0.0235403		50000
6	111001001010011101		17		0.0124097		50000
6	111001001010011101		16		0.00584698		50000
6	111001001010011101		15		0.00241083		50000
6	111001001010011101		14		0.000822663		50000
6	111001001010011101		13		0.000230789		50000
6	111001001010011101		12		4.00543e-05		50000
6	111001001010011101		11		3.8147e-06		50000
6	111001001010011101		10		0		50000
7	111001001010011101		20		0.176758		49999
7	111001001010011101		19		0.1308		50000
7	111001001010011101		18		0.091948		50000
7	111001001010011101		17		0.0608611		50000
7	111001001010011101		16		0.0375947		50000
7	111001001010011101		15		0.0213028		50000
7	111001001010011101		14		0.0109375		50000
7	111001001010011101		13		0.0049516		50000
7	111001001010011101		12		0.00196266		50000
7	111001001010011101		11		0.000646353		50000
7	111001001010011101		10		0.000165939		50000
7	111001001010011101		9		3.8147e-05		50000
7	111001001010011101		8		4.76837e-06		50000
7	111001001010011101		7		9.53674e-07		50000
7	111001001010011101		6		0		50000
8	111001001010011101		17		0.155742		50000
8	111001001010011101		16		0.111531		50000
8	111001001010011101		15		0.0753796		50000
8	111001001010011101		14		0.0473954		50000
8	111001001010011101		13		0.0274891		50000
8	111001001010011101		12		0.014443		50000
8	111001001010011101		11		0.00678134		50000
8	111001001010011101		10		0.0027076		50000
8	111001001010011101		9		0.00092274		50000
8	111001001010011101		8		0.000248849		50000
8	111001001010011101		7		5.34058e-05		50000
8	111001001010011101		6		8.58307e-06		50000
8	111001001010011101		5		0		50000
0	1111111000111		59		0		24248
1	1111111000111		50		0		44085
2	1111111000111		43		0.154426		48145
2	1111111000111		42		0.128082		48393
2	1111111000111		41		0.104204		48652
2	1111111000111		40		0		49417
3	1111111000111		38		0.195617		49599
3	1111111000111		37		0.130445		49694
3	1111111000111		36		0.0970805		49768
3	1111111000111		35		0.0764697		49823
3	1111111000111		34		0.0438489		49870
3	1111111000111		33		0.0212643		49915
3	1111111000111		32		0.0143389		49939
3	1111111000111		31		0.00890982		49953
3	1111111000111		30		0		49984
4	1111111000111		33		0.181828		49915
4	1111111000111		32		0.139751		49939
4	1111111000111		31		0.101451		49953
4	1111111000111		30		0.0709703		49984
4	1111111000111		29		0.0498855		49986
4	1111111000111		28		0.0333796		49989
4	1111111000111		27		0.0189161		49991
4	1111111000111		26		0.010821		49994
4	1111111000111		25		0.00649387		49996
4	1111111000111		24		0.00228143		49998
4	1111111000111		23		0.000603497		49999
4	1111111000111		22		0.000245512		49999
4	1111111000111		21		7.67708e-05		49999
4	1111111000111		20		0		49999
5	1111111000111		29		0.189695		49986
5	1111111000111		28		0.148813		49989
5	1111111000111		27		0.113594		49991
5	1111111000111		26		0.0833136		49994
5	1111111000111		25		0.0592722		49996
5	1111111000111		24		0.0399863		49998
5	1111111000111		23		0.0256138		49999
5	1111111000111		22		0.0158364		49999
5	1111111000111		21		0.00895613		49999
5	1111111000111		20		0.0046289		49999
5	1111111000111		19		0.00227857		50000
5	1111111000111		18		0.000917971		50000
5	1111111000111		17		0.000245988		50000
5	1111111000111		16		5.72205e-05		50000
5	1111111000111		15		1.43051e-05		50000
5	1111111000111		14		0		50000
6	1111111000111		25		0.1762		49996
6	1111111000111		24		0.137805		49998
6	1111111000111		23		0.104505		49999
6	1111111000111		22		0.0767102		49999
6	1111111000111		21		0.0544128		49999
6	1111111000111		20		0.0368528		49999
6	1111111000111		19		0.0237638		50000
6	1111111000111		18		0.0144298		50000
6	1111111000111		17		0.00808197		50000
6	1111111000111		16		0.00419688		50000
6	1111111000111		15		0.00197691		50000
6	1111111000111		14		0.000803649		50000
6	1111111000111		13		0.000272691		50000
6	1111111000111		12		6.48499e-05		50000
6	1111111000111		11		8.58307e-06		50000
6	1111111000111		10		0		50000
7	1111111000111		22		0.185198		49999
7	1111111000111		21		0.145751		49999
7	1111111000111		20		0.111554		49999
7	1111111000111		19		0.0826284		50000
7	1111111000111		18		0.0589343		50000
7	1111111000111		17		0.040249		50000
7	1111111000111		16		0.0260858		50000
7	1111111000111		15		0.0158969		50000
7	1111111000111		14		0.00900483		50000
7	1111111000111		13		0.00461936		50000
7	1111111000111		12		0.00213683		50000
7	1111111000111		11		0.000871301		50000
7	1111111000111		10		0.000302255		50000
7	1111111000111		9		9.63211e-05		50000
7	1111111000111		8		2.00272e-05		50006
7	1111111000111		7		1.90735e-06		50010
7	1111111000111		6		0		50046
8	1111111000111		19		0.178029		50000
8	1111111000111		18		0.139157		50000
8	1111111000111		17		0.10545		50000
8	1111111000111		16		0.0771204		50000
8	1111111000111		15		0.0540268		50000
8	1111111000111		14		0.0359963		50000
8	1111111000111		13		0.022494		50000
8	1111111000111		12		0.0130312		50000
8	1111111000111		11		0.00693291		50000
8	1111111000111		10		0.00330091		50000
8	1111111000111		9		0.00139809		50000
8	1111111000111		8		0.000536799		50006
8	1111111000111		7		0.000174522		50010
8	1111111000111		6		3.91006e-05		50046
8	1111111000111		5		7.62939e-06		50190
8	1111111000111		4		9.53674e-07		50642
8	1111111000111		3		0		61195
0	11111111111		61		0		24248
1	11111111111		51		0		43708
2	11111111111		42		0.189734		47976
2	11111111111		41		0.157812		48240
2	11111111111		40		0		49298
3	11111111111		37		0.198353		49598
3	11111111111		36		0.156593		49668
3	11111111111		35		0.122271		49719
3	11111111111		34		0.0940331		49775
3	11111111111		33		0.0704014		49828
3	11111111111		32		0.0511178		49873
3	11111111111		31		0.0360607		49899
3	11111111111		30		0.0244406		49928
3	11111111111		29		0		49973
4	11111111111		31		0.176144		49899
4	11111111111		30		0.142774		49928
4	11111111111		29		0.113856		49973
4	11111111111		28		0.0833573		49978
4	11111111111		27		0.0603369		49983
4	11111111111		26		0.0432524		49988
4	11111111111		25		0.0305616		49994
4	11111111111		24		0.0210779		49995
4	11111111111		23		0.0140637		49996
4	11111111111		22		0.00890082		49996
4	11111111111		21		0.00524759		49996
4	11111111111		20		0.0028308		49996
4	11111111111		19		0.00131047		49999
4	11111111111		18		0		49999
5	11111111111		27		0.192895		49983
5	11111111111		26		0.157597		49988
5	11111111111		25		0.126803		49994
5	11111111111		24		0.100206		49995
5	11111111111		23		0.0776808		49996
5	11111111111		22		0.0586951		49996
5	11111111111		21		0.0431315		49996
5	11111111111		20		0.0309641		49996
5	11111111111		19		0.0217018		49999
5	11111111111		18		0.0147254		49999
5	11111111111		17		0.00939602		49999
5	11111111111		16		0.00584179		50000
5	11111111111		15		0.0035376		50000
5	11111111111		14		0.00206256		50000
5	11111111111		13		0.00113994		50000
5	11111111111		12		0.000588238		50000
5	11111111111		11		0.000272214		50000
5	11111111111		10		0.000113487		50006
5	11111111111		9		4.05312e-05		50006
5	11111111111		8		1.04904e-05		50043
5	11111111111		7		0		50158
6	11111111111		23		0.186979		49996
6	11111111111		22		0.153458		49996
6	11111111111		21		0.123419		49996
6	11111111111		20		0.0975802		49996
6	11111111111		19		0.07592		49999
6	11111111111		18		0.0579089		49999
6	11111111111		17		0.0431644		49999
6	11111111111		16		0.0312917		50000
6	11111111111		15		0.0221369		50000
6	11111111111		14		0.0152425		50000
6	11111111111		13		0.0101572		50000
6	11111111111		12		0.00651705		50000
6	11111111111		11		0.00401264		50000
6	11111111111		10		0.00235754		50006
6	11111111111		9		0.00131899		50006
6	11111111111		8		0.000677824		50043
6	11111111111		7		0.000333726		50158
6	11111111111		6		0.000145912		50466
6	11111111111		5		5.91278e-05		52185
6	11111111111		4		2.19345e-05		59269
6	11111111111		3		7.62939e-06		85046
6	11111111111		2		9.53674e-07		189185
6	11111111111		1		0		609947
7	11111111111		20		0.196345		49996
7	11111111111		19		0.162254		49999
7	11111111111		18		0.132029		49999
7	11111111111		17		0.105477		49999
7	11111111111		16		0.0826433		50000
7	11111111111		15		0.0634825		50000
7	11111111111		14		0.0476806		50000
7	11111111111		13		0.0349155		50000
7	11111111111		12		0.0248869		50000
7	11111111111		11		0.0171725		50000
7	11111111111		10		0.0114514		50006
7	11111111111		9		0.00737226		50006
7	11111111111		8		0.00453776		50043
7	11111111111		7		0.00265914		50158
7	11111111111		6		0.00145614		50466
7	11111111111		5		0.000744522		52185
7	11111111111		4		0.000348985		59269
7	11111111111		3		0.000137329		85046
7	11111111111		2		4.1008e-05		189185
7	11111111111		1		1.04904e-05		609947
8	11111111111		17		0.192009		49999
8	11111111111		16		0.158152		50000
8	11111111111		15		0.128043		50000
8	11111111111		14		0.101764		50000
8	11111111111		13		0.0791793		50000
8	11111111111		12		0.060155		50000
8	11111111111		11		0.0445486		50000
8	11111111111		10		0.0320646		50006
8	11111111111		9		0.0223653		50006
8	11111111111		8		0.0150453		50043
8	11111111111		7		0.00968975		50158
8	11111111111		6		0.00593233		50466
8	11111111111		5		0.00340265		52185
8	11111111111		4		0.00179893		59269
8	11111111111		3		0.000853181		85046
8	11111111111		2		0.000327051		189185
8	11111111111		1		9.72748e-05		609947
0	11111101110101		58		0		24248
1	11111101110101		48		0		44286
2	11111101110101		41		0.174546		48047
2	11111101110101		40		0.146368		48331
2	11111101110101		39		0.112442		48624
2	11111101110101		38		0.0832061		48887
2	11111101110101		37		0		49476
3	11111101110101		35		0.160363		49662
3	11111101110101		34		0.122891		49730
3	11111101110101		33		0.0880533		49790
3	11111101110101		32		0.0617567		49848
3	11111101110101		31		0.0419828		49892
3	11111101110101		30		0.0282465		49922
3	11111101110101		29		0.0193022		49941
3	11111101110101		28		0.010617		49962
3	11111101110101		27		0.00480944		49972
3	11111101110101		26		0		49986
4	11111101110101		30		0.161003		49922
4	11111101110101		29		0.125533		49941
4	11111101110101		28		0.0962827		49962
4	11111101110101		27		0.0713937		49972
4	11111101110101		26		0.0508626		49986
4	11111101110101		25		0.0344193		49991
4	11111101110101		24		0.0227354		49992
4	11111101110101		23		0.0142409		49993
4	11111101110101		22		0.00809377		49996
4	11111101110101		21		0.0043118		49996
4	11111101110101		20		0.00208211		49998
4	11111101110101		19		0.000895083		49998
4	11111101110101		18		0.000305593		49999
4	11111101110101		17		6.24657e-05		49999
4	11111101110101		16		6.19888e-06		50000
4	11111101110101		15		0		50000
5	11111101110101		26		0.172551		49986
5	11111101110101		25		0.137427		49991
5	11111101110101		24		0.106854		49992
5	11111101110101		23		0.0808126		49993
5	11111101110101		22		0.0591269		49996
5	11111101110101		21		0.0416219		49996
5	11111101110101		20		0.0281835		49998
5	11111101110101		19		0.0182582		49998
5	11111101110101		18		0.0112101		49999
5	11111101110101		17		0.00645834		49999
5	11111101110101		16		0.00342214		50000
5	11111101110101		15		0.00165373		50000
5	11111101110101		14		0.000687838		50000
5	11111101110101		13		0.000220776		50000
5	11111101110101		12		4.33922e-05		50000
5	11111101110101		11		1.90735e-06		50000
5	11111101110101		10		0		50000
6	11111101110101		23		0.199288		49993
6	11111101110101		22		0.161451		49996
6	11111101110101		21		0.127824		49996
6	11111101110101		20		0.0985926		49998
6	11111101110101		19		0.0738979		49998
6	11111101110101		18		0.0535874		49999
6	11111101110101		17		0.0374065		49999
6	11111101110101		16		0.0250115		50000
6	11111101110101		15		0.015864		50000
6	11111101110101		14		0.00943094		50000
6	11111101110101		13		0.00514042		50000
6	11111101110101		12		0.00251836		50000
6	11111101110101		11		0.00103229		50000
6	11111101110101		10		0.000349939		50000
6	11111101110101		9		7.34329e-05		50000
6	11111101110101		8		7.62939e-06		50002
6	11111101110101		7		0		50012
7	11111101110101		19		0.168338		49998
7	11111101110101		18		0.133578		49999
7	11111101110101		17		0.103181		49999
7	11111101110101		16		0.0773113		50000
7	11111101110101		15		0.0559779		50000
7	11111101110101		14		0.0388485		50000
7	11111101110101		13		0.0256482		50000
7	11111101110101		12		0.01591		50000
7	11111101110101		11		0.00909364		50000
7	11111101110101		10		0.00460893		50000
7	11111101110101		9		0.0020026		50000
7	11111101110101		8		0.000654936		50002
7	11111101110101		7		0.000163078		50012
7	11111101110101		6		3.33786e-05		50017
7	11111101110101		5		9.53674e-07		50081
7	11111101110101		4		0		50315
8	11111101110101		17		0.198486		49999
8	11111101110101		16		0.159636		50000
8	11111101110101		15		0.125076		50000
8	11111101110101		14		0.0950197		50000
8	11111101110101		13		0.0696364		50000
8	11111101110101		12		0.0488715		50000
8	11111101110101		11		0.0324854		50000
8	11111101110101		10		0.020071		50000
8	11111101110101		9		0.0112167		50000
8	11111101110101		8		0.00541741		50002
8	11111101110101		7		0.00213015		50012
8	11111101110101		6		0.000645459		50017
8	11111101110101		5		0.000134468		50081
8	11111101110101		4		1.52588e-05		50315
8	11111101110101		3		9.53674e-07		51453
8	11111101110101		2		0		62996
0	11111110001111		58		0		24248
1	11111110001111		48		0		44256
2	11111110001111		41		0.151293		48160
2	11111110001111		40		0.126138		48408
2	11111110001111		39		0.103318		48644
2	11111110001111		38		0.0832061		48876
2	11111110001111		37		0		49480
3	11111110001111		35		0.170942		49642
3	11111110001111		34		0.129184		49719
3	11111110001111		33		0.083654		49799
3	11111110001111		32		0.0655946		49849
3	11111110001111		31		0.0470767		49881
3	11111110001111		30		0.0187156		49924
3	11111110001111		29		0.0128505		49940
3	11111110001111		28		0.00826782		49958
3	11111110001111		27		0.00480944		49974
3	11111110001111		26		0		49986
4	11111110001111		30		0.169696		49924
4	11111110001111		29		0.130147		49940
4	11111110001111		28		0.0982224		49958
4	11111110001111		27		0.071878		49974
4	11111110001111		26		0.0477901		49986
4	11111110001111		25		0.0334754		49989
4	11111110001111		24		0.0217339		49993
4	11111110001111		23		0.0118963		49994
4	11111110001111		22		0.00663358		49995
4	11111110001111		21		0.00378841		49997
4	11111110001111		20		0.00169802		49999
4	11111110001111		19		0.000267923		49999
4	11111110001111		18		0.000104904		49999
4	11111110001111		17		2.95639e-05		50000
4	11111110001111		16		6.19888e-06		50000
4	11111110001111		15		0		50000
5	11111110001111		26		0.180529		49986
5	11111110001111		25		0.141713		49989
5	11111110001111		24		0.109149		49993
5	11111110001111		23		0.0818236		49994
5	11111110001111		22		0.0590286		49995
5	11111110001111		21		0.0411301		49997
5	11111110001111		20		0.0273518		49999
5	11111110001111		19		0.0168748		49999
5	11111110001111		18		0.0100599		49999
5	11111110001111		17		0.00552171		50000
5	11111110001111		16		0.00264722		50000
5	11111110001111		15		0.00117278		50000
5	11111110001111		14		0.000475764		50000
5	11111110001111		13		0.000128269		50000
5	11111110001111		12		1.71661e-05		50000
5	11111110001111		11		1.90735e-06		50000
5	11111110001111		10		9.53674e-07		50000
5	11111110001111		9		0		50000
6	11111110001111		22		0.167		49995
6	11111110001111		21		0.131609		49997
6	11111110001111		20		0.100976		49999
6	11111110001111		19		0.0749404		49999
6	11111110001111		18		0.0534456		49999
6	11111110001111		17		0.0366516		50000
6	11111110001111		16		0.0239239		50000
6	11111110001111		15		0.0146638		50000
6	11111110001111		14		0.00836098		50000
6	11111110001111		13		0.00434881		50000
6	11111110001111		12		0.00203687		50000
6	11111110001111		11		0.000851274		50000
6	11111110001111		10		0.00031656		50000
6	11111110001111		9		8.96454e-05		50000
6	11111110001111		8		1.90735e-05		50000
6	11111110001111		7		5.72205e-06		50006
6	11111110001111		6		0		50006
7	11111110001111		19		0.173851		49999
7	11111110001111		18		0.137128		49999
7	11111110001111		17		0.105082		50000
7	11111110001111		16		0.0779667		50000
7	11111110001111		15		0.0556313		50000
7	11111110001111		14		0.0378314		50000
7	11111110001111		13		0.024352		50000
7	11111110001111		12		0.0146056		50000
7	11111110001111		11		0.00810093		50000
7	11111110001111		10		0.00408673		50000
7	11111110001111		9		0.001876		50000
7	11111110001111		8		0.000740707		50000
7	11111110001111		7		0.000266016		50006
7	11111110001111		6		9.05991e-05		50006
7	11111110001111		5		2.09808e-05		50046
7	11111110001111		4		9.53674e-07		50169
7	11111110001111		3		0		52668
8	11111110001111		16		0.163663		50000
8	11111110001111		15		0.127336		50000
8	11111110001111		14		0.095759		50000
8	11111110001111		13		0.0691465		50000
8	11111110001111		12		0.0474808		50000
8	11111110001111		11		0.0307603		50000
8	11111110001111		10		0.0185428		50000
8	11111110001111		9		0.0102572		50000
8	11111110001111		8		0.00521153		50000
8	11111110001111		7		0.0023452		50006
8	11111110001111		6		0.000934184		50006
8	11111110001111		5		0.000315607		50046
8	11111110001111		4		9.34601e-05		50169
8	11111110001111		3		1.52588e-05		52668
8	11111110001111		2		5.72205e-06		90967
8	11111110001111		1		0		709617
0	111111111111		60		0		24248
1	111111111111		49		0		43920
2	111111111111		40		0.187117		48000
2	111111111111		39		0.156651		48265
2	111111111111		38		0.129144		48506
2	111111111111		37		0		49379
3	111111111111		34		0.175496		49643
3	111111111111		33		0.139012		49699
3	111111111111		32		0.109011		49753
3	111111111111		31		0.0837998		49804
3	111111111111		30		0.0628678		49856
3	111111111111		29		0.0462505		49886
3	111111111111		28		0.0333545		49910
3	111111111111		27		0.023276		49934
3	111111111111		26		0.015236		49954
3	111111111111		25		0		49979
4	111111111111		29		0.192123		49886
4	111111111111		28		0.158219		49910
4	111111111111		27		0.129043		49934
4	111111111111		26		0.103448		49954
4	111111111111		25		0.0812315		49979
4	111111111111		24		0.0594494		49985
4	111111111111		23		0.0431671		49989
4	111111111111		22		0.0309466		49993
4	111111111111		21		0.0217475		49995
4	111111111111		20		0.0149152		49996
4	111111111111		19		0.00983095		49996
4	111111111111		18		0.00615555		49996
4	111111111111		17		0.00364685		49996
4	111111111111		16		0.00201881		49997
4	111111111111		15		0.000997543		49999
4	111111111111		14		0.00039047		50000
4	111111111111		13		0		50000
5	111111111111		24		0.176158		49985
5	111111111111		23		0.145269		49989
5	111111111111		22		0.117821		49993
5	111111111111		21		0.0938149		49995
5	111111111111		20		0.0733758		49996
5	111111111111		19		0.056063		49996
5	111111111111		18		0.0417215		49996
5	111111111111		17		0.030353		49996
5	111111111111		16		0.0216182		49997
5	111111111111		15		0.0150213		49999
5	111111111111		14		0.010076		50000
5	111111111111		13		0.00649244		50000
5	111111111111		12		0.00398457		50000
5	111111111111		11		0.00236756		50000
5	111111111111		10		0.00135332		50000
5	111111111111		9		0.000725508		50006
5	111111111111		8		0.000359952		50006
5	111111111111		7		0.000158787		50043
5	111111111111		6		6.38962e-05		50158
5	111111111111		5		1.95503e-05		50461
5	111111111111		4		4.29153e-06		52185
5	111111111111		3		9.53674e-07		59257
5	111111111111		2		0		85018
6	111111111111		20		0.170535		49996
6	111111111111		19		0.140458		49996
6	111111111111		18		0.113414		49996
6	111111111111		17		0.089961		49996
6	111111111111		16		0.0701828		49997
6	111111111111		15		0.0537507		49999
6	111111111111		14		0.0402536		50000
6	111111111111		13		0.0294061		50000
6	111111111111		12		0.0209229		50000
6	111111111111		11		0.0144524		50000
6	111111111111		10		0.00966334		50000
6	111111111111		9		0.00621665		50006
6	111111111111		8		0.00381315		50006
6	111111111111		7		0.00222528		50043
6	111111111111		6		0.00122756		50158
6	111111111111		5		0.000611126		50461
6	111111111111		4		0.000286996		52185
6	111111111111		3		0.000112534		59257
6	111111111111		2		3.71933e-05		85018
6	111111111111		1		1.04904e-05		189132
7	111111111111		17		0.177319		49996
7	111111111111		16		0.146245		49997
7	111111111111		15		0.118755		49999
7	111111111111		14		0.0946727		50000
7	111111111111		13		0.0739703		50000
7	111111111111		12		0.0566043		50000
7	111111111111		11		0.0423053		50000
7	111111111111		10		0.0307742		50000
7	111111111111		9		0.0216957		50006
7	111111111111		8		0.0147681		50006
7	111111111111		7		0.00962651		50043
7	111111111111		6		0.00600249		50158
7	111111111111		5		0.00351572		50461
7	111111111111		4		0.00190365		52185
7	111111111111		3		0.000937045		59257
7	111111111111		2		0.000392854		85018
7	111111111111		1		0.000126839		189132
8	111111111111		14		0.170205		50000
8	111111111111		13		0.139293		50000
8	111111111111		12		0.111898		50000
8	111111111111		11		0.0881028		50000
8	111111111111		10		0.067773		50000
8	111111111111		9		0.0507798		50006
8	111111111111		8		0.0369134		50006
8	111111111111		7		0.0259213		50043
8	111111111111		6		0.0174573		50158
8	111111111111		5		0.0111743		50461
8	111111111111		4		0.00668567		52185
8	111111111111		3		0.00366586		59257
8	111111111111		2		0.0017342		85018
8	111111111111		1		0.000639737		189132
0	1110100111010011101		53		0		24248
1	1110100111010011101		42		0		45119
2	1110100111010011101		36		0.164614		48131
2	1110100111010011101		35		0.128117		48440
2	1110100111010011101		34		0.0745459		48895
2	1110100111010011101		33		0.0530488		49113
2	1110100111010011101		32		0.0340269		49315
2	1110100111010011101		31		0.0212335		49469
2	1110100111010011101		30		0		49683
3	1110100111010011101		31		0.194735		49469
3	1110100111010011101		30		0.150155		49683
3	1110100111010011101		29		0.111808		49750
3	1110100111010011101		28		0.0803075		49820
3	1110100111010011101		27		0.055774		49856
3	1110100111010011101		26		0.0358297		49893
3	1110100111010011101		25		0.0230927		49929
3	1110100111010011101		24		0.0121559		49941
3	1110100111010011101		23		0.00547218		49964
3	1110100111010011101		22		0.0015704		49981
3	1110100111010011101		21		0.000313938		49990
3	1110100111010011101		20		0		49993
4	1110100111010011101		26		0.180183		49893
4	1110100111010011101		25		0.140525		49929
4	1110100111010011101		24		0.106366		49941
4	1110100111010011101		23		0.0774645		49964
4	1110100111010011101		22		0.0541075		49981
4	1110100111010011101		21		0.0356106		49990
4	1110100111010011101		20		0.0217232		49993
4	1110100111010011101		19		0.0122378		49995
4	1110100111010011101		18		0.00620389		49997
4	1110100111010011101		17		0.00263202		49998
4	1110100111010011101		16		0.000762165		49999
4	1110100111010011101		15		0.000144482		49999
4	1110100111010011101		14		1.00136e-05		49999
4	1110100111010011101		13		0		50000
5	1110100111010011101		22		0.179803		49981
5	1110100111010011101		21		0.140727		49990
5	1110100111010011101		20		0.1064		49993
5	1110100111010011101		19		0.0772572		49995
5	1110100111010011101		18		0.0535927		49997
5	1110100111010011101		17		0.0350466		49998
5	1110100111010011101		16		0.0212137		49999
5	1110100111010011101		15		0.0117224		49999
5	1110100111010011101		14		0.00579578		49999
5	1110100111010011101		13		0.00248647		50000
5	1110100111010011101		12		0.0008865		50000
5	1110100111010011101		11		0.000229836		50000
5	1110100111010011101		10		3.8147e-05		50000
5	1110100111010011101		9		0		50000
6	1110100111010011101		19		0.196229		49995
6	1110100111010011101		18		0.1544		49997
6	1110100111010011101		17		0.117324		49998
6	1110100111010011101		16		0.085408		49999
6	1110100111010011101		15		0.059051		49999
6	1110100111010011101		14		0.038347		49999
6	1110100111010011101		13		0.023097		50000
6	1110100111010011101		12		0.0126687		50000
6	1110100111010011101		11		0.0061968		50000
6	1110100111010011101		10		0.00260299		50000
6	1110100111010011101		9		0.000898898		50000
6	1110100111010011101		8		0.000255525		50000
6	1110100111010011101		7		3.91006e-05		50000
6	1110100111010011101		6		3.8147e-06		50000
6	1110100111010011101		5		0		50000
7	1110100111010011101		16		0.190083		49999
7	1110100111010011101		15		0.147075		49999
7	1110100111010011101		14		0.109144		49999
7	1110100111010011101		13		0.0768827		50000
7	1110100111010011101		12		0.0510052		50000
7	1110100111010011101		11		0.0313434		50000
7	1110100111010011101		10		0.0175754		50000
7	1110100111010011101		9		0.00886869		50000
7	1110100111010011101		8		0.0038597		50000
7	1110100111010011101		7		0.0014047		50000
7	1110100111010011101		6		0.000376642		50000
7	1110100111010011101		5		7.62939e-05		50000
7	1110100111010011101		4		1.14441e-05		50000
7	1110100111010011101		3		0		50030
8	1110100111010011101		13		0.165721		50000
8	1110100111010011101		12		0.122729		50000
8	1110100111010011101		11		0.0859582		50000
8	1110100111010011101		10		0.0563209		50000
8	1110100111010011101		9		0.0339164		50000
8	1110100111010011101		8		0.0184706		50000
8	1110100111010011101		7		0.00886112		50000
8	1110100111010011101		6		0.00362217		50000
8	1110100111010011101		5		0.00118661		50000
8	1110100111010011101		4		0.000294626		50000
8	1110100111010011101		3		3.71933e-05		50030
8	1110100111010011101		2		2.86102e-06		50642
8	1110100111010011101		1		0		210144
0	111111111000111		57		0		24248
1	111111111000111		46		0		44542
2	111111111000111		39		0.177782		48030
2	111111111000111		38		0.150122		48290
2	111111111000111		37		0.1017		48684
2	111111111000111		36		0.0824648		48899
2	111111111000111		35		0.0660438		49070
2	111111111000111		34		0		49553
3	111111111000111		33		0.183151		49624
3	111111111000111		32		0.142391		49700
3	111111111000111		31		0.0972408		49773
3	111111111000111		30		0.0742198		49833
3	111111111000111		29		0.0579293		49871
3	111111111000111		28		0.0347102		49905
3	111111111000111		27		0.0248869		49932
3	111111111000111		26		0.0171192		49947
3	111111111000111		25		0.00721747		49962
3	111111111000111		24		0.00436091		49975
3	111111111000111		23		0.00231975		49978
3	111111111000111		22		0		49990
4	111111111000111		28		0.179577		49905
4	111111111000111		27		0.142899		49932
4	111111111000111		26		0.112539		49947
4	111111111000111		25		0.0842206		49962
4	111111111000111		24		0.0626971		49975
4	111111111000111		23		0.0454429		49978
4	111111111000111		22		0.0304843		49990
4	111111111000111		21		0.0205372		49993
4	111111111000111		20		0.0132778		49995
4	111111111000111		19		0.00725204		49996
4	111111111000111		18		0.00406724		49997
4	111111111000111		17		0.00205874		49998
4	111111111000111		16		0.000626862		49999
4	111111111000111		15		0.000216484		49999
4	111111111000111		14		5.00679e-05		50000
4	111111111000111		13		1.90735e-06		50000
4	111111111000111		12		0		50000
5	111111111000111		24		0.19006		49975
5	111111111000111		23		0.15409		49978
5	111111111000111		22		0.122604		49990
5	111111111000111		21		0.0947793		49993
5	111111111000111		20		0.0716638		49995
5	111111111000111		19		0.0523622		49996
5	111111111000111		18		0.0367793		49997
5	111111111000111		17		0.0248343		49998
5	111111111000111		16		0.0157059		49999
5	111111111000111		15		0.00943285		49999
5	111111111000111		14		0.00526327		50000
5	111111111000111		13		0.00262392		50000
5	111111111000111		12		0.00116569		50000
5	111111111000111		11		0.00041908		50000
5	111111111000111		10		9.77516e-05		50000
5	111111111000111		9		1.57356e-05		50000
5	111111111000111		8		9.53674e-07		50000
5	111111111000111		7		0		50000
6	111111111000111		20		0.177574		49995
6	111111111000111		19		0.143188		49996
6	111111111000111		18		0.112698		49997
6	111111111000111		17		0.0863243		49998
6	111111111000111		16		0.0640709		49999
6	111111111000111		15		0.0456823		49999
6	111111111000111		14		0.0312205		50000
6	111111111000111		13		0.0202308		50000
6	111111111000111		12		0.0121695		50000
6	111111111000111		11		0.00675863		50000
6	111111111000111		10		0.00330758		50000
6	111111111000111		9		0.00139713		50000
6	111111111000111		8		0.00053966		50000
6	111111111000111		7		0.000149727		50000
6	111111111000111		6		3.05176e-05		50006
6	111111111000111		5		6.67572e-06		50010
6	111111111000111		4		1.90735e-06		50046
6	111111111000111		3		0		50646
7	111111111000111		17		0.182726		49998
7	111111111000111		16		0.146957		49999
7	111111111000111		15		0.115085		49999
7	111111111000111		14		0.0873606		50000
7	111111111000111		13		0.0639762		50000
7	111111111000111		12		0.0447453		50000
7	111111111000111		11		0.0295912		50000
7	111111111000111		10		0.0181627		50000
7	111111111000111		9		0.0100845		50000
7	111111111000111		8		0.00507301		50000
7	111111111000111		7		0.00219959		50000
7	111111111000111		6		0.000796974		50006
7	111111111000111		5		0.000266016		50010
7	111111111000111		4		5.81741e-05		50046
7	111111111000111		3		4.76837e-06		50646
7	111111111000111		2		0		60071
8	111111111000111		14		0.17056		50000
8	111111111000111		13		0.13458		50000
8	111111111000111		12		0.102755		50000
8	111111111000111		11		0.0753602		50000
8	111111111000111		10		0.0524711		50000
8	111111111000111		9		0.0339661		50000
8	111111111000111		8		0.0203055		50000
8	111111111000111		7		0.0108705		50000
8	111111111000111		6		0.00504744		50006
8	111111111000111		5		0.0021444		50010
8	111111111000111		4		0.000705481		50046
8	111111111000111		3		0.000200272		50646
8	111111111000111		2		3.91006e-05		60071
8	111111111000111		1		5.72205e-06		213761
0	1111111111111		59		0		24248
1	1111111111111		47		0		44148
2	1111111111111		38		0.18362		48044
2	1111111111111		37		0.154426		48292
2	1111111111111		36		0.128082		48525
2	1111111111111		35		0.104204		48748
2	1111111111111		34		0		49454
3	1111111111111		32		0.191702		49631
3	1111111111111		31		0.153429		49688
3	1111111111111		30		0.121808		49740
3	1111111111111		29		0.0951047		49787
3	1111111111111		28		0.0727882		49836
3	1111111111111		27		0.0549328		49871
3	1111111111111		26		0.040959		49903
3	1111111111111		25		0.0299729		49925
3	1111111111111		24		0.0212643		49940
3	1111111111111		23		0.0143389		49961
3	1111111111111		22		0.00890982		49968
3	1111111111111		21		0		49986
4	1111111111111		26		0.169372		49903
4	1111111111111		25		0.139975		49925
4	1111111111111		24		0.114251		49940
4	1111111111111		23		0.0917947		49961
4	1111111111111		22		0.0724479		49968
4	1111111111111		21		0.0561098		49986
4	1111111111111		20		0.04097		49991
4	1111111111111		19		0.0295649		49994
4	1111111111111		18		0.0209485		49994
4	1111111111111		17		0.0145271		49996
4	1111111111111		16		0.00973654		49996
4	1111111111111		15		0.00623989		49996
4	1111111111111		14		0.0038321		49996
4	1111111111111		13		0.00224626		49997
4	1111111111111		12		0.00122708		49999
4	1111111111111		11		0.000603497		50000
4	1111111111111		10		0.000245512		50000
4	1111111111111		9		7.67708e-05		50000
4	1111111111111		8		0		50006
5	1111111111111		22		0.18628		49968
5	1111111111111		21		0.156283		49986
5	1111111111111		20		0.12953		49991
5	1111111111111		19		0.10545		49994
5	1111111111111		18		0.0842481		49994
5	1111111111111		17		0.0660957		49996
5	1111111111111		16		0.0506513		49996
5	1111111111111		15		0.0377768		49996
5	1111111111111		14		0.0275267		49996
5	1111111111111		13		0.0196592		49997
5	1111111111111		12		0.0136823		49999
5	1111111111111		11		0.00921696		50000
5	1111111111111		10		0.0059759		50000
5	1111111111111		9		0.0037086		50000
5	1111111111111		8		0.00220102		50006
5	1111111111111		7		0.00122756		50006
5	1111111111111		6		0.000641167		50043
5	1111111111111		5		0.000305116		50158
5	1111111111111		4		0.0001297		50461
5	1111111111111		3		4.72069e-05		52184
5	1111111111111		2		1.62125e-05		59257
5	1111111111111		1		3.33786e-06		85014
6	1111111111111		18		0.179947		49994
6	1111111111111		17		0.150599		49996
6	1111111111111		16		0.123824		49996
6	1111111111111		15		0.0996751		49996
6	1111111111111		14		0.0787366		49996
6	1111111111111		13		0.061119		49997
6	1111111111111		12		0.0465283		49999
6	1111111111111		11		0.0345731		50000
6	1111111111111		10		0.0250347		50000
6	1111111111111		9		0.0175819		50000
6	1111111111111		8		0.0119397		50006
6	1111111111111		7		0.00779909		50006
6	1111111111111		6		0.00483769		50043
6	1111111111111		5		0.00283223		50158
6	1111111111111		4		0.00153327		50461
6	1111111111111		3		0.000746429		52184
6	1111111111111		2		0.000314653		59257
6	1111111111111		1		9.34601e-05		85014
7	1111111111111		15		0.185326		49996
7	1111111111111		14		0.154015		49996
7	1111111111111		13		0.12604		49997
7	1111111111111		12		0.101392		49999
7	1111111111111		11		0.0799237		50000
7	1111111111111		10		0.0616354		50000
7	1111111111111		9		0.0463783		50000
7	1111111111111		8		0.03392		50006
7	1111111111111		7		0.0239807		50006
7	1111111111111		6		0.0163107		50043
7	1111111111111		5		0.0105611		50158
7	1111111111111		4		0.00642139		50461
7	1111111111111		3		0.00357556		52184
7	1111111111111		2		0.00172657		59257
7	1111111111111		1		0.000667334		85014
8	1111111111111		12		0.174617		49999
8	1111111111111		11		0.143542		50000
8	1111111111111		10		0.11573		50000
8	1111111111111		9		0.0912879		50000
8	1111111111111		8		0.0702714		50006
8	1111111111111		7		0.0525244		50006
8	1111111111111		6		0.0379425		50043
8	1111111111111		5		0.0262585		50158
8	1111111111111		4		0.0171781		50461
8	1111111111111		3		0.0104545		52184
8	1111111111111		2		0.00566685		59257
8	1111111111111		1		0.00251263		85014
0	110101111001100010111		51		0		24248
1	110101111001100010111		39		0		45499
2	110101111001100010111		34		0.185921		47961
2	110101111001100010111		33		0.140142		48372
2	110101111001100010111		32		0.10424		48672
2	110101111001100010111		31		0.0719455		48954
2	110101111001100010111		30		0.0498419		49175
2	110101111001100010111		29		0.0299331		49386
2	110101111001100010111		28		0.0133145		49565
2	110101111001100010111		27		0.00823689		49662
2	110101111001100010111		26		0		49767
3	110101111001100010111		28		0.176911		49565
3	110101111001100010111		27		0.134139		49662
3	110101111001100010111		26		0.0985969		49767
3	110101111001100010111		25		0.0693926		49820
3	110101111001100010111		24		0.0464883		49875
3	110101111001100010111		23		0.0306653		49908
3	110101111001100010111		22		0.0182813		49940
3	110101111001100010111		21		0.00988126		49964
3	110101111001100010111		20		0.00396985		49973
3	110101111001100010111		19		0.00133091		49979
3	110101111001100010111		18		0.000172377		49986
3	110101111001100010111		17		2.76566e-05		49992
3	110101111001100010111		16		0		49996
4	110101111001100010111		23		0.161417		49908
4	110101111001100010111		22		0.124184		49940
4	110101111001100010111		21		0.0923134		49964
4	110101111001100010111		20		0.0649831		49973
4	110101111001100010111		19		0.0426651		49979
4	110101111001100010111		18		0.0260946		49986
4	110101111001100010111		17		0.0146422		49992
4	110101111001100010111		16		0.00732774		49996
4	110101111001100010111		15		0.00318021		49999
4	110101111001100010111		14		0.00115186		50000
4	110101111001100010111		13		0.00032562		50000
4	110101111001100010111		12		7.39098e-05		50000
4	110101111001100010111		11		9.53674e-06		50000
4	110101111001100010111		10		0		50000
5	110101111001100010111		19		0.15787		49979
5	110101111001100010111		18		0.119451		49986
5	110101111001100010111		17		0.086401		49992
5	110101111001100010111		16		0.0591277		49996
5	110101111001100010111		15		0.0375566		49999
5	110101111001100010111		14		0.021865		50000
5	110101111001100010111		13		0.0114708		50000
5	110101111001100010111		12		0.00538611		50000
5	110101111001100010111		11		0.00224292		50000
5	110101111001100010111		10		0.000779808		50000
5	110101111001100010111		9		0.000210285		50000
5	110101111001100010111		8		3.95775e-05		50000
5	110101111001100010111		7		2.86102e-06		50000
5	110101111001100010111		6		0		50000
6	110101111001100010111		16		0.166669		49996
6	110101111001100010111		15		0.125366		49999
6	110101111001100010111		14		0.0894115		50000
6	110101111001100010111		13		0.0596754		50000
6	110101111001100010111		12		0.0367885		50000
6	110101111001100010111		11		0.0207529		50000
6	110101111001100010111		10		0.0105111		50000
6	110101111001100010111		9		0.00461084		50000
6	110101111001100010111		8		0.00170845		50000
6	110101111001100010111		7		0.000521541		50000
6	110101111001100010111		6		0.00012207		50000
6	110101111001100010111		5		1.62125e-05		50000
6	110101111001100010111		4		9.53674e-07		50000
6	110101111001100010111		3		0		50000
7	110101111001100010111		14		0.196782		50000
7	110101111001100010111		13		0.149461		50000
7	110101111001100010111		12		0.107433		50000
7	110101111001100010111		11		0.072289		50000
7	110101111001100010111		10		0.0449421		50000
7	110101111001100010111		9		0.0252997		50000
7	110101111001100010111		8		0.0126734		50000
7	110101111001100010111		7		0.00543636		50000
7	110101111001100010111		6		0.00187981		50000
7	110101111001100010111		5		0.000485301		50000
7	110101111001100010111		4		9.05991e-05		50000
7	110101111001100010111		3		7.62939e-06		50000
7	110101111001100010111		2		0		50012
8	110101111001100010111		11		0.16224		50000
8	110101111001100010111		10		0.114878		50000
8	110101111001100010111		9		0.0756582		50000
8	110101111001100010111		8		0.0454383		50000
8	110101111001100010111		7		0.0243074		50000
8	110101111001100010111		6		0.0110111		50000
8	110101111001100010111		5		0.00410098		50000
8	110101111001100010111		4		0.00113708		50000
8	110101111001100010111		3		0.000199318		50000
8	110101111001100010111		2		2.67029e-05		50012
8	110101111001100010111		1		9.53674e-07		88210
0	11111111110000111		55		0		24248
1	11111111110000111		43		0		45007
2	11111111110000111		37		0.196752		47879
2	11111111110000111		36		0.152327		48270
2	11111111110000111		35		0.128463		48488
2	11111111110000111		34		0.107368		48719
2	11111111110000111		33		0.0642632		49061
2	11111111110000111		32		0.0513716		49212
2	11111111110000111		31		0.0399638		49342
2	11111111110000111		30		0		49658
3	11111111110000111		30		0.162721		49658
3	11111111110000111		29		0.127933		49729
3	11111111110000111		28		0.0979162		49799
3	11111111110000111		27		0.0685222		49838
3	11111111110000111		26		0.0497711		49880
3	11111111110000111		25		0.038161		49905
3	11111111110000111		24		0.0273182		49927
3	11111111110000111		23		0.0146366		49950
3	11111111110000111		22		0.00965577		49964
3	11111111110000111		21		0.00582635		49977
3	11111111110000111		20		0.00150996		49984
3	11111111110000111		19		0.000712395		49989
3	11111111110000111		18		0.000239849		49992
3	11111111110000111		17		0		49995
4	11111111110000111		26		0.198789		49880
4	11111111110000111		25		0.162333		49905
4	11111111110000111		24		0.131239		49927
4	11111111110000111		23		0.102487		49950
4	11111111110000111		22		0.0785029		49964
4	11111111110000111		21		0.0582494		49977
4	11111111110000111		20		0.040439		49984
4	11111111110000111		19		0.0279304		49989
4	11111111110000111		18		0.0185315		49992
4	11111111110000111		17		0.0116216		49995
4	11111111110000111		16		0.00675344		49996
4	11111111110000111		15		0.0037837		49997
4	11111111110000111		14		0.00174654		49998
4	11111111110000111		13		0.000469565		49999
4	11111111110000111		12		0.000103951		50000
4	11111111110000111		11		1.14441e-05		50000
4	11111111110000111		10		0		50000
5	11111111110000111		21		0.171259		49977
5	11111111110000111		20		0.138195		49984
5	11111111110000111		19		0.10837		49989
5	11111111110000111		18		0.0829542		49992
5	11111111110000111		17		0.0618905		49995
5	11111111110000111		16		0.0444921		49996
5	11111111110000111		15		0.0307899		49997
5	11111111110000111		14		0.0201242		49998
5	11111111110000111		13		0.0120009		49999
5	11111111110000111		12		0.0065611		50000
5	11111111110000111		11		0.00335652		50000
5	11111111110000111		10		0.00157803		50000
5	11111111110000111		9		0.000599682		50000
5	11111111110000111		8		0.000175476		50000
5	11111111110000111		7		3.48091e-05		50000
5	11111111110000111		6		9.53674e-07		50000
5	11111111110000111		5		0		50000
6	11111111110000111		18		0.19093		49992
6	11111111110000111		17		0.155138		49995
6	11111111110000111		16		0.123266		49996
6	11111111110000111		15		0.0952078		49997
6	11111111110000111		14		0.07121		49998
6	11111111110000111		13		0.0509835		49999
6	11111111110000111		12		0.0342637		50000
6	11111111110000111		11		0.0217395		50000
6	11111111110000111		10		0.0128476		50000
6	11111111110000111		9		0.00693953		50000
6	11111111110000111		8		0.00331044		50000
6	11111111110000111		7		0.00141901		50000
6	11111111110000111		6		0.000527263		50000
6	11111111110000111		5		0.000148773		50000
6	11111111110000111		4		3.91006e-05		50019
6	11111111110000111		3		7.62939e-06		50158
6	11111111110000111		2		9.53674e-07		52531
6	11111111110000111		1		0		88989
7	11111111110000111		15		0.191717		49997
7	11111111110000111		14		0.154612		49998
7	11111111110000111		13		0.121172		49999
7	11111111110000111		12		0.0911085		50000
7	11111111110000111		11		0.0655665		50000
7	11111111110000111		10		0.0446834		50000
7	11111111110000111		9		0.0284402		50000
7	11111111110000111		8		0.016564		50000
7	11111111110000111		7		0.00900578		50000
7	11111111110000111		6		0.00430799		50000
7	11111111110000111		5		0.00175416		50000
7	11111111110000111		4		0.000619709		50019
7	11111111110000111		3		0.000224113		50158
7	11111111110000111		2		6.58035e-05		52531
7	11111111110000111		1		4.76837e-06		88989
8	11111111110000111		12		0.173921		50000
8	11111111110000111		11		0.135573		50000
8	11111111110000111		10		0.101291		50000
8	11111111110000111		9		0.0717253		50000
8	11111111110000111		8		0.0470774		50000
8	11111111110000111		7		0.0291802		50000
8	11111111110000111		6		0.0163594		50000
8	11111111110000111		5		0.00799209		50000
8	11111111110000111		4		0.00335413		50019
8	11111111110000111		3		0.00136566		50158
8	11111111110000111		2		0.000416696		52531
8	11111111110000111		1		6.86646e-05		88989
0	11111111111111		58		0		24248
1	11111111111111		45		0		44360
2	11111111111111		36		0.179216		48085
2	11111111111111		35		0.151293		48330
2	11111111111111		34		0.126138		48555
2	11111111111111		33		0.103318		48772
2	11111111111111		32		0.0832061		48964
2	11111111111111		31		0		49524
3	11111111111111		29		0.165498		49681
3	11111111111111		28		0.132541		49732
3	11111111111111		27		0.104433		49775
3	11111111111111		26		0.0808601		49822
3	11111111111111		25		0.0620336		49865
3	11111111111111		24		0.0472464		49892
3	11111111111111		23		0.035515		49918
3	11111111111111		22		0.0261308		49934
3	11111111111111		21		0.0187156		49949
3	11111111111111		20		0.0128505		49965
3	11111111111111		19		0.00826782		49970
3	11111111111111		18		0.00480944		49979
3	11111111111111		17		0		49993
4	11111111111111		24		0.176543		49892
4	11111111111111		23		0.147302		49918
4	11111111111111		22		0.121499		49934
4	11111111111111		21		0.099015		49949
4	11111111111111		20		0.0795714		49965
4	11111111111111		19		0.062891		49970
4	11111111111111		18		0.0487621		49979
4	11111111111111		17		0.0370572		49993
4	11111111111111		16		0.0267343		49994
4	11111111111111		15		0.0189526		49995
4	11111111111111		14		0.013137		49996
4	11111111111111		13		0.00878739		49996
4	11111111111111		12		0.00563461		49996
4	11111111111111		11		0.00348055		49996
4	11111111111111		10		0.00205922		49998
4	11111111111111		9		0.00115043		49999
4	11111111111111		8		0.000592053		50000
4	11111111111111		7		0.000267923		50006
4	11111111111111		6		0.000104904		50006
4	11111111111111		5		2.95639e-05		50043
4	11111111111111		4		6.19888e-06		50158
4	11111111111111		3		0		50461
5	11111111111111		20		0.191571		49965
5	11111111111111		19		0.162066		49970
5	11111111111111		18		0.135432		49979
5	11111111111111		17		0.111745		49993
5	11111111111111		16		0.0909547		49994
5	11111111111111		15		0.0726022		49995
5	11111111111111		14		0.0567712		49996
5	11111111111111		13		0.0431995		49996
5	11111111111111		12		0.0319797		49996
5	11111111111111		11		0.0231063		49996
5	11111111111111		10		0.0162989		49998
5	11111111111111		9		0.0111743		49999
5	11111111111111		8		0.00737464		50000
5	11111111111111		7		0.00466496		50006
5	11111111111111		6		0.00280321		50006
5	11111111111111		5		0.00158232		50043
5	11111111111111		4		0.000822663		50158
5	11111111111111		3		0.000376642		50461
5	11111111111111		2		0.000145435		52184
5	11111111111111		1		3.76701e-05		59257
6	11111111111111		16		0.183291		49994
6	11111111111111		15		0.154622		49995
6	11111111111111		14		0.1285		49996
6	11111111111111		13		0.104647		49996
6	11111111111111		12		0.0833499		49996
6	11111111111111		11		0.0650665		49996
6	11111111111111		10		0.0497862		49998
6	11111111111111		9		0.0371779		49999
6	11111111111111		8		0.0270095		50000
6	11111111111111		7		0.0189695		50006
6	11111111111111		6		0.0128213		50006
6	11111111111111		5		0.00823522		50043
6	11111111111111		4		0.00497055		50158
6	11111111111111		3		0.00276852		50461
6	11111111111111		2		0.00133997		52184
6	11111111111111		1		0.000515819		59257
7	11111111111111		13		0.186758		49996
7	11111111111111		12		0.155852		49996
7	11111111111111		11		0.127824		49996
7	11111111111111		10		0.102955		49998
7	11111111111111		9		0.0812258		49999
7	11111111111111		8		0.0625478		50000
7	11111111111111		7		0.0468584		50006
7	11111111111111		6		0.0339385		50006
7	11111111111111		5		0.0236111		50043
7	11111111111111		4		0.0155749		50158
7	11111111111111		3		0.00960284		50461
7	11111111111111		2		0.00530165		52184
7	11111111111111		1		0.00242037		59257
8	11111111111111		10		0.172222		49998
8	11111111111111		9		0.141325		49999
8	11111111111111		8		0.113489		50000
8	11111111111111		7		0.0889702		50006
8	11111111111111		6		0.0676788		50006
8	11111111111111		5		0.0496512		50043
8	11111111111111		4		0.0348566		50158
8	11111111111111		3		0.0229656		50461
8	11111111111111		2		0.0138572		52184
8	11111111111111		1		0.00712419		59257
0	1111011010001110011011		50		0		24248
1	1111011010001110011011		37		0		45769
2	1111011010001110011011		32		0.181097		48027
2	1111011010001110011011		31		0.147033		48331
2	1111011010001110011011		30		0.0983022		48730
2	1111011010001110011011		29		0.0657939		49011
2	1111011010001110011011		28		0.0495427		49190
2	1111011010001110011011		27		0.0284963		49410
2	1111011010001110011011		26		0.0147686		49558
2	1111011010001110011011		25		0.00781071		49671
2	1111011010001110011011		24		0.00435877		49743
2	1111011010001110011011		23		0		49816
3	1111011010001110011011		26		0.173363		49558
3	1111011010001110011011		25		0.134394		49671
3	1111011010001110011011		24		0.100747		49743
3	1111011010001110011011		23		0.0723658		49816
3	1111011010001110011011		22		0.0482465		49863
3	1111011010001110011011		21		0.0305759		49903
3	1111011010001110011011		20		0.0176185		49928
3	1111011010001110011011		19		0.00931638		49956
3	1111011010001110011011		18		0.00487542		49971
3	1111011010001110011011		17		0.00196075		49976
3	1111011010001110011011		16		0.000587523		49980
3	1111011010001110011011		15		2.02656e-05		49991
3	1111011010001110011011		14		0		49995
4	1111011010001110011011		21		0.161031		49903
4	1111011010001110011011		20		0.123282		49928
4	1111011010001110011011		19		0.0903003		49956
4	1111011010001110011011		18		0.063168		49971
4	1111011010001110011011		17		0.0420943		49976
4	1111011010001110011011		16		0.0259762		49980
4	1111011010001110011011		15		0.0140561		49991
4	1111011010001110011011		14		0.00665635		49995
4	1111011010001110011011		13		0.00290161		49997
4	1111011010001110011011		12		0.00113136		49998
4	1111011010001110011011		11		0.000376165		50000
4	1111011010001110011011		10		9.05991e-05		50000
4	1111011010001110011011		9		1.38283e-05		50000
4	1111011010001110011011		8		4.76837e-07		50000
4	1111011010001110011011		7		0		50000
5	1111011010001110011011		18		0.194819		49971
5	1111011010001110011011		17		0.152242		49976
5	1111011010001110011011		16		0.114655		49980
5	1111011010001110011011		15		0.082306		49991
5	1111011010001110011011		14		0.0550529		49995
5	1111011010001110011011		13		0.0339242		49997
5	1111011010001110011011		12		0.0190691		49998
5	1111011010001110011011		11		0.00968218		50000
5	1111011010001110011011		10		0.00436115		50000
5	1111011010001110011011		9		0.00168896		50000
5	1111011010001110011011		8		0.000540614		50000
5	1111011010001110011011		7		0.00013876		50000
5	1111011010001110011011		6		2.28882e-05		50000
5	1111011010001110011011		5		2.86102e-06		50000
5	1111011010001110011011		4		0		50000
6	1111011010001110011011		14		0.156375		49995
6	1111011010001110011011		13		0.115154		49997
6	1111011010001110011011		12		0.0796797		49998
6	1111011010001110011011		11		0.0513418		50000
6	1111011010001110011011		10		0.0301583		50000
6	1111011010001110011011		9		0.0160358		50000
6	1111011010001110011011		8		0.00736088		50000
6	1111011010001110011011		7		0.00286072		50000
6	1111011010001110011011		6		0.000927508		50000
6	1111011010001110011011		5		0.000225067		50000
6	1111011010001110011011		4		4.1008e-05		50000
6	1111011010001110011011		3		3.8147e-06		50000
6	1111011010001110011011		2		0		50000
7	1111011010001110011011		12		0.17876		49998
7	1111011010001110011011		11		0.131621		50000
7	1111011010001110011011		10		0.0910322		50000
7	1111011010001110011011		9		0.0581918		50000
7	1111011010001110011011		8		0.0336648		50000
7	1111011010001110011011		7		0.0171059		50000
7	1111011010001110011011		6		0.0073505		50000
7	1111011010001110011011		5		0.00250882		50000
7	1111011010001110011011		4		0.000680685		50000
7	1111011010001110011011		3		0.000123978		50000
7	1111011010001110011011		2		1.43051e-05		50000
7	1111011010001110011011		1		1.90735e-06		59257
8	1111011010001110011011		10		0.188829		50000
8	1111011010001110011011		9		0.136194		50000
8	1111011010001110011011		8		0.0911761		50000
8	1111011010001110011011		7		0.055398		50000
8	1111011010001110011011		6		0.0294691		50000
8	1111011010001110011011		5		0.013018		50000
8	1111011010001110011011		4		0.00464123		50000
8	1111011010001110011011		3		0.00119138		50000
8	1111011010001110011011		2		0.000181198		50000
8	1111011010001110011011		1		1.71661e-05		59257
0	11101110110001110110001		49		0		24248
1	11101110110001110110001		36		0		46144
2	11101110110001110110001		32		0.197422		47937
2	11101110110001110110001		31		0.159677		48264
2	11101110110001110110001		30		0.115383		48638
2	11101110110001110110001		29		0.0919721		48890
2	11101110110001110110001		28		0.0611371		49138
2	11101110110001110110001		27		0.0482324		49283
2	11101110110001110110001		26		0.0321878		49453
2	11101110110001110110001		25		0.0166446		49595
2	11101110110001110110001		24		0.00967962		49686
2	11101110110001110110001		23		0.0027892		49782
2	11101110110001110110001		22		0		49847
3	11101110110001110110001		26		0.179615		49453
3	11101110110001110110001		25		0.142935		49595
3	11101110110001110110001		24		0.111219		49686
3	11101110110001110110001		23		0.0832074		49782
3	11101110110001110110001		22		0.059507		49847
3	11101110110001110110001		21		0.0415979		49881
3	11101110110001110110001		20		0.0274429		49918
3	11101110110001110110001		19		0.0173151		49943
3	11101110110001110110001		18		0.0101378		49960
3	11101110110001110110001		17		0.00538397		49970
3	11101110110001110110001		16		0.00262296		49980
3	11101110110001110110001		15		0.000833869		49986
3	11101110110001110110001		14		0.000222921		49991
3	11101110110001110110001		13		4.12464e-05		49995
3	11101110110001110110001		12		0		49998
4	11101110110001110110001		21		0.161973		49881
4	11101110110001110110001		20		0.127222		49918
4	11101110110001110110001		19		0.0969746		49943
4	11101110110001110110001		18		0.0716417		49960
4	11101110110001110110001		17		0.050802		49970
4	11101110110001110110001		16		0.0343829		49980
4	11101110110001110110001		15		0.0219089		49986
4	11101110110001110110001		14		0.0129262		49991
4	11101110110001110110001		13		0.00702053		49995
4	11101110110001110110001		12		0.00344682		49998
4	11101110110001110110001		11		0.0015009		49998
4	11101110110001110110001		10		0.000597298		49998
4	11101110110001110110001		9		0.000204086		50000
4	11101110110001110110001		8		6.38962e-05		50000
4	11101110110001110110001		7		1.23978e-05		50000
4	11101110110001110110001		6		4.76837e-07		50000
4	11101110110001110110001		5		0		50000
5	11101110110001110110001		18		0.191282		49960
5	11101110110001110110001		17		0.152432		49970
5	11101110110001110110001		16		0.117742		49980
5	11101110110001110110001		15		0.0877148		49986
5	11101110110001110110001		14		0.0625509		49991
5	11101110110001110110001		13		0.0422847		49995
5	11101110110001110110001		12		0.0268402		49998
5	11101110110001110110001		11		0.0158181		49998
5	11101110110001110110001		10		0.00860971		49998
5	11101110110001110110001		9		0.00429326		50000
5	11101110110001110110001		8		0.00192219		50000
5	11101110110001110110001		7		0.000753582		50000
5	11101110110001110110001		6		0.00024128		50000
5	11101110110001110110001		5		6.86646e-05		50000
5	11101110110001110110001		4		1.4782e-05		50000
5	11101110110001110110001		3		4.29153e-06		50000
5	11101110110001110110001		2		9.53674e-07		50002
5	11101110110001110110001		1		0		59214
6	11101110110001110110001		15		0.197205		49986
6	11101110110001110110001		14		0.155393		49991
6	11101110110001110110001		13		0.117983		49995
6	11101110110001110110001		12		0.085579		49998
6	11101110110001110110001		11		0.0587773		49998
6	11101110110001110110001		10		0.0379159		49998
6	11101110110001110110001		9		0.0226935		50000
6	11101110110001110110001		8		0.0124842		50000
6	11101110110001110110001		7		0.00619489		50000
6	11101110110001110110001		6		0.00270569		50000
6	11101110110001110110001		5		0.000990391		50000
6	11101110110001110110001		4		0.000266969		50000
6	11101110110001110110001		3		4.19617e-05		50000
6	11101110110001110110001		2		4.76837e-06		50002
6	11101110110001110110001		1		9.53674e-07		59214
7	11101110110001110110001		12		0.176757		49998
7	11101110110001110110001		11		0.13384		49998
7	11101110110001110110001		10		0.0963521		49998
7	11101110110001110110001		9		0.0653393		50000
7	11101110110001110110001		8		0.0412142		50000
7	11101110110001110110001		7		0.0238885		50000
7	11101110110001110110001		6		0.0124145		50000
7	11101110110001110110001		5		0.00558054		50000
7	11101110110001110110001		4		0.00207496		50000
7	11101110110001110110001		3		0.000564396		50000
7	11101110110001110110001		2		9.72748e-05		50002
7	11101110110001110110001		1		6.67572e-06		59214
8	11101110110001110110001		10		0.188231		49998
8	11101110110001110110001		9		0.13958		50000
8	11101110110001110110001		8		0.097569		50000
8	11101110110001110110001		7		0.0634396		50000
8	11101110110001110110001		6		0.0376167		50000
8	11101110110001110110001		5		0.0196896		50000
8	11101110110001110110001		4		0.00855577		50000
8	11101110110001110110001		3		0.00277418		50000
8	11101110110001110110001		2		0.000638783		50002
8	11101110110001110110001		1		5.53131e-05		59214
0	1111111111100000111		53		0		24248
1	1111111111100000111		40		0		45489
2	1111111111100000111		35		0.196786		47905
2	1111111111100000111		34		0.168994		48162
2	1111111111100000111		33		0.143975		48389
2	1111111111100000111		32		0.109515		48694
2	1111111111100000111		31		0.0918053		48880
2	1111111111100000111		30		0.0759085		49053
2	1111111111100000111		29		0.0383495		49342
2	1111111111100000111		28		0.0294167		49466
2	1111111111100000111		27		0.0212335		49575
2	1111111111100000111		26		0		49772
3	1111111111100000111		28		0.183963		49466
3	1111111111100000111		27		0.150584		49575
3	1111111111100000111		26		0.108978		49772
3	1111111111100000111		25		0.0840614		49818
3	1111111111100000111		24		0.063789		49850
3	1111111111100000111		23		0.0454165		49889
3	1111111111100000111		22		0.0343192		49919
3	1111111111100000111		21		0.0236602		49940
3	1111111111100000111		20		0.0164547		49951
3	1111111111100000111		19		0.0106873		49965
3	1111111111100000111		18		0.00418073		49980
3	1111111111100000111		17		0.00210017		49988
3	1111111111100000111		16		0.000737369		49991
3	1111111111100000111		15		0		49996
4	1111111111100000111		23		0.174788		49889
4	1111111111100000111		22		0.142415		49919
4	1111111111100000111		21		0.114398		49940
4	1111111111100000111		20		0.090197		49951
4	1111111111100000111		19		0.0694309		49965
4	1111111111100000111		18		0.0497251		49980
4	1111111111100000111		17		0.0346108		49988
4	1111111111100000111		16		0.022761		49991
4	1111111111100000111		15		0.0138271		49996
4	1111111111100000111		14		0.00872642		49997
4	1111111111100000111		13		0.00520158		49998
4	1111111111100000111		12		0.00280035		49999
4	1111111111100000111		11		0.00123805		49999
4	1111111111100000111		10		0.000300825		49999
4	1111111111100000111		9		7.05719e-05		50000
4	1111111111100000111		8		9.53674e-06		50000
4	1111111111100000111		7		0		50000
5	1111111111100000111		19		0.181786		49965
5	1111111111100000111		18		0.148312		49980
5	1111111111100000111		17		0.117608		49988
5	1111111111100000111		16		0.0904143		49991
5	1111111111100000111		15		0.0668818		49996
5	1111111111100000111		14		0.0478668		49997
5	1111111111100000111		13		0.0331745		49998
5	1111111111100000111		12		0.0218972		49999
5	1111111111100000111		11		0.0135229		49999
5	1111111111100000111		10		0.00729555		49999
5	1111111111100000111		9		0.0037533		50000
5	1111111111100000111		8		0.00178128		50000
5	1111111111100000111		7		0.000781715		50000
5	1111111111100000111		6		0.000317991		50000
5	1111111111100000111		5		0.000100136		50000
5	1111111111100000111		4		2.95639e-05		50006
5	1111111111100000111		3		6.19888e-06		50038
5	1111111111100000111		2		0		50533
6	1111111111100000111		16		0.197349		49991
6	1111111111100000111		15		0.160253		49996
6	1111111111100000111		14		0.126667		49997
6	1111111111100000111		13		0.0970929		49998
6	1111111111100000111		12		0.0717599		49999
6	1111111111100000111		11		0.0507563		49999
6	1111111111100000111		10		0.0332214		49999
6	1111111111100000111		9		0.0207324		50000
6	1111111111100000111		8		0.0119981		50000
6	1111111111100000111		7		0.00628775		50000
6	1111111111100000111		6		0.00311744		50000
6	1111111111100000111		5		0.00128376		50000
6	1111111111100000111		4		0.000526309		50006
6	1111111111100000111		3		0.000185013		50038
6	1111111111100000111		2		4.00543e-05		50533
6	1111111111100000111		1		7.62939e-06		59546
7	1111111111100000111		13		0.19098		49998
7	1111111111100000111		12		0.152238		49999
7	1111111111100000111		11		0.117237		49999
7	1111111111100000111		10		0.0853583		49999
7	1111111111100000111		9		0.0599569		50000
7	1111111111100000111		8		0.0394982		50000
7	1111111111100000111		7		0.0239323		50000
7	1111111111100000111		6		0.0135902		50000
7	1111111111100000111		5		0.00666672		50000
7	1111111111100000111		4		0.00321251		50006
7	1111111111100000111		3		0.00133806		50038
7	1111111111100000111		2		0.00038904		50533
7	1111111111100000111		1		0.000108719		59546
8	1111111111100000111		10		0.164071		49999
8	1111111111100000111		9		0.124545		50000
8	1111111111100000111		8		0.0897918		50000
8	1111111111100000111		7		0.0602357		50000
8	1111111111100000111		6		0.0380241		50000
8	1111111111100000111		5		0.0209023		50000
8	1111111111100000111		4		0.0113449		50006
8	1111111111100000111		3		0.00541645		50038
8	1111111111100000111		2		0.00194073		50533
8	1111111111100000111		1		0.00064069		59546
