0.005
0.004906814
0.004813627
0.004720441
0.004627254
0.004534068
0.004440882
0.004347695
0.004254509
0.004161323
0.004068136
0.00397495
0.003881763
0.003788577
0.003695391
0.003602204
0.003575059
0.003557023
0.003538987
0.003520951
0.003502915
0.0035
0.0035
0.0035
0.0035
0.0035
0.0035
0.0035
0.0035
0.0035
0.0035
0.0035
0.0035
0.0035
0.0035
0.0035
0.0035
0.0035
0.0035
0.0035
0.0035
0.0035
0.0035
0.0035
0.0035
0.0035
0.0035
0.0035
0.0035
0.0035
0.0035
0.0035
0.0035
0.0035
0.0035
0.0035
0.0035
0.0035
0.0035
0.0035
0.0035
0.0035
0.0035
0.0035
0.0035
0.0035
0.0035
0.0035
0.0035
0.0035
0.0035
0.0035
0.0035
0.0035
0.0035
0.0035
0.0035
0.0035
0.0035
0.0035
0.0035
0.0035
0.0035
0.0035
0.0035
0.0035
0.0035
0.0035
0.0035
0.0035
0.0035
0.0035
0.0035
0.0035
0.0035
0.0035
0.0035
0.0035
0.0035
0.0035
0.0035
0.0035
0.0035
0.0035
0.0035
0.0035
0.0035
0.0035
0.0035
0.0035
0.0035
0.0035
0.0035
0.0035
0.0035
0.0035
0.0035
0.0035
0.0035
0.0035
0.0035
0.0035
0.0035
0.0035
0.0035
0.0035
0.0035
0.0035
0.0035
0.0035
0.0035
0.0035
0.0035
0.0035
0.0035
0.0035
0.0035
0.0035
0.0035
0.0035
0.0035
0.0035
0.0035
0.0035
0.0035
0.0035
0.0035
0.0035
0.0035
0.0035
0.0035
0.0035
0.0035
0.0035
0.0035
0.0035
0.0035
0.0035
0.0035
0.0035
0.0035
0.0035
0.0035
0.0035
0.0035
0.0035
0.0035
0.0035
0.0035
0.0035
0.0035
0.0035
0.0035
0.0035
0.0035
0.0035
0.0035
0.0035
0.0035
0.0035
0.0035
0.0035
0.0035
0.0035
0.0035
0.0035
0.0035
0.0035
0.0035
0.0035
0.0035
0.0035
0.003509777
0.003530819
0.003551861
0.003572904
0.003593946
0.003619239
0.003650301
0.003681363
0.003712425
0.003743487
0.003774549
0.003805611
0.003836673
0.003867735
0.003898798
0.00392986
0.003960922
0.003991984
0.004023046
0.004054109
0.004085171
0.004116233
0.004147295
0.004178357
0.004209419
0.004240481
0.004271543
0.004302605
0.004333667
0.004364730
0.004395792
0.004426854
0.004457916
0.004488978
0.004520040
0.004551103
0.004582165
0.004613227
0.004644289
0.004675351
0.004706413
0.004737475
0.004768537
0.004799599
0.004830661
0.004861724
0.004892786
0.004923848
0.00495491
0.004985972
0.005017035
0.005048097
0.005079159
0.005110221
0.005141283
0.005172345
0.005203407
0.005234469
0.005265531
0.005296593
0.005327655
0.005358717
0.00538978
0.005420841
0.005451903
0.005482965
0.005514028
0.00554509
0.005576152
0.005607214
0.005638276
0.005669339
0.005700401
0.005731463
0.005762525
0.005793587
0.005824649
0.005855711
0.005886773
0.005917835
0.005948897
0.005961923
0.005970942
0.00597996
0.005988978
0.005997996
0.006
0.006
0.006
0.006
0.006
0.006
0.006
0.006
0.006
0.006
0.006022348
0.006054412
0.006086476
0.00611854
0.006150604
0.006202405
0.006264529
0.006326653
0.006388777
0.006450901
0.006513026
0.00657515
0.006637274
0.006699399
0.006761523
0.006817878
0.006869983
0.006922087
0.006974191
0.007026295
0.007067134
0.007098196
0.007129258
0.00716032
0.007191382
0.007222444
0.007253506
0.007284569
0.007315631
0.007346693
0.007381399
0.007420477
0.007459555
0.007498633
0.007537712
0.007599198
0.007692385
0.007785571
0.007878757
0.007971944
0.00806513
0.008158317
0.008251503
0.00834469
0.008437876
0.008531062
0.008624249
0.008717435
0.008810621
0.008903808
0.008988482
0.00905261
0.009116739
0.009180867
0.009244996
0.009308618
0.009370742
0.009432866
0.00949499
0.009557114
0.009619238
0.009681362
0.009743487
0.009805611
0.009867735
0.00996152
0.01020801
0.01045451
0.010701
0.01094749
0.01120241
0.01151303
0.01182365
0.01213427
0.01244489
0.01275551
0.01306613
0.01337675
0.01368737
0.01399800
0.01429571
0.01435082
0.01440593
0.01446105
0.01451616
0.01456914
0.01441383
0.01425852
0.01410321
0.01394790
0.01379259
0.01363728
0.01348196
0.01332665
0.01317134
0.01301603
0.01295290
0.01289679
0.01284068
0.01278457
0.01272845
0.01283266
0.01295691
0.01308116
0.01320541
0.01332965
0.01345390
0.01357815
0.01370240
0.01382665
0.01395090
0.01410349
0.01426281
0.01442213
0.01458145
0.01474077
0.01504008
0.01538176
0.01572345
0.01606513
0.01640681
0.01674850
0.01709018
0.01743186
0.01777355
0.01811523
0.01845691
0.01879859
0.01914028
0.01948196
0.01982364
0.01999043
0.02006157
0.02013272
0.02020386
0.02027500
0.02034068
0.02040280
0.02046493
0.02052705
0.02058918
0.0206513
0.02071342
0.02077555
0.02083767
0.02089980
0.02105034
0.02128080
0.02151126
0.02174173
0.02197219
0.02222645
0.02250601
0.02278557
0.02306513
0.02334469
0.02362425
0.02390381
0.02418337
0.02446293
0.02474248
0.02500747
0.02525095
0.02549444
0.02573793
0.02598141
0.02621543
0.02643286
0.02665030
0.02686773
0.02708517
0.0273026
0.02752004
0.02773747
0.02795491
0.02817234
0.02840678
0.02868434
0.02896189
0.02923945
0.029517
0.02981763
0.03019038
0.03056312
0.03093587
0.03130862
0.03168136
0.03205411
0.03242685
0.0327996
0.03317235
0.03353926
0.03387594
0.03421261
0.03454928
0.03488596
0.03520441
0.03539078
0.03557715
0.03576353
0.0359499
0.03613627
0.03632264
0.03650902
0.03669539
0.03688177
0.03706814
0.03725451
0.03744088
0.03762726
0.03781363
0.038
