0.005
0.004515625
0.00403125
0.003546875
0.0035
0.0035
0.0035
0.0035
0.0035
0.0035
0.0035
0.0035
0.0035
0.0035
0.0035
0.0035
0.0035
0.0035
0.0035
0.0035
0.0035
0.0035
0.0035
0.0035
0.0035
0.0035
0.0035
0.0035
0.0035
0.0035
0.0035
0.0035
0.0035
0.0035
0.0035
0.0035
0.0035
0.0035
0.003635417
0.003796875
0.003958333
0.004119792
0.00428125
0.004442708
0.004604167
0.004765625
0.004927083
0.005088542
0.00525
0.005411458
0.005572917
0.005734375
0.005895833
0.006
0.006
0.006
0.006083333
0.00640625
0.006729167
0.007026042
0.0071875
0.007348958
0.00753125
0.008015625
0.0085
0.008984375
0.0093125
0.009635417
0.009958333
0.01140625
0.01302083
0.01463542
0.014375
0.01356771
0.01276042
0.0129375
0.01358333
0.01422917
0.01553125
0.01730729
0.01908333
0.02015625
0.02047917
0.02080208
0.0215625
0.02301563
0.02446875
0.02582813
0.02695833
0.02808854
0.029375
0.0313125
0.03325
0.03509375
0.0360625
0.03703125
0.038
