0.005
0.004439759
0.003879518
0.0035
0.0035
0.0035
0.0035
0.0035
0.0035
0.0035
0.0035
0.0035
0.0035
0.0035
0.0035
0.0035
0.0035
0.0035
0.0035
0.0035
0.0035
0.0035
0.0035
0.0035
0.0035
0.0035
0.0035
0.0035
0.0035
0.0035
0.0035
0.0035
0.0035
0.003662651
0.003849398
0.004036145
0.004222892
0.004409639
0.004596386
0.004783133
0.00496988
0.005156627
0.005343373
0.00553012
0.005716867
0.005903614
0.006
0.006
0.006
0.006301205
0.006674699
0.007024096
0.007210843
0.00739759
0.007753012
0.008313253
0.008873494
0.009289157
0.00966265
0.01018072
0.01204819
0.01391566
0.01460843
0.0136747
0.01274096
0.01305422
0.01380120
0.01463253
0.01668675
0.01874096
0.02014458
0.02051807
0.02089157
0.02219277
0.02387349
0.02554217
0.0268494
0.02815663
0.02979518
0.03203614
0.03427711
0.03575904
0.03687952
0.038
