0.005
0.004446429
0.003892857
0.0035
0.0035
0.0035
0.0035
0.0035
0.0035
0.0035
0.0035
0.0035
0.0035
0.0035
0.0035
0.0035
0.0035
0.0035
0.0035
0.0035
0.0035
0.0035
0.0035
0.0035
0.0035
0.0035
0.0035
0.0035
0.0035
0.0035
0.0035
0.0035
0.0035
0.003589286
0.003773810
0.003958333
0.004142857
0.004327381
0.004511905
0.004696429
0.004880952
0.005065476
0.00525
0.005434524
0.005619048
0.005803571
0.005988095
0.006
0.006
0.006083333
0.006452381
0.006821429
0.007095238
0.007279762
0.007464286
0.007946429
0.0085
0.009035714
0.009404762
0.00977381
0.01071429
0.01255952
0.01440476
0.014375
0.01345238
0.01252976
0.01321429
0.01395238
0.01502381
0.01705357
0.01908333
0.02020238
0.02057143
0.02094048
0.02239286
0.02405357
0.02566667
0.02695833
0.02825
0.02992857
0.03214286
0.03435714
0.03578571
0.03689286
0.038
