0.005
0.004388158
0.003776316
0.0035
0.0035
0.0035
0.0035
0.0035
0.0035
0.0035
0.0035
0.0035
0.0035
0.0035
0.0035
0.0035
0.0035
0.0035
0.0035
0.0035
0.0035
0.0035
0.0035
0.0035
0.0035
0.0035
0.0035
0.0035
0.0035
0.0035
0.003618421
0.003822368
0.004026316
0.004230263
0.004434211
0.004638158
0.004842105
0.005046053
0.00525
0.005453947
0.005657895
0.005861842
0.006
0.006
0.006
0.006355263
0.006763158
0.007085526
0.007289474
0.007493421
0.008092105
0.008703947
0.009210526
0.009618421
0.01013158
0.01217105
0.01421053
0.014375
0.01335526
0.01263158
0.01344737
0.01426316
0.01609211
0.01833553
0.02010526
0.02051316
0.02092105
0.02248026
0.02431579
0.02600658
0.02743421
0.02886184
0.03121053
0.03365789
0.03555263
0.03677632
0.038
