0.005
0.004396104
0.003792208
0.0035
0.0035
0.0035
0.0035
0.0035
0.0035
0.0035
0.0035
0.0035
0.0035
0.0035
0.0035
0.0035
0.0035
0.0035
0.0035
0.0035
0.0035
0.0035
0.0035
0.0035
0.0035
0.0035
0.0035
0.0035
0.0035
0.0035
0.003538961
0.00374026
0.003941558
0.004142857
0.004344156
0.004545455
0.004746753
0.004948052
0.005149351
0.005350649
0.005551948
0.005753247
0.005954545
0.006
0.006
0.006116883
0.00651948
0.006922078
0.007162338
0.007363636
0.007694805
0.008298701
0.008902597
0.009337662
0.00974026
0.01071429
0.01272727
0.01474026
0.01412338
0.01311688
0.01281169
0.01361688
0.01442208
0.0165
0.01871429
0.02016883
0.02057143
0.02097403
0.02269481
0.02450649
0.02613636
0.02754545
0.02895455
0.03133766
0.03375325
0.03558442
0.03679221
0.038
