0.005
0.004483333
0.003966667
0.0035
0.0035
0.0035
0.0035
0.0035
0.0035
0.0035
0.0035
0.0035
0.0035
0.0035
0.0035
0.0035
0.0035
0.0035
0.0035
0.0035
0.0035
0.0035
0.0035
0.0035
0.0035
0.0035
0.0035
0.0035
0.0035
0.0035
0.0035
0.0035
0.0035
0.0035
0.0035
0.003527778
0.0037
0.003872222
0.004044444
0.004216667
0.004388889
0.004561111
0.004733333
0.004905556
0.005077778
0.00525
0.005422222
0.005594444
0.005766667
0.005938889
0.006
0.006
0.006
0.006255556
0.0066
0.006944444
0.007144444
0.007316667
0.007488889
0.007983333
0.0085
0.009011111
0.009355556
0.0097
0.01022222
0.01194444
0.01366667
0.01480556
0.01394444
0.01308333
0.01272222
0.01341111
0.0141
0.01529444
0.01718889
0.01908333
0.02017778
0.02052222
0.02086667
0.02195
0.0235
0.02505
0.02635556
0.02756111
0.02876667
0.03066667
0.03273333
0.0348
0.03593333
0.03696667
0.038
