0.005
0.00452551
0.004051020
0.003576531
0.0035
0.0035
0.0035
0.0035
0.0035
0.0035
0.0035
0.0035
0.0035
0.0035
0.0035
0.0035
0.0035
0.0035
0.0035
0.0035
0.0035
0.0035
0.0035
0.0035
0.0035
0.0035
0.0035
0.0035
0.0035
0.0035
0.0035
0.0035
0.0035
0.0035
0.0035
0.0035
0.0035
0.0035
0.003510204
0.003668367
0.003826531
0.003984694
0.004142857
0.00430102
0.004459184
0.004617347
0.00477551
0.004933673
0.005091837
0.00525
0.005408163
0.005566327
0.00572449
0.005882653
0.006
0.006
0.006
0.006030612
0.006346939
0.006663265
0.006979592
0.007147959
0.007306122
0.007464286
0.007867347
0.008341837
0.008816327
0.009193878
0.009510204
0.00982653
0.01071429
0.01229592
0.01387755
0.01477041
0.01397959
0.01318878
0.01258163
0.01321429
0.01384694
0.01447959
0.01618367
0.01792347
0.01966327
0.02025510
0.02057143
0.02088776
0.02191837
0.02334184
0.02476531
0.02603571
0.02714286
0.02825
0.02961224
0.03151020
0.03340816
0.03515306
0.03610204
0.03705102
0.038
