0.005
0.004510526
0.004021053
0.003531579
0.0035
0.0035
0.0035
0.0035
0.0035
0.0035
0.0035
0.0035
0.0035
0.0035
0.0035
0.0035
0.0035
0.0035
0.0035
0.0035
0.0035
0.0035
0.0035
0.0035
0.0035
0.0035
0.0035
0.0035
0.0035
0.0035
0.0035
0.0035
0.0035
0.0035
0.0035
0.0035
0.0035
0.003536842
0.0037
0.003863158
0.004026316
0.004189474
0.004352632
0.004515789
0.004678947
0.004842105
0.005005263
0.005168421
0.005331579
0.005494737
0.005657895
0.005821053
0.00598421
0.006
0.006
0.006
0.006273684
0.0066
0.006926316
0.007126316
0.007289474
0.007452632
0.007847368
0.008336842
0.008826316
0.009210526
0.009536842
0.009863158
0.01094737
0.01257895
0.01421053
0.01457895
0.01376316
0.01294737
0.01279474
0.01344737
0.0141
0.01519474
0.01698947
0.01878421
0.02010526
0.02043158
0.02075789
0.02137895
0.02284737
0.02431579
0.02572105
0.02686316
0.02800526
0.02925263
0.03121053
0.03316842
0.03506316
0.03604211
0.03702105
0.038
