errors	shape		t		lossrate	PM

0	1111111111		59		0		25300
1	1111111111		50		0		44014
2	1111111111		41		0.177296		48134
2	1111111111		40		0		49256
3	1111111111		36		0.159849		49662
3	1111111111		35		0.122694		49726
3	1111111111		34		0.0923599		49777
3	1111111111		33		0.067408		49838
3	1111111111		32		0.0473309		49871
3	1111111111		31		0.0318308		49909
3	1111111111		30		0		49953
4	1111111111		31		0.172127		49909
4	1111111111		30		0.136677		49953
4	1111111111		29		0.098825		49966
4	1111111111		28		0.0702679		49977
4	1111111111		27		0.0493643		49985
4	1111111111		26		0.0341679		49988
4	1111111111		25		0.0230262		49990
4	1111111111		24		0.0149044		49992
4	1111111111		23		0.0090459		49994
4	1111111111		22		0.00499475		49996
4	1111111111		21		0.00237989		49998
4	1111111111		20		0		49999
5	1111111111		27		0.179959		49985
5	1111111111		26		0.14345		49988
5	1111111111		25		0.112246		49990
5	1111111111		24		0.0859657		49992
5	1111111111		23		0.0640544		49994
5	1111111111		22		0.0462236		49996
5	1111111111		21		0.0323742		49998
5	1111111111		20		0.0220105		49999
5	1111111111		19		0.0139739		49999
5	1111111111		18		0.00861961		49999
5	1111111111		17		0.00516742		49999
5	1111111111		16		0.00297815		50000
5	1111111111		15		0.00163281		50000
5	1111111111		14		0.000821233		50000
5	1111111111		13		0.000371397		50000
5	1111111111		12		0.000135899		50000
5	1111111111		11		3.52859e-05		50005
5	1111111111		10		0		50005
6	1111111111		23		0.169671		49994
6	1111111111		22		0.135294		49996
6	1111111111		21		0.105699		49998
6	1111111111		20		0.0811259		49999
6	1111111111		19		0.0609193		49999
6	1111111111		18		0.0443736		49999
6	1111111111		17		0.0314533		49999
6	1111111111		16		0.0217097		50000
6	1111111111		15		0.0145313		50000
6	1111111111		14		0.00937426		50000
6	1111111111		13		0.00579196		50000
6	1111111111		12		0.00340641		50000
6	1111111111		11		0.00190365		50005
6	1111111111		10		0.00100845		50005
6	1111111111		9		0.000498652		50042
6	1111111111		8		0.000226974		50140
6	1111111111		7		9.53674e-05		50450
6	1111111111		6		3.91006e-05		52165
6	1111111111		5		1.14441e-05		58877
6	1111111111		4		1.90735e-06		83157
6	1111111111		3		0		182963
7	1111111111		20		0.176093		49999
7	1111111111		19		0.142108		49999
7	1111111111		18		0.112364		49999
7	1111111111		17		0.0869576		49999
7	1111111111		16		0.0658196		50000
7	1111111111		15		0.0486238		50000
7	1111111111		14		0.0349238		50000
7	1111111111		13		0.0243204		50000
7	1111111111		12		0.0163614		50000
7	1111111111		11		0.0106158		50005
7	1111111111		10		0.00663263		50005
7	1111111111		9		0.00395375		50042
7	1111111111		8		0.00222909		50140
7	1111111111		7		0.00118756		50450
7	1111111111		6		0.000577748		52165
7	1111111111		5		0.000260293		58877
7	1111111111		4		0.000102043		83157
7	1111111111		3		3.24249e-05		182963
7	1111111111		2		6.67572e-06		583782
7	1111111111		1		0		2209857
0	111001001010011101		51		0		25301
1	111001001010011101		42		0		45305
2	111001001010011101		37		0.181533		48062
2	111001001010011101		36		0.111879		48556
2	111001001010011101		35		0.0635814		48994
2	111001001010011101		34		0.0407845		49239
2	111001001010011101		33		0.023291		49442
2	111001001010011101		32		0		49638
3	111001001010011101		32		0.178549		49638
3	111001001010011101		31		0.125592		49735
3	111001001010011101		30		0.084664		49796
3	111001001010011101		29		0.0514691		49854
3	111001001010011101		28		0.0294151		49895
3	111001001010011101		27		0.0161129		49924
3	111001001010011101		26		0.00579602		49947
3	111001001010011101		25		0.00161421		49965
3	111001001010011101		24		0.000203848		49979
3	111001001010011101		23		0		49985
4	111001001010011101		28		0.193174		49895
4	111001001010011101		27		0.143024		49924
4	111001001010011101		26		0.10077		49947
4	111001001010011101		25		0.0666464		49965
4	111001001010011101		24		0.0414569		49979
4	111001001010011101		23		0.0234901		49985
4	111001001010011101		22		0.0117244		49987
4	111001001010011101		21		0.00503695		49993
4	111001001010011101		20		0.00173324		49997
4	111001001010011101		19		0.000428557		49998
4	111001001010011101		18		8.10623e-05		50000
4	111001001010011101		17		8.10623e-06		50000
4	111001001010011101		16		0		50000
5	111001001010011101		24		0.177626		49979
5	111001001010011101		23		0.13088		49985
5	111001001010011101		22		0.0917289		49987
5	111001001010011101		21		0.0604619		49993
5	111001001010011101		20		0.0370842		49997
5	111001001010011101		19		0.0205998		49998
5	111001001010011101		18		0.0102492		50000
5	111001001010011101		17		0.00454867		50000
5	111001001010011101		16		0.0016861		50000
5	111001001010011101		15		0.000499606		50000
5	111001001010011101		14		0.000106335		50000
5	111001001010011101		13		1.23978e-05		50000
5	111001001010011101		12		1.43051e-06		50000
5	111001001010011101		11		0		50000
6	111001001010011101		21		0.188354		49993
6	111001001010011101		20		0.139901		49997
6	111001001010011101		19		0.0988341		49998
6	111001001010011101		18		0.0655202		50000
6	111001001010011101		17		0.0404147		50000
6	111001001010011101		16		0.0229302		50000
6	111001001010011101		15		0.0116381		50000
6	111001001010011101		14		0.00521725		50000
6	111001001010011101		13		0.00203019		50000
6	111001001010011101		12		0.000671148		50000
6	111001001010011101		11		0.000164986		50000
6	111001001010011101		10		2.86102e-05		50000
6	111001001010011101		9		3.8147e-06		50000
6	111001001010011101		8		0		50000
7	111001001010011101		18		0.176836		50000
7	111001001010011101		17		0.12883		50000
7	111001001010011101		16		0.0887904		50000
7	111001001010011101		15		0.0571674		50000
7	111001001010011101		14		0.0339487		50000
7	111001001010011101		13		0.0182797		50000
7	111001001010011101		12		0.00882238		50000
7	111001001010011101		11		0.00371814		50000
7	111001001010011101		10		0.00130665		50000
7	111001001010011101		9		0.000362337		50000
7	111001001010011101		8		8.29697e-05		50000
7	111001001010011101		7		1.81198e-05		50000
7	111001001010011101		6		1.90735e-06		50000
7	111001001010011101		5		0		50000
0	1111111000111		56		0		25300
1	1111111000111		47		0		44636
2	1111111000111		40		0.141293		48339
2	1111111000111		39		0.11568		48591
2	1111111000111		38		0.0925839		48836
2	1111111000111		37		0		49452
3	1111111000111		35		0.176452		49641
3	1111111000111		34		0.116034		49723
3	1111111000111		33		0.0848813		49789
3	1111111000111		32		0.0656149		49838
3	1111111000111		31		0.03646		49885
3	1111111000111		30		0.0169547		49930
3	1111111000111		29		0.0110384		49950
3	1111111000111		28		0.00649929		49959
3	1111111000111		27		0		49977
4	1111111000111		30		0.159155		49930
4	1111111000111		29		0.120106		49950
4	1111111000111		28		0.0852022		49959
4	1111111000111		27		0.0581429		49977
4	1111111000111		26		0.039811		49983
4	1111111000111		25		0.0257732		49987
4	1111111000111		24		0.0139832		49994
4	1111111000111		23		0.00753552		49995
4	1111111000111		22		0.00417644		49998
4	1111111000111		21		0.00127184		49999
4	1111111000111		20		0.00028652		49999
4	1111111000111		19		0.000102997		49999
4	1111111000111		18		1.95503e-05		49999
4	1111111000111		17		0		50000
5	1111111000111		26		0.162184		49983
5	1111111000111		25		0.124453		49987
5	1111111000111		24		0.0926107		49994
5	1111111000111		23		0.0659483		49995
5	1111111000111		22		0.0451953		49998
5	1111111000111		21		0.0291228		49999
5	1111111000111		20		0.0177337		49999
5	1111111000111		19		0.0103077		49999
5	1111111000111		18		0.0053913		49999
5	1111111000111		17		0.00248265		50000
5	1111111000111		16		0.00105184		50000
5	1111111000111		15		0.000326574		50000
5	1111111000111		14		5.62668e-05		50000
5	1111111000111		13		6.67572e-06		50000
5	1111111000111		12		9.53674e-07		50000
5	1111111000111		11		0		50000
6	1111111000111		23		0.185389		49995
6	1111111000111		22		0.145125		49998
6	1111111000111		21		0.110243		49999
6	1111111000111		20		0.0807508		49999
6	1111111000111		19		0.0568832		49999
6	1111111000111		18		0.0384148		49999
6	1111111000111		17		0.0244953		50000
6	1111111000111		16		0.0146554		50000
6	1111111000111		15		0.00803655		50000
6	1111111000111		14		0.00397652		50000
6	1111111000111		13		0.00178748		50000
6	1111111000111		12		0.000708342		50000
6	1111111000111		11		0.000218391		50000
6	1111111000111		10		5.14984e-05		50000
6	1111111000111		9		3.8147e-06		50000
6	1111111000111		8		9.53674e-07		50005
6	1111111000111		7		0		50013
7	1111111000111		20		0.189141		49999
7	1111111000111		19		0.148208		49999
7	1111111000111		18		0.112597		49999
7	1111111000111		17		0.0826328		50000
7	1111111000111		16		0.058181		50000
7	1111111000111		15		0.0389814		50000
7	1111111000111		14		0.0245967		50000
7	1111111000111		13		0.0144233		50000
7	1111111000111		12		0.00773567		50000
7	1111111000111		11		0.00372195		50000
7	1111111000111		10		0.00158089		50000
7	1111111000111		9		0.000564396		50000
7	1111111000111		8		0.000178337		50005
7	1111111000111		7		4.673e-05		50013
7	1111111000111		6		7.62939e-06		50047
7	1111111000111		5		9.53674e-07		50166
7	1111111000111		4		0		50599
0	11111111111		58		0		25300
1	11111111111		48		0		44218
2	11111111111		39		0.175844		48153
2	11111111111		38		0.14482		48423
2	11111111111		37		0		49349
3	11111111111		34		0.182156		49631
3	11111111111		33		0.142354		49696
3	11111111111		32		0.109922		49751
3	11111111111		31		0.0830894		49796
3	11111111111		30		0.0610256		49851
3	11111111111		29		0.0436167		49887
3	11111111111		28		0.0302992		49915
3	11111111111		27		0.0200009		49935
3	11111111111		26		0		49972
4	11111111111		29		0.191903		49887
4	11111111111		28		0.155707		49915
4	11111111111		27		0.124816		49935
4	11111111111		26		0.0978917		49972
4	11111111111		25		0.070572		49978
4	11111111111		24		0.0504416		49983
4	11111111111		23		0.0356547		49988
4	11111111111		22		0.0246832		49990
4	11111111111		21		0.0166207		49992
4	11111111111		20		0.0107182		49993
4	11111111111		19		0.00651467		49996
4	11111111111		18		0.00367725		49998
4	11111111111		17		0.00188839		49998
4	11111111111		16		0.000805557		49999
4	11111111111		15		0		49999
5	11111111111		24		0.167697		49983
5	11111111111		23		0.135295		49988
5	11111111111		22		0.107082		49990
5	11111111111		21		0.0830657		49992
5	11111111111		20		0.0629017		49993
5	11111111111		19		0.0462974		49996
5	11111111111		18		0.0331836		49998
5	11111111111		17		0.0232251		49998
5	11111111111		16		0.0157918		49999
5	11111111111		15		0.0103039		49999
5	11111111111		14		0.00633132		49999
5	11111111111		13		0.00378323		49999
5	11111111111		12		0.00217915		50000
5	11111111111		11		0.00119376		50000
5	11111111111		10		0.000614464		50005
5	11111111111		9		0.000290334		50005
5	11111111111		8		0.000120163		50042
5	11111111111		7		4.19617e-05		50134
5	11111111111		6		1.14441e-05		50442
5	11111111111		5		1.90735e-06		52127
5	11111111111		4		0		58834
6	11111111111		21		0.192287		49992
6	11111111111		20		0.157802		49993
6	11111111111		19		0.126812		49996
6	11111111111		18		0.0998846		49998
6	11111111111		17		0.0772823		49998
6	11111111111		16		0.0586606		49999
6	11111111111		15		0.0434408		49999
6	11111111111		14		0.0313073		49999
6	11111111111		13		0.0219205		49999
6	11111111111		12		0.014895		50000
6	11111111111		11		0.00976717		50000
6	11111111111		10		0.00615317		50005
6	11111111111		9		0.00369722		50005
6	11111111111		8		0.00210351		50042
6	11111111111		7		0.00113326		50134
6	11111111111		6		0.000551999		50442
6	11111111111		5		0.000254571		52127
6	11111111111		4		9.91821e-05		58834
6	11111111111		3		3.43323e-05		83040
6	11111111111		2		7.62939e-06		182636
6	11111111111		1		9.53674e-07		583146
7	11111111111		18		0.196945		49998
7	11111111111		17		0.161893		49998
7	11111111111		16		0.130916		49999
7	11111111111		15		0.103793		49999
7	11111111111		14		0.0805491		49999
7	11111111111		13		0.0611736		49999
7	11111111111		12		0.0453109		50000
7	11111111111		11		0.032621		50000
7	11111111111		10		0.0227587		50005
7	11111111111		9		0.0153055		50005
7	11111111111		8		0.0099051		50042
7	11111111111		7		0.0061143		50134
7	11111111111		6		0.00358701		50442
7	11111111111		5		0.00195312		52127
7	11111111111		4		0.000954151		58834
7	11111111111		3		0.000424266		83040
7	11111111111		2		0.00015831		182636
7	11111111111		1		4.19617e-05		583146
0	11111101110101		55		0		25300
1	11111101110101		45		0		44811
2	11111101110101		39		0.197982		47954
2	11111101110101		38		0.160832		48263
2	11111101110101		37		0.133405		48499
2	11111101110101		36		0.100582		48798
2	11111101110101		35		0.0729371		49049
2	11111101110101		34		0		49522
3	11111101110101		33		0.189114		49634
3	11111101110101		32		0.143198		49697
3	11111101110101		31		0.107744		49747
3	11111101110101		30		0.0758286		49807
3	11111101110101		29		0.0522856		49865
3	11111101110101		28		0.0349293		49908
3	11111101110101		27		0.022891		49930
3	11111101110101		26		0.0151106		49952
3	11111101110101		25		0.00784236		49966
3	11111101110101		24		0.00321943		49976
3	11111101110101		23		0		49981
4	11111101110101		28		0.177615		49908
4	11111101110101		27		0.139423		49930
4	11111101110101		26		0.106765		49952
4	11111101110101		25		0.080218		49966
4	11111101110101		24		0.0580549		49976
4	11111101110101		23		0.0401955		49981
4	11111101110101		22		0.0263927		49987
4	11111101110101		21		0.0167398		49992
4	11111101110101		20		0.00993764		49996
4	11111101110101		19		0.00528932		49998
4	11111101110101		18		0.00258541		49998
4	11111101110101		17		0.00112277		49999
4	11111101110101		16		0.00039953		49999
4	11111101110101		15		9.91821e-05		49999
4	11111101110101		14		1.04904e-05		50000
4	11111101110101		13		0		50000
5	11111101110101		24		0.182751		49976
5	11111101110101		23		0.145819		49981
5	11111101110101		22		0.113562		49987
5	11111101110101		21		0.0859927		49992
5	11111101110101		20		0.0630152		49996
5	11111101110101		19		0.0444246		49998
5	11111101110101		18		0.0299664		49998
5	11111101110101		17		0.0192398		49999
5	11111101110101		16		0.0116829		49999
5	11111101110101		15		0.00659996		49999
5	11111101110101		14		0.00338602		50000
5	11111101110101		13		0.00153756		50000
5	11111101110101		12		0.000579178		50000
5	11111101110101		11		0.000164986		50000
5	11111101110101		10		1.4782e-05		50000
5	11111101110101		9		9.53674e-07		50000
5	11111101110101		8		0		50004
6	11111101110101		20		0.165528		49996
6	11111101110101		19		0.130632		49998
6	11111101110101		18		0.100306		49998
6	11111101110101		17		0.0746095		49999
6	11111101110101		16		0.0535386		49999
6	11111101110101		15		0.0368326		49999
6	11111101110101		14		0.0241036		50000
6	11111101110101		13		0.0148433		50000
6	11111101110101		12		0.00841868		50000
6	11111101110101		11		0.00425577		50000
6	11111101110101		10		0.00183988		50000
6	11111101110101		9		0.000641644		50000
6	11111101110101		8		0.000159264		50004
6	11111101110101		7		2.19345e-05		50017
6	11111101110101		6		0		50029
7	11111101110101		17		0.167179		49999
7	11111101110101		16		0.131436		49999
7	11111101110101		15		0.100323		49999
7	11111101110101		14		0.0739632		50000
7	11111101110101		13		0.0523582		50000
7	11111101110101		12		0.0352505		50000
7	11111101110101		11		0.0222675		50000
7	11111101110101		10		0.0128919		50000
7	11111101110101		9		0.00661749		50000
7	11111101110101		8		0.00283319		50004
7	11111101110101		7		0.00094372		50017
7	11111101110101		6		0.00022316		50029
7	11111101110101		5		3.43323e-05		50078
7	11111101110101		4		5.72205e-06		50294
7	11111101110101		3		0		51359
0	11111110001111		55		0		25300
1	11111110001111		45		0		44818
2	11111110001111		38		0.138152		48357
2	11111110001111		37		0.113761		48594
2	11111110001111		36		0.091709		48830
2	11111110001111		35		0.0729371		49021
2	11111110001111		34		0		49526
3	11111110001111		33		0.198508		49607
3	11111110001111		32		0.152219		49680
3	11111110001111		31		0.112733		49758
3	11111110001111		30		0.072042		49817
3	11111110001111		29		0.0553162		49857
3	11111110001111		28		0.0387053		49891
3	11111110001111		27		0.014599		49936
3	11111110001111		26		0.00968432		49954
3	11111110001111		25		0.00592333		49962
3	11111110001111		24		0.00321943		49976
3	11111110001111		23		0		49983
4	11111110001111		28		0.187727		49891
4	11111110001111		27		0.14655		49936
4	11111110001111		26		0.110262		49954
4	11111110001111		25		0.0812871		49962
4	11111110001111		24		0.0577328		49976
4	11111110001111		23		0.0371912		49983
4	11111110001111		22		0.0251352		49987
4	11111110001111		21		0.0155885		49992
4	11111110001111		20		0.00791073		49997
4	11111110001111		19		0.00416553		49998
4	11111110001111		18		0.00214678		49999
4	11111110001111		17		0.000807941		49999
4	11111110001111		16		8.72612e-05		49999
4	11111110001111		15		2.24113e-05		49999
4	11111110001111		14		5.24521e-06		50000
4	11111110001111		13		0		50000
5	11111110001111		24		0.19172		49976
5	11111110001111		23		0.151742		49983
5	11111110001111		22		0.116277		49987
5	11111110001111		21		0.0871722		49992
5	11111110001111		20		0.0631573		49997
5	11111110001111		19		0.0437208		49998
5	11111110001111		18		0.028983		49999
5	11111110001111		17		0.0180732		49999
5	11111110001111		16		0.0103247		49999
5	11111110001111		15		0.0055995		49999
5	11111110001111		14		0.00270617		50000
5	11111110001111		13		0.00109327		50000
5	11111110001111		12		0.000415266		50000
5	11111110001111		11		0.000132084		50000
5	11111110001111		10		1.71661e-05		50000
5	11111110001111		9		0		50000
6	11111110001111		20		0.171271		49997
6	11111110001111		19		0.134467		49998
6	11111110001111		18		0.102495		49999
6	11111110001111		17		0.0755198		49999
6	11111110001111		16		0.0533202		49999
6	11111110001111		15		0.0357978		49999
6	11111110001111		14		0.0227997		50000
6	11111110001111		13		0.0135224		50000
6	11111110001111		12		0.00735992		50000
6	11111110001111		11		0.00362027		50000
6	11111110001111		10		0.00158757		50000
6	11111110001111		9		0.000613987		50000
6	11111110001111		8		0.000206947		50000
6	11111110001111		7		6.19888e-05		50005
6	11111110001111		6		1.43051e-05		50005
6	11111110001111		5		2.86102e-06		50045
6	11111110001111		4		0		50141
7	11111110001111		17		0.172506		49999
7	11111110001111		16		0.13472		49999
7	11111110001111		15		0.101811		49999
7	11111110001111		14		0.0740471		50000
7	11111110001111		13		0.0514549		50000
7	11111110001111		12		0.0337616		50000
7	11111110001111		11		0.0207118		50000
7	11111110001111		10		0.0116909		50000
7	11111110001111		9		0.00597781		50000
7	11111110001111		8		0.00278467		50000
7	11111110001111		7		0.00112754		50005
7	11111110001111		6		0.000398576		50005
7	11111110001111		5		0.000125885		50045
7	11111110001111		4		3.05176e-05		50141
7	11111110001111		3		7.62939e-06		52507
7	11111110001111		2		1.90735e-06		88454
7	11111110001111		1		0		676032
0	111111111111		57		0		25300
1	111111111111		46		0		44473
2	111111111111		37		0.173306		48191
2	111111111111		36		0.143607		48436
2	111111111111		35		0.116762		48683
2	111111111111		34		0		49436
3	111111111111		31		0.15941		49675
3	111111111111		30		0.124971		49727
3	111111111111		29		0.0964391		49776
3	111111111111		28		0.0727472		49819
3	111111111111		27		0.0537667		49871
3	111111111111		26		0.0391127		49900
3	111111111111		25		0.0277745		49926
3	111111111111		24		0.0188721		49946
3	111111111111		23		0.0118803		49963
3	111111111111		22		0		49979
4	111111111111		26		0.169665		49900
4	111111111111		25		0.138446		49926
4	111111111111		24		0.111287		49946
4	111111111111		23		0.0877452		49963
4	111111111111		22		0.0676637		49979
4	111111111111		21		0.0488428		49985
4	111111111111		20		0.0348861		49986
4	111111111111		19		0.0244641		49989
4	111111111111		18		0.0167726		49992
4	111111111111		17		0.0111158		49996
4	111111111111		16		0.00702053		49996
4	111111111111		15		0.00420588		49997
4	111111111111		14		0.00239038		49998
4	111111111111		13		0.0012514		49999
4	111111111111		12		0.00056535		49999
4	111111111111		11		0.000188351		49999
4	111111111111		10		0		49999
5	111111111111		22		0.18226		49979
5	111111111111		21		0.150916		49985
5	111111111111		20		0.12258		49986
5	111111111111		19		0.0976013		49989
5	111111111111		18		0.0761997		49992
5	111111111111		17		0.058125		49996
5	111111111111		16		0.0431265		49996
5	111111111111		15		0.0311558		49997
5	111111111111		14		0.0220138		49998
5	111111111111		13		0.0151552		49999
5	111111111111		12		0.0100769		49999
5	111111111111		11		0.00642896		49999
5	111111111111		10		0.00391239		49999
5	111111111111		9		0.00226575		50005
5	111111111111		8		0.00124282		50005
5	111111111111		7		0.000647783		50042
5	111111111111		6		0.000312746		50134
5	111111111111		5		0.000133514		50436
5	111111111111		4		4.72069e-05		52124
5	111111111111		3		8.58307e-06		58820
5	111111111111		2		9.53674e-07		83017
5	111111111111		1		0		182590
6	111111111111		18		0.171681		49992
6	111111111111		17		0.141046		49996
6	111111111111		16		0.113431		49996
6	111111111111		15		0.089322		49997
6	111111111111		14		0.0690266		49998
6	111111111111		13		0.0523058		49999
6	111111111111		12		0.0386643		49999
6	111111111111		11		0.0278183		49999
6	111111111111		10		0.0194231		49999
6	111111111111		9		0.0131018		50005
6	111111111111		8		0.00849813		50005
6	111111111111		7		0.00523907		50042
6	111111111111		6		0.00305849		50134
6	111111111111		5		0.00166851		50436
6	111111111111		4		0.000817895		52124
6	111111111111		3		0.000354707		58820
6	111111111111		2		0.0001297		83017
6	111111111111		1		3.62396e-05		182590
7	111111111111		15		0.173781		49997
7	111111111111		14		0.142101		49998
7	111111111111		13		0.114187		49999
7	111111111111		12		0.0899141		49999
7	111111111111		11		0.0692113		49999
7	111111111111		10		0.0519785		49999
7	111111111111		9		0.0379764		50005
7	111111111111		8		0.0268722		50005
7	111111111111		7		0.0182685		50042
7	111111111111		6		0.0118916		50134
7	111111111111		5		0.00731546		50436
7	111111111111		4		0.00419879		52124
7	111111111111		3		0.00218344		58820
7	111111111111		2		0.000990391		83017
7	111111111111		1		0.000329912		182590
0	1110100111010011101		50		0		25300
1	1110100111010011101		39		0		45604
2	1110100111010011101		34		0.188532		48015
2	1110100111010011101		33		0.149161		48333
2	1110100111010011101		32		0.113604		48672
2	1110100111010011101		31		0.0642989		49052
2	1110100111010011101		30		0.044374		49270
2	1110100111010011101		29		0.0267763		49437
2	1110100111010011101		28		0.0152528		49575
2	1110100111010011101		27		0		49732
3	1110100111010011101		28		0.170733		49575
3	1110100111010011101		27		0.128563		49732
3	1110100111010011101		26		0.0936937		49799
3	1110100111010011101		25		0.0651984		49839
3	1110100111010011101		24		0.0435441		49885
3	1110100111010011101		23		0.0269921		49915
3	1110100111010011101		22		0.0162019		49933
3	1110100111010011101		21		0.00748539		49956
3	1110100111010011101		20		0.00267363		49968
3	1110100111010011101		19		0.00045979		49979
3	1110100111010011101		18		3.88622e-05		49984
3	1110100111010011101		17		0		49992
4	1110100111010011101		24		0.193622		49885
4	1110100111010011101		23		0.151171		49915
4	1110100111010011101		22		0.114662		49933
4	1110100111010011101		21		0.0836444		49956
4	1110100111010011101		20		0.0581317		49968
4	1110100111010011101		19		0.0381856		49979
4	1110100111010011101		18		0.0233499		49984
4	1110100111010011101		17		0.0128471		49992
4	1110100111010011101		16		0.00636023		49994
4	1110100111010011101		15		0.00256783		49998
4	1110100111010011101		14		0.000740707		49998
4	1110100111010011101		13		0.000147343		49999
4	1110100111010011101		12		6.67572e-06		50000
4	1110100111010011101		11		0		50000
5	1110100111010011101		20		0.185206		49968
5	1110100111010011101		19		0.144061		49979
5	1110100111010011101		18		0.108111		49984
5	1110100111010011101		17		0.0775273		49992
5	1110100111010011101		16		0.052721		49994
5	1110100111010011101		15		0.0334874		49998
5	1110100111010011101		14		0.0195045		49998
5	1110100111010011101		13		0.0103021		49999
5	1110100111010011101		12		0.00475985		50000
5	1110100111010011101		11		0.00189412		50000
5	1110100111010011101		10		0.000571549		50000
5	1110100111010011101		9		0.000126362		50000
5	1110100111010011101		8		1.66893e-05		50000
5	1110100111010011101		7		9.53674e-07		50000
5	1110100111010011101		6		0		50000
6	1110100111010011101		17		0.194691		49992
6	1110100111010011101		16		0.151119		49994
6	1110100111010011101		15		0.112634		49998
6	1110100111010011101		14		0.0798017		49998
6	1110100111010011101		13		0.0532271		49999
6	1110100111010011101		12		0.0329679		50000
6	1110100111010011101		11		0.0186129		50000
6	1110100111010011101		10		0.00940359		50000
6	1110100111010011101		9		0.00413895		50000
6	1110100111010011101		8		0.00154662		50000
6	1110100111010011101		7		0.000429988		50000
6	1110100111010011101		6		8.29697e-05		50000
6	1110100111010011101		5		1.14441e-05		50000
6	1110100111010011101		4		0		50000
7	1110100111010011101		14		0.180445		49998
7	1110100111010011101		13		0.135969		49999
7	1110100111010011101		12		0.097272		50000
7	1110100111010011101		11		0.0653624		50000
7	1110100111010011101		10		0.040723		50000
7	1110100111010011101		9		0.0230476		50000
7	1110100111010011101		8		0.0116372		50000
7	1110100111010011101		7		0.00505215		50000
7	1110100111010011101		6		0.00179893		50000
7	1110100111010011101		5		0.000462413		50000
7	1110100111010011101		4		8.7738e-05		50000
7	1110100111010011101		3		1.04904e-05		50014
7	1110100111010011101		2		9.53674e-07		50593
7	1110100111010011101		1		0		201959
0	111111111000111		54		0		25300
1	111111111000111		43		0		45055
2	111111111000111		37		0.193785		47993
2	111111111000111		36		0.163841		48240
2	111111111000111		35		0.137006		48469
2	111111111000111		34		0.090111		48873
2	111111111000111		33		0.0722205		49051
2	111111111000111		32		0.0571002		49193
2	111111111000111		31		0		49591
3	111111111000111		30		0.162812		49663
3	111111111000111		29		0.12451		49738
3	111111111000111		28		0.0839154		49811
3	111111111000111		27		0.0629205		49858
3	111111111000111		26		0.0482622		49892
3	111111111000111		25		0.028034		49919
3	111111111000111		24		0.0195519		49940
3	111111111000111		23		0.0129521		49955
3	111111111000111		22		0.00499547		49966
3	111111111000111		21		0.0028289		49975
3	111111111000111		20		0.00135356		49982
3	111111111000111		19		0		49989
4	111111111000111		26		0.193322		49892
4	111111111000111		25		0.155317		49919
4	111111111000111		24		0.121489		49940
4	111111111000111		23		0.093677		49955
4	111111111000111		22		0.0683432		49966
4	111111111000111		21		0.0494183		49975
4	111111111000111		20		0.0345809		49982
4	111111111000111		19		0.0222591		49989
4	111111111000111		18		0.0142879		49993
4	111111111000111		17		0.00869149		49995
4	111111111000111		16		0.00431412		49997
4	111111111000111		15		0.00214154		49998
4	111111111000111		14		0.000876546		49999
4	111111111000111		13		0.000174999		50000
4	111111111000111		12		3.29018e-05		50000
4	111111111000111		11		3.8147e-06		50000
4	111111111000111		10		0		50000
5	111111111000111		22		0.198227		49966
5	111111111000111		21		0.160152		49975
5	111111111000111		20		0.126903		49982
5	111111111000111		19		0.0982194		49989
5	111111111000111		18		0.0735357		49993
5	111111111000111		17		0.0535458		49995
5	111111111000111		16		0.0372844		49997
5	111111111000111		15		0.0247135		49998
5	111111111000111		14		0.0154679		49999
5	111111111000111		13		0.00885975		50000
5	111111111000111		12		0.00467443		50000
5	111111111000111		11		0.0022096		50000
5	111111111000111		10		0.000849366		50000
5	111111111000111		9		0.000254095		50000
5	111111111000111		8		4.19617e-05		50000
5	111111111000111		7		9.53674e-07		50000
5	111111111000111		6		0		50005
6	111111111000111		18		0.178444		49993
6	111111111000111		17		0.142896		49995
6	111111111000111		16		0.111518		49997
6	111111111000111		15		0.0843835		49998
6	111111111000111		14		0.0615665		49999
6	111111111000111		13		0.0429709		50000
6	111111111000111		12		0.0282901		50000
6	111111111000111		11		0.0174527		50000
6	111111111000111		10		0.00981629		50000
6	111111111000111		9		0.00488514		50000
6	111111111000111		8		0.00212348		50000
6	111111111000111		7		0.000792205		50000
6	111111111000111		6		0.00023365		50005
6	111111111000111		5		6.19888e-05		50013
6	111111111000111		4		1.23978e-05		50047
6	111111111000111		3		0		50612
7	111111111000111		15		0.177701		49998
7	111111111000111		14		0.141067		49999
7	111111111000111		13		0.108546		50000
7	111111111000111		12		0.0804027		50000
7	111111111000111		11		0.0568508		50000
7	111111111000111		10		0.0379452		50000
7	111111111000111		9		0.0232544		50000
7	111111111000111		8		0.0130265		50000
7	111111111000111		7		0.00640619		50000
7	111111111000111		6		0.00266862		50005
7	111111111000111		5		0.0010342		50013
7	111111111000111		4		0.000290811		50047
7	111111111000111		3		6.38962e-05		50612
7	111111111000111		2		1.52588e-05		59574
7	111111111000111		1		3.8147e-06		205293
0	1111111111111		56		0		25300
1	1111111111111		44		0		44675
2	1111111111111		35		0.169668		48223
2	1111111111111		34		0.141293		48461
2	1111111111111		33		0.11568		48699
2	1111111111111		32		0.0925839		48919
2	1111111111111		31		0		49499
3	1111111111111		29		0.173742		49654
3	1111111111111		28		0.137663		49714
3	1111111111111		27		0.107507		49764
3	1111111111111		26		0.082355		49804
3	1111111111111		25		0.0621344		49850
3	1111111111111		24		0.0464413		49891
3	1111111111111		23		0.0341989		49918
3	1111111111111		22		0.024526		49941
3	1111111111111		21		0.0169547		49950
3	1111111111111		20		0.0110384		49967
3	1111111111111		19		0.00649929		49973
3	1111111111111		18		0		49984
4	1111111111111		24		0.179024		49891
4	1111111111111		23		0.147831		49918
4	1111111111111		22		0.120518		49941
4	1111111111111		21		0.0968742		49950
4	1111111111111		20		0.0765512		49967
4	1111111111111		19		0.0592865		49973
4	1111111111111		18		0.0449722		49984
4	1111111111111		17		0.0322114		49986
4	1111111111111		16		0.022679		49989
4	1111111111111		15		0.0156242		49995
4	1111111111111		14		0.010421		49996
4	1111111111111		13		0.00664592		49996
4	1111111111111		12		0.00405729		49998
4	1111111111111		11		0.00237709		49998
4	1111111111111		10		0.00130761		49999
4	1111111111111		9		0.000658751		49999
4	1111111111111		8		0.00028652		50004
4	1111111111111		7		0.000102997		50004
4	1111111111111		6		1.95503e-05		50042
4	1111111111111		5		0		50134
5	1111111111111		20		0.190129		49967
5	1111111111111		19		0.159021		49973
5	1111111111111		18		0.131279		49984
5	1111111111111		17		0.106848		49986
5	1111111111111		16		0.0852222		49989
5	1111111111111		15		0.0665538		49995
5	1111111111111		14		0.0506974		49996
5	1111111111111		13		0.0374869		49996
5	1111111111111		12		0.0269793		49998
5	1111111111111		11		0.0189596		49998
5	1111111111111		10		0.0129634		49999
5	1111111111111		9		0.00854397		49999
5	1111111111111		8		0.00539368		50004
5	1111111111111		7		0.00322723		50004
5	1111111111111		6		0.0018189		50042
5	1111111111111		5		0.000956535		50134
5	1111111111111		4		0.000458121		50436
5	1111111111111		3		0.000186443		52124
5	1111111111111		2		6.96182e-05		58817
5	1111111111111		1		1.28746e-05		83017
6	1111111111111		16		0.178054		49989
6	1111111111111		15		0.148245		49995
6	1111111111111		14		0.121107		49996
6	1111111111111		13		0.09667		49996
6	1111111111111		12		0.0754563		49998
6	1111111111111		11		0.0577444		49998
6	1111111111111		10		0.0431753		49999
6	1111111111111		9		0.0314099		49999
6	1111111111111		8		0.022135		50004
6	1111111111111		7		0.0150406		50004
6	1111111111111		6		0.00975966		50042
6	1111111111111		5		0.00599676		50134
6	1111111111111		4		0.00342923		50436
6	1111111111111		3		0.00180465		52124
6	1111111111111		2		0.000820756		58817
6	1111111111111		1		0.000282228		83017
7	1111111111111		13		0.178395		49996
7	1111111111111		12		0.146676		49998
7	1111111111111		11		0.118435		49998
7	1111111111111		10		0.0937518		49999
7	1111111111111		9		0.0724607		49999
7	1111111111111		8		0.0545354		50004
7	1111111111111		7		0.0397986		50004
7	1111111111111		6		0.027974		50042
7	1111111111111		5		0.0188066		50134
7	1111111111111		4		0.0118935		50436
7	1111111111111		3		0.00698406		52124
7	1111111111111		2		0.00361741		58817
7	1111111111111		1		0.00152284		83017
0	110101111001100010111		48		0		25300
1	110101111001100010111		36		0		45984
2	110101111001100010111		32		0.199754		47958
2	110101111001100010111		31		0.168289		48239
2	110101111001100010111		30		0.125005		48603
2	110101111001100010111		29		0.0908291		48895
2	110101111001100010111		28		0.060509		49115
2	110101111001100010111		27		0.0401776		49326
2	110101111001100010111		26		0.0224621		49510
2	110101111001100010111		25		0.00855511		49653
2	110101111001100010111		24		0.00474608		49749
2	110101111001100010111		23		0		49823
3	110101111001100010111		26		0.196774		49510
3	110101111001100010111		25		0.151518		49653
3	110101111001100010111		24		0.111298		49749
3	110101111001100010111		23		0.078761		49823
3	110101111001100010111		22		0.0530748		49863
3	110101111001100010111		21		0.0337646		49906
3	110101111001100010111		20		0.0205507		49928
3	110101111001100010111		19		0.0107569		49946
3	110101111001100010111		18		0.00496322		49961
3	110101111001100010111		17		0.00159043		49976
3	110101111001100010111		16		0.000398099		49985
3	110101111001100010111		15		1.19209e-06		49990
3	110101111001100010111		14		0		49995
4	110101111001100010111		21		0.170677		49906
4	110101111001100010111		20		0.130067		49928
4	110101111001100010111		19		0.0955192		49946
4	110101111001100010111		18		0.0664403		49961
4	110101111001100010111		17		0.0430855		49976
4	110101111001100010111		16		0.0256905		49985
4	110101111001100010111		15		0.0137336		49990
4	110101111001100010111		14		0.00656301		49995
4	110101111001100010111		13		0.00270569		49997
4	110101111001100010111		12		0.000930846		49999
4	110101111001100010111		11		0.000264585		50000
4	110101111001100010111		10		5.10216e-05		50000
4	110101111001100010111		9		3.8147e-06		50000
4	110101111001100010111		8		0		50000
5	110101111001100010111		17		0.157036		49976
5	110101111001100010111		16		0.116918		49985
5	110101111001100010111		15		0.0825147		49990
5	110101111001100010111		14		0.0543019		49995
5	110101111001100010111		13		0.0328733		49997
5	110101111001100010111		12		0.0179421		49999
5	110101111001100010111		11		0.0087496		50000
5	110101111001100010111		10		0.00374186		50000
5	110101111001100010111		9		0.00136566		50000
5	110101111001100010111		8		0.000408113		50000
5	110101111001100010111		7		9.15527e-05		50000
5	110101111001100010111		6		6.67572e-06		50000
5	110101111001100010111		5		1.43051e-06		50000
5	110101111001100010111		4		0		50000
6	110101111001100010111		14		0.157316		49995
6	110101111001100010111		13		0.114395		49997
6	110101111001100010111		12		0.0779737		49999
6	110101111001100010111		11		0.049071		50000
6	110101111001100010111		10		0.0280371		50000
6	110101111001100010111		9		0.014334		50000
6	110101111001100010111		8		0.00635505		50000
6	110101111001100010111		7		0.00237566		50000
6	110101111001100010111		6		0.000719786		50000
6	110101111001100010111		5		0.000154495		50000
6	110101111001100010111		4		2.57492e-05		50000
6	110101111001100010111		3		5.72205e-06		50000
6	110101111001100010111		2		0		50011
7	110101111001100010111		12		0.178872		49999
7	110101111001100010111		11		0.130047		50000
7	110101111001100010111		10		0.0882271		50000
7	110101111001100010111		9		0.0549835		50000
7	110101111001100010111		8		0.0308749		50000
7	110101111001100010111		7		0.0151852		50000
7	110101111001100010111		6		0.00626975		50000
7	110101111001100010111		5		0.00209397		50000
7	110101111001100010111		4		0.000505328		50000
7	110101111001100010111		3		7.34329e-05		50000
7	110101111001100010111		2		2.86102e-06		50011
7	110101111001100010111		1		0		86065
0	11111111110000111		52		0		25300
1	11111111110000111		40		0		45481
2	11111111110000111		34		0.181768		48141
2	11111111110000111		33		0.138951		48474
2	11111111110000111		32		0.115968		48688
2	11111111110000111		31		0.0960821		48865
2	11111111110000111		30		0.0552428		49207
2	11111111110000111		29		0.0432284		49343
2	11111111110000111		28		0.0327534		49475
2	11111111110000111		27		0		49710
3	11111111110000111		28		0.187104		49475
3	11111111110000111		27		0.141665		49710
3	11111111110000111		26		0.109358		49772
3	11111111110000111		25		0.0823543		49829
3	11111111110000111		24		0.0573609		49869
3	11111111110000111		23		0.040634		49901
3	11111111110000111		22		0.0303463		49921
3	11111111110000111		21		0.0210401		49946
3	11111111110000111		20		0.010496		49959
3	11111111110000111		19		0.00647038		49966
3	11111111110000111		18		0.00349289		49976
3	11111111110000111		17		0.000681877		49987
3	11111111110000111		16		0.000245988		49990
3	11111111110000111		15		4.79221e-05		49992
3	11111111110000111		14		0		49995
4	11111111110000111		23		0.171628		49901
4	11111111110000111		22		0.137858		49921
4	11111111110000111		21		0.109324		49946
4	11111111110000111		20		0.083029		49959
4	11111111110000111		19		0.0615169		49966
4	11111111110000111		18		0.0438284		49976
4	11111111110000111		17		0.0289126		49987
4	11111111110000111		16		0.0188291		49990
4	11111111110000111		15		0.0117201		49992
4	11111111110000111		14		0.00689977		49995
4	11111111110000111		13		0.003501		49996
4	11111111110000111		12		0.00155997		49996
4	11111111110000111		11		0.000489116		50000
4	11111111110000111		10		5.43594e-05		50000
4	11111111110000111		9		3.8147e-06		50000
4	11111111110000111		8		0		50000
5	11111111110000111		19		0.174463		49966
5	11111111110000111		18		0.139999		49976
5	11111111110000111		17		0.109545		49987
5	11111111110000111		16		0.0827422		49990
5	11111111110000111		15		0.060535		49992
5	11111111110000111		14		0.0428637		49995
5	11111111110000111		13		0.0288228		49996
5	11111111110000111		12		0.0179725		49996
5	11111111110000111		11		0.0102761		50000
5	11111111110000111		10		0.00523198		50000
5	11111111110000111		9		0.0024308		50000
5	11111111110000111		8		0.00101179		50000
5	11111111110000111		7		0.000378072		50000
5	11111111110000111		6		9.39369e-05		50000
5	11111111110000111		5		1.19209e-05		50000
5	11111111110000111		4		1.43051e-06		50019
5	11111111110000111		3		0		50132
6	11111111110000111		16		0.188454		49990
6	11111111110000111		15		0.15148		49992
6	11111111110000111		14		0.11849		49995
6	11111111110000111		13		0.0898022		49996
6	11111111110000111		12		0.0650334		49996
6	11111111110000111		11		0.0447508		50000
6	11111111110000111		10		0.0286412		50000
6	11111111110000111		9		0.0168856		50000
6	11111111110000111		8		0.0090133		50000
6	11111111110000111		7		0.00456244		50000
6	11111111110000111		6		0.00198454		50000
6	11111111110000111		5		0.000699759		50000
6	11111111110000111		4		0.000219345		50019
6	11111111110000111		3		6.48499e-05		50132
6	11111111110000111		2		9.53674e-06		52299
6	11111111110000111		1		0		86820
7	11111111110000111		13		0.182271		49996
7	11111111110000111		12		0.143694		49996
7	11111111110000111		11		0.109278		50000
7	11111111110000111		10		0.0790564		50000
7	11111111110000111		9		0.0537624		50000
7	11111111110000111		8		0.0335137		50000
7	11111111110000111		7		0.0198064		50000
7	11111111110000111		6		0.0104941		50000
7	11111111110000111		5		0.0047456		50000
7	11111111110000111		4		0.00186461		50019
7	11111111110000111		3		0.000692129		50132
7	11111111110000111		2		0.00018692		52299
7	11111111110000111		1		2.57492e-05		86820
0	11111111111111		55		0		25300
1	11111111111111		42		0		44879
2	11111111111111		34		0.195974		48025
2	11111111111111		33		0.165155		48265
2	11111111111111		32		0.138152		48501
2	11111111111111		31		0.113761		48725
2	11111111111111		30		0.091709		48940
2	11111111111111		29		0.0729371		49111
2	11111111111111		28		0		49566
3	11111111111111		27		0.185322		49646
3	11111111111111		26		0.147994		49707
3	11111111111111		25		0.116469		49756
3	11111111111111		24		0.09001		49795
3	11111111111111		23		0.0687643		49842
3	11111111111111		22		0.0522856		49883
3	11111111111111		21		0.0393645		49912
3	11111111111111		20		0.0290418		49933
3	11111111111111		19		0.0209196		49947
3	11111111111111		18		0.014599		49959
3	11111111111111		17		0.00968432		49971
3	11111111111111		16		0.00592333		49974
3	11111111111111		15		0.00321943		49981
3	11111111111111		14		0		49987
4	11111111111111		22		0.184133		49883
4	11111111111111		21		0.153408		49912
4	11111111111111		20		0.126233		49933
4	11111111111111		19		0.102578		49947
4	11111111111111		18		0.0822806		49959
4	11111111111111		17		0.0649358		49971
4	11111111111111		16		0.0501808		49974
4	11111111111111		15		0.0379884		49981
4	11111111111111		14		0.0281029		49987
4	11111111111111		13		0.0196872		49993
4	11111111111111		12		0.0134631		49995
4	11111111111111		11		0.00887674		49996
4	11111111111111		10		0.00560898		49998
4	11111111111111		9		0.0033955		49998
4	11111111111111		8		0.00196552		49999
4	11111111111111		7		0.00107515		50004
4	11111111111111		6		0.000536323		50004
4	11111111111111		5		0.000232697		50041
4	11111111111111		4		8.72612e-05		50134
4	11111111111111		3		2.24113e-05		50436
4	11111111111111		2		5.24521e-06		52124
4	11111111111111		1		0		58817
5	11111111111111		18		0.192927		49959
5	11111111111111		17		0.162638		49971
5	11111111111111		16		0.135195		49974
5	11111111111111		15		0.110851		49981
5	11111111111111		14		0.0895786		49987
5	11111111111111		13		0.0711316		49993
5	11111111111111		12		0.0551078		49995
5	11111111111111		11		0.0414523		49996
5	11111111111111		10		0.0302171		49998
5	11111111111111		9		0.0213752		49998
5	11111111111111		8		0.0146859		49999
5	11111111111111		7		0.00974923		50004
5	11111111111111		6		0.00615698		50004
5	11111111111111		5		0.00367111		50041
5	11111111111111		4		0.00202644		50134
5	11111111111111		3		0.0010137		50436
5	11111111111111		2		0.000441432		52124
5	11111111111111		1		0.000144958		58817
6	11111111111111		14		0.17868		49987
6	11111111111111		13		0.149497		49993
6	11111111111111		12		0.122968		49995
6	11111111111111		11		0.098981		49996
6	11111111111111		10		0.0777257		49998
6	11111111111111		9		0.0595633		49998
6	11111111111111		8		0.0445385		49999
6	11111111111111		7		0.0322888		50004
6	11111111111111		6		0.0225853		50004
6	11111111111111		5		0.0150744		50041
6	11111111111111		4		0.00951785		50134
6	11111111111111		3		0.00553977		50436
6	11111111111111		2		0.00287503		52124
6	11111111111111		1		0.0011971		58817
7	11111111111111		11		0.176372		49996
7	11111111111111		10		0.145222		49998
7	11111111111111		9		0.117086		49998
7	11111111111111		8		0.0923411		49999
7	11111111111111		7		0.0709779		50004
7	11111111111111		6		0.052875		50004
7	11111111111111		5		0.0378929		50041
7	11111111111111		4		0.0258768		50134
7	11111111111111		3		0.0165218		50436
7	11111111111111		2		0.00959343		52124
7	11111111111111		1		0.00471431		58817
0	1111011010001110011011		47		0		25300
1	1111011010001110011011		34		0		46229
2	1111011010001110011011		30		0.196176		48008
2	1111011010001110011011		29		0.162247		48311
2	1111011010001110011011		28		0.129179		48586
2	1111011010001110011011		27		0.084306		48920
2	1111011010001110011011		26		0.0545702		49177
2	1111011010001110011011		25		0.0395752		49334
2	1111011010001110011011		24		0.0210074		49522
2	1111011010001110011011		23		0.00955987		49650
2	1111011010001110011011		22		0.00433958		49747
2	1111011010001110011011		21		0.00197047		49810
2	1111011010001110011011		20		0		49869
3	1111011010001110011011		24		0.188011		49522
3	1111011010001110011011		23		0.147276		49650
3	1111011010001110011011		22		0.110697		49747
3	1111011010001110011011		21		0.0796332		49810
3	1111011010001110011011		20		0.0536954		49869
3	1111011010001110011011		19		0.0320408		49895
3	1111011010001110011011		18		0.0182326		49935
3	1111011010001110011011		17		0.00997591		49949
3	1111011010001110011011		16		0.00484741		49958
3	1111011010001110011011		15		0.00200617		49968
3	1111011010001110011011		14		0.000424743		49982
3	1111011010001110011011		13		7.34329e-05		49990
3	1111011010001110011011		12		0		49995
4	1111011010001110011011		19		0.166361		49895
4	1111011010001110011011		18		0.125512		49935
4	1111011010001110011011		17		0.0901628		49949
4	1111011010001110011011		16		0.0621275		49958
4	1111011010001110011011		15		0.0403858		49968
4	1111011010001110011011		14		0.0233969		49982
4	1111011010001110011011		13		0.0117847		49990
4	1111011010001110011011		12		0.00533485		49995
4	1111011010001110011011		11		0.00220579		49997
4	1111011010001110011011		10		0.000781715		49999
4	1111011010001110011011		9		0.000217915		50000
4	1111011010001110011011		8		4.29153e-05		50000
4	1111011010001110011011		7		1.04904e-05		50000
4	1111011010001110011011		6		0		50000
5	1111011010001110011011		16		0.191167		49958
5	1111011010001110011011		15		0.146892		49968
5	1111011010001110011011		14		0.108		49982
5	1111011010001110011011		13		0.074195		49990
5	1111011010001110011011		12		0.0468997		49995
5	1111011010001110011011		11		0.0271375		49997
5	1111011010001110011011		10		0.0140477		49999
5	1111011010001110011011		9		0.0064081		50000
5	1111011010001110011011		8		0.00247788		50000
5	1111011010001110011011		7		0.000788391		50000
5	1111011010001110011011		6		0.000205994		50000
5	1111011010001110011011		5		3.48091e-05		50000
5	1111011010001110011011		4		6.67572e-06		50000
5	1111011010001110011011		3		0		50000
6	1111011010001110011011		13		0.188464		49990
6	1111011010001110011011		12		0.14057		49995
6	1111011010001110011011		11		0.0985848		49997
6	1111011010001110011011		10		0.0641744		49999
6	1111011010001110011011		9		0.0381259		50000
6	1111011010001110011011		8		0.0200691		50000
6	1111011010001110011011		7		0.00911254		50000
6	1111011010001110011011		6		0.00333989		50000
6	1111011010001110011011		5		0.0010218		50000
6	1111011010001110011011		4		0.000225067		50000
6	1111011010001110011011		3		3.43323e-05		50000
6	1111011010001110011011		2		3.8147e-06		50001
6	1111011010001110011011		1		0		58705
7	1111011010001110011011		10		0.152881		49999
7	1111011010001110011011		9		0.105889		50000
7	1111011010001110011011		8		0.0673133		50000
7	1111011010001110011011		7		0.0382736		50000
7	1111011010001110011011		6		0.0186943		50000
7	1111011010001110011011		5		0.00745839		50000
7	1111011010001110011011		4		0.00229096		50000
7	1111011010001110011011		3		0.000528216		50000
7	1111011010001110011011		2		8.01086e-05		50001
7	1111011010001110011011		1		4.76837e-06		58705
0	11101110110001110110001		46		0		25300
1	11101110110001110110001		34		0.194731		42809
1	11101110110001110110001		33		0		46578
2	11101110110001110110001		29		0.179139		48213
2	11101110110001110110001		28		0.142222		48506
2	11101110110001110110001		27		0.101611		48846
2	11101110110001110110001		26		0.0793016		49057
2	11101110110001110110001		25		0.0511848		49276
2	11101110110001110110001		24		0.0388802		49404
2	11101110110001110110001		23		0.0241701		49579
2	11101110110001110110001		22		0.011459		49718
2	11101110110001110110001		21		0.00564903		49790
2	11101110110001110110001		20		0.00109565		49851
2	11101110110001110110001		19		0		49890
3	11101110110001110110001		24		0.190875		49404
3	11101110110001110110001		23		0.154513		49579
3	11101110110001110110001		22		0.119983		49718
3	11101110110001110110001		21		0.0906035		49790
3	11101110110001110110001		20		0.0647349		49851
3	11101110110001110110001		19		0.0445321		49890
3	11101110110001110110001		18		0.0290369		49913
3	11101110110001110110001		17		0.0178133		49940
3	11101110110001110110001		16		0.0103785		49954
3	11101110110001110110001		15		0.00551653		49966
3	11101110110001110110001		14		0.00252002		49974
3	11101110110001110110001		13		0.000929415		49984
3	11101110110001110110001		12		0.000212669		49993
3	11101110110001110110001		11		3.91006e-05		49994
3	11101110110001110110001		10		0		49999
4	11101110110001110110001		19		0.166451		49890
4	11101110110001110110001		18		0.129642		49913
4	11101110110001110110001		17		0.0974093		49940
4	11101110110001110110001		16		0.0706207		49954
4	11101110110001110110001		15		0.0492265		49966
4	11101110110001110110001		14		0.0323871		49974
4	11101110110001110110001		13		0.0199429		49984
4	11101110110001110110001		12		0.0111672		49993
4	11101110110001110110001		11		0.00567961		49994
4	11101110110001110110001		10		0.00260156		49999
4	11101110110001110110001		9		0.00107038		50000
4	11101110110001110110001		8		0.000384748		50000
4	11101110110001110110001		7		0.000123501		50000
4	11101110110001110110001		6		2.95639e-05		50000
4	11101110110001110110001		5		5.24521e-06		50000
4	11101110110001110110001		4		1.90735e-06		50000
4	11101110110001110110001		3		0		50000
5	11101110110001110110001		16		0.188222		49954
5	11101110110001110110001		15		0.147523		49966
5	11101110110001110110001		14		0.111645		49974
5	11101110110001110110001		13		0.0809467		49984
5	11101110110001110110001		12		0.0555934		49993
5	11101110110001110110001		11		0.0357513		49994
5	11101110110001110110001		10		0.0212963		49999
5	11101110110001110110001		9		0.0116791		50000
5	11101110110001110110001		8		0.00578016		50000
5	11101110110001110110001		7		0.00255495		50000
5	11101110110001110110001		6		0.00097084		50000
5	11101110110001110110001		5		0.000307024		50000
5	11101110110001110110001		4		6.91414e-05		50000
5	11101110110001110110001		3		1.09673e-05		50000
5	11101110110001110110001		2		0		50003
6	11101110110001110110001		13		0.18504		49984
6	11101110110001110110001		12		0.141815		49993
6	11101110110001110110001		11		0.10379		49994
6	11101110110001110110001		10		0.0716793		49999
6	11101110110001110110001		9		0.0462337		50000
6	11101110110001110110001		8		0.0274566		50000
6	11101110110001110110001		7		0.0148931		50000
6	11101110110001110110001		6		0.00720376		50000
6	11101110110001110110001		5		0.00293869		50000
6	11101110110001110110001		4		0.000919878		50000
6	11101110110001110110001		3		0.000203133		50000
6	11101110110001110110001		2		2.76566e-05		50003
6	11101110110001110110001		1		1.90735e-06		58660
7	11101110110001110110001		10		0.15383		49999
7	11101110110001110110001		9		0.110557		50000
7	11101110110001110110001		8		0.0743783		50000
7	11101110110001110110001		7		0.0461918		50000
7	11101110110001110110001		6		0.0260403		50000
7	11101110110001110110001		5		0.012841		50000
7	11101110110001110110001		4		0.0052163		50000
7	11101110110001110110001		3		0.00160182		50000
7	11101110110001110110001		2		0.000315607		50003
7	11101110110001110110001		1		2.38419e-05		58660
0	1111111111100000111		50		0		25300
1	1111111111100000111		37		0		45962
2	1111111111100000111		32		0.181391		48176
2	1111111111100000111		31		0.154515		48380
2	1111111111100000111		30		0.130195		48631
2	1111111111100000111		29		0.0976473		48879
2	1111111111100000111		28		0.0807779		49037
2	1111111111100000111		27		0.0653428		49180
2	1111111111100000111		26		0.0309521		49465
2	1111111111100000111		25		0.022676		49576
2	1111111111100000111		24		0.0152528		49673
2	1111111111100000111		23		0		49806
3	1111111111100000111		26		0.196276		49465
3	1111111111100000111		25		0.160595		49576
3	1111111111100000111		24		0.128335		49673
3	1111111111100000111		23		0.0904725		49806
3	1111111111100000111		22		0.0685207		49856
3	1111111111100000111		21		0.0510602		49883
3	1111111111100000111		20		0.0361894		49910
3	1111111111100000111		19		0.0265726		49933
3	1111111111100000111		18		0.0173064		49949
3	1111111111100000111		17		0.0112565		49961
3	1111111111100000111		16		0.00646871		49969
3	1111111111100000111		15		0.00178248		49981
3	1111111111100000111		14		0.000645697		49988
3	1111111111100000111		13		0.000131369		49992
3	1111111111100000111		12		0		49992
4	1111111111100000111		21		0.180768		49883
4	1111111111100000111		20		0.14696		49910
4	1111111111100000111		19		0.117496		49933
4	1111111111100000111		18		0.0921628		49949
4	1111111111100000111		17		0.0702772		49961
4	1111111111100000111		16		0.0514712		49969
4	1111111111100000111		15		0.0339283		49981
4	1111111111100000111		14		0.0217265		49988
4	1111111111100000111		13		0.0131874		49992
4	1111111111100000111		12		0.0076912		49992
4	1111111111100000111		11		0.00447178		49994
4	1111111111100000111		10		0.00219202		49995
4	1111111111100000111		9		0.000927985		49997
4	1111111111100000111		8		0.000256956		50000
4	1111111111100000111		7		2.28882e-05		50000
4	1111111111100000111		6		2.38419e-06		50000
4	1111111111100000111		5		0		50000
5	1111111111100000111		17		0.181251		49961
5	1111111111100000111		16		0.14699		49969
5	1111111111100000111		15		0.115172		49981
5	1111111111100000111		14		0.0867433		49988
5	1111111111100000111		13		0.0627167		49992
5	1111111111100000111		12		0.0433368		49992
5	1111111111100000111		11		0.028858		49994
5	1111111111100000111		10		0.0177861		49995
5	1111111111100000111		9		0.0104115		49997
5	1111111111100000111		8		0.00542259		50000
5	1111111111100000111		7		0.00244796		50000
5	1111111111100000111		6		0.00107563		50000
5	1111111111100000111		5		0.000398099		50000
5	1111111111100000111		4		0.000150681		50002
5	1111111111100000111		3		4.14848e-05		50027
5	1111111111100000111		2		8.58307e-06		50492
5	1111111111100000111		1		2.38419e-06		58895
6	1111111111100000111		14		0.190212		49988
6	1111111111100000111		13		0.15192		49992
6	1111111111100000111		12		0.117096		49992
6	1111111111100000111		11		0.0868365		49994
6	1111111111100000111		10		0.0607061		49995
6	1111111111100000111		9		0.0408913		49997
6	1111111111100000111		8		0.0255497		50000
6	1111111111100000111		7		0.0144204		50000
6	1111111111100000111		6		0.00759846		50000
6	1111111111100000111		5		0.00340927		50000
6	1111111111100000111		4		0.00158566		50002
6	1111111111100000111		3		0.00059396		50027
6	1111111111100000111		2		0.000155449		50492
6	1111111111100000111		1		3.52859e-05		58895
7	1111111111100000111		11		0.175321		49994
7	1111111111100000111		10		0.133716		49995
7	1111111111100000111		9		0.0987929		49997
7	1111111111100000111		8		0.0689547		50000
7	1111111111100000111		7		0.044369		50000
7	1111111111100000111		6		0.0267988		50000
7	1111111111100000111		5		0.0139485		50000
7	1111111111100000111		4		0.00727284		50002
7	1111111111100000111		3		0.00326198		50027
7	1111111111100000111		2		0.00108945		50492
7	1111111111100000111		1		0.000286996		58895
