errors	shape		t		lossrate	PM

0	1111111111		53		0		26669
1	1111111111		44		0		45051
2	1111111111		36		0.183651		48496
2	1111111111		35		0.148922		48722
2	1111111111		34		0		49509
3	1111111111		31		0.171796		49752
3	1111111111		30		0.130489		49810
3	1111111111		29		0.0975509		49840
3	1111111111		28		0.0705804		49880
3	1111111111		27		0.0491794		49912
3	1111111111		26		0.0332378		49929
3	1111111111		25		0.0213259		49950
3	1111111111		24		0		49978
4	1111111111		26		0.16678		49929
4	1111111111		25		0.131443		49950
4	1111111111		24		0.100962		49978
4	1111111111		23		0.070462		49985
4	1111111111		22		0.0486673		49991
4	1111111111		21		0.0331334		49993
4	1111111111		20		0.0219327		49996
4	1111111111		19		0.0139908		49997
4	1111111111		18		0.00836951		49997
4	1111111111		17		0.00459659		49998
4	1111111111		16		0.00228286		49999
4	1111111111		15		0.000933707		50000
4	1111111111		14		0		50000
5	1111111111		22		0.167189		49991
5	1111111111		21		0.131739		49993
5	1111111111		20		0.101358		49996
5	1111111111		19		0.0761129		49997
5	1111111111		18		0.0553169		49997
5	1111111111		17		0.0387954		49998
5	1111111111		16		0.0264637		49999
5	1111111111		15		0.0174967		50000
5	1111111111		14		0.0110224		50000
5	1111111111		13		0.00647348		50000
5	1111111111		12		0.0036763		50000
5	1111111111		11		0.00200641		50003
5	1111111111		10		0.00102848		50003
5	1111111111		9		0.000481486		50044
5	1111111111		8		0.000196457		50114
5	1111111111		7		6.67572e-05		50381
5	1111111111		6		1.90735e-05		51955
5	1111111111		5		5.72205e-06		58029
5	1111111111		4		0		80098
6	1111111111		19		0.183441		49997
6	1111111111		18		0.146363		49997
6	1111111111		17		0.113762		49998
6	1111111111		16		0.0865622		49999
6	1111111111		15		0.064468		50000
6	1111111111		14		0.0466166		50000
6	1111111111		13		0.0326533		50000
6	1111111111		12		0.0220688		50000
6	1111111111		11		0.0144045		50003
6	1111111111		10		0.00898498		50003
6	1111111111		9		0.00534815		50044
6	1111111111		8		0.00299007		50114
6	1111111111		7		0.00156754		50381
6	1111111111		6		0.000757873		51955
6	1111111111		5		0.000328004		58029
6	1111111111		4		0.000128746		80098
6	1111111111		3		3.52859e-05		169871
6	1111111111		2		1.14441e-05		531195
6	1111111111		1		2.86102e-06		1995386
7	1111111111		16		0.179157		49999
7	1111111111		15		0.142977		50000
7	1111111111		14		0.111471		50000
7	1111111111		13		0.0847589		50000
7	1111111111		12		0.0627561		50000
7	1111111111		11		0.0451252		50003
7	1111111111		10		0.0313258		50003
7	1111111111		9		0.0209247		50044
7	1111111111		8		0.0133634		50114
7	1111111111		7		0.00810754		50381
7	1111111111		6		0.00463456		51955
7	1111111111		5		0.00246698		58029
7	1111111111		4		0.00118756		80098
7	1111111111		3		0.00050056		169871
7	1111111111		2		0.000171661		531195
7	1111111111		1		3.91006e-05		1995386
0	111001001010011101		45		0		26669
1	111001001010011101		36		0		46340
2	111001001010011101		32		0.196113		48383
2	111001001010011101		31		0.14551		48711
2	111001001010011101		30		0.0840608		49123
2	111001001010011101		29		0.0444308		49401
2	111001001010011101		28		0.0249734		49574
2	111001001010011101		27		0.0110436		49684
2	111001001010011101		26		0		49781
3	111001001010011101		27		0.183819		49684
3	111001001010011101		26		0.129733		49781
3	111001001010011101		25		0.0858824		49836
3	111001001010011101		24		0.052181		49883
3	111001001010011101		23		0.0277376		49921
3	111001001010011101		22		0.0134518		49951
3	111001001010011101		21		0.00585127		49973
3	111001001010011101		20		0.00150853		49988
3	111001001010011101		19		0.000274122		49992
3	111001001010011101		18		0		49997
4	111001001010011101		23		0.181888		49921
4	111001001010011101		22		0.130257		49951
4	111001001010011101		21		0.0878792		49973
4	111001001010011101		20		0.0553219		49988
4	111001001010011101		19		0.0318384		49992
4	111001001010011101		18		0.0162947		49997
4	111001001010011101		17		0.007146		49998
4	111001001010011101		16		0.00258017		49999
4	111001001010011101		15		0.000790775		49999
4	111001001010011101		14		0.000178337		49999
4	111001001010011101		13		2.57492e-05		50000
4	111001001010011101		12		9.53674e-07		50000
4	111001001010011101		11		0		50000
5	111001001010011101		19		0.148856		49992
5	111001001010011101		18		0.103341		49997
5	111001001010011101		17		0.0669699		49998
5	111001001010011101		16		0.0397968		49999
5	111001001010011101		15		0.0213653		49999
5	111001001010011101		14		0.0100854		49999
5	111001001010011101		13		0.00411332		50000
5	111001001010011101		12		0.0014171		50000
5	111001001010011101		11		0.000412881		50000
5	111001001010011101		10		8.10623e-05		50000
5	111001001010011101		9		7.62939e-06		50000
5	111001001010011101		8		0		50000
6	111001001010011101		17		0.196457		49998
6	111001001010011101		16		0.142359		49999
6	111001001010011101		15		0.0970206		49999
6	111001001010011101		14		0.0612335		49999
6	111001001010011101		13		0.0351493		50000
6	111001001010011101		12		0.0180868		50000
6	111001001010011101		11		0.00822008		50000
6	111001001010011101		10		0.00317067		50000
6	111001001010011101		9		0.00101322		50000
6	111001001010011101		8		0.000236511		50000
6	111001001010011101		7		4.1008e-05		50000
6	111001001010011101		6		8.58307e-06		50000
6	111001001010011101		5		9.53674e-07		50000
6	111001001010011101		4		0		50000
7	111001001010011101		14		0.166403		49999
7	111001001010011101		13		0.114886		50000
7	111001001010011101		12		0.0733775		50000
7	111001001010011101		11		0.0426989		50000
7	111001001010011101		10		0.022315		50000
7	111001001010011101		9		0.0102308		50000
7	111001001010011101		8		0.00397176		50000
7	111001001010011101		7		0.00127137		50000
7	111001001010011101		6		0.000289857		50000
7	111001001010011101		5		4.48227e-05		50000
7	111001001010011101		4		4.76837e-06		50000
7	111001001010011101		3		0		50080
0	1111111000111		50		0		26669
1	1111111000111		41		0		45646
2	1111111000111		35		0.173089		48527
2	1111111000111		34		0.114219		48896
2	1111111000111		33		0.090268		49088
2	1111111000111		32		0.0701994		49274
2	1111111000111		31		0		49666
3	1111111000111		30		0.184312		49736
3	1111111000111		29		0.137297		49784
3	1111111000111		28		0.0876833		49845
3	1111111000111		27		0.0608774		49902
3	1111111000111		26		0.0448656		49921
3	1111111000111		25		0.023144		49943
3	1111111000111		24		0.00952685		49957
3	1111111000111		23		0.00557506		49972
3	1111111000111		22		0.00283247		49979
3	1111111000111		21		0		49992
4	1111111000111		25		0.15526		49943
4	1111111000111		24		0.114341		49957
4	1111111000111		23		0.081969		49972
4	1111111000111		22		0.054746		49979
4	1111111000111		21		0.0348755		49992
4	1111111000111		20		0.0219756		49995
4	1111111000111		19		0.012874		49995
4	1111111000111		18		0.00601006		49996
4	1111111000111		17		0.00260824		50000
4	1111111000111		16		0.00107276		50000
4	1111111000111		15		0.000164032		50000
4	1111111000111		14		1.33514e-05		50000
4	1111111000111		13		9.53674e-07		50000
4	1111111000111		12		0		50000
5	1111111000111		22		0.189679		49979
5	1111111000111		21		0.145565		49992
5	1111111000111		20		0.107979		49995
5	1111111000111		19		0.0779368		49995
5	1111111000111		18		0.0536523		49996
5	1111111000111		17		0.0347296		50000
5	1111111000111		16		0.0211152		50000
5	1111111000111		15		0.0116758		50000
5	1111111000111		14		0.00591427		50000
5	1111111000111		13		0.00271046		50000
5	1111111000111		12		0.000995159		50000
5	1111111000111		11		0.000257432		50000
5	1111111000111		10		5.34058e-05		50000
5	1111111000111		9		4.76837e-06		50000
5	1111111000111		8		0		50003
6	1111111000111		19		0.199691		49995
6	1111111000111		18		0.15575		49996
6	1111111000111		17		0.117431		50000
6	1111111000111		16		0.0851141		50000
6	1111111000111		15		0.0588096		50000
6	1111111000111		14		0.0382645		50000
6	1111111000111		13		0.0232852		50000
6	1111111000111		12		0.0130237		50000
6	1111111000111		11		0.00650287		50000
6	1111111000111		10		0.00284648		50000
6	1111111000111		9		0.00106943		50000
6	1111111000111		8		0.000335634		50003
6	1111111000111		7		8.86917e-05		50015
6	1111111000111		6		2.19345e-05		50051
6	1111111000111		5		2.86102e-06		50131
6	1111111000111		4		0		50545
7	1111111000111		16		0.190986		50000
7	1111111000111		15		0.147146		50000
7	1111111000111		14		0.108942		50000
7	1111111000111		13		0.0770244		50000
7	1111111000111		12		0.0514838		50000
7	1111111000111		11		0.032084		50000
7	1111111000111		10		0.0182722		50000
7	1111111000111		9		0.00930434		50000
7	1111111000111		8		0.0042206		50003
7	1111111000111		7		0.00163329		50015
7	1111111000111		6		0.000522494		50051
7	1111111000111		5		0.000142097		50131
7	1111111000111		4		3.71933e-05		50545
7	1111111000111		3		8.58307e-06		59515
7	1111111000111		2		0		191651
0	11111111111		52		0		26669
1	11111111111		42		0		45303
2	11111111111		34		0.180568		48528
2	11111111111		33		0.147454		48734
2	11111111111		32		0.1178		48952
2	11111111111		31		0		49594
3	11111111111		29		0.192627		49736
3	11111111111		28		0.148627		49787
3	11111111111		27		0.113376		49830
3	11111111111		26		0.0844874		49862
3	11111111111		25		0.0610668		49894
3	11111111111		24		0.0433818		49918
3	11111111111		23		0.0301022		49937
3	11111111111		22		0.0199453		49953
3	11111111111		21		0.0121173		49966
3	11111111111		20		0		49987
4	11111111111		24		0.182392		49918
4	11111111111		23		0.146625		49937
4	11111111111		22		0.1159		49953
4	11111111111		21		0.0895591		49966
4	11111111111		20		0.067396		49987
4	11111111111		19		0.0471219		49991
4	11111111111		18		0.0325099		49992
4	11111111111		17		0.0218902		49995
4	11111111111		16		0.0143231		49997
4	11111111111		15		0.00892639		49997
4	11111111111		14		0.00520778		49997
4	11111111111		13		0.00286645		49999
4	11111111111		12		0.00144994		49999
4	11111111111		11		0.000631154		50000
4	11111111111		10		0.000202179		50003
4	11111111111		9		0		50003
5	11111111111		20		0.183467		49987
5	11111111111		19		0.149138		49991
5	11111111111		18		0.118443		49992
5	11111111111		17		0.0917817		49995
5	11111111111		16		0.0694696		49997
5	11111111111		15		0.0509925		49997
5	11111111111		14		0.0360975		49997
5	11111111111		13		0.0248943		49999
5	11111111111		12		0.0166962		49999
5	11111111111		11		0.0107526		50000
5	11111111111		10		0.00659758		50003
5	11111111111		9		0.00382167		50003
5	11111111111		8		0.00208634		50044
5	11111111111		7		0.00107133		50109
5	11111111111		6		0.000508189		50375
5	11111111111		5		0.000221252		51926
5	11111111111		4		7.62939e-05		57990
5	11111111111		3		2.00272e-05		80006
5	11111111111		2		1.90735e-06		169620
5	11111111111		1		0		530682
6	11111111111		17		0.198236		49995
6	11111111111		16		0.162144		49997
6	11111111111		15		0.129587		49997
6	11111111111		14		0.100739		49997
6	11111111111		13		0.0765745		49999
6	11111111111		12		0.0569345		49999
6	11111111111		11		0.0411264		50000
6	11111111111		10		0.0287358		50003
6	11111111111		9		0.0193801		50003
6	11111111111		8		0.0125445		50044
6	11111111111		7		0.00771391		50109
6	11111111111		6		0.0044893		50375
6	11111111111		5		0.00242227		51926
6	11111111111		4		0.00119328		57990
6	11111111111		3		0.000527263		80006
6	11111111111		2		0.000185013		169620
6	11111111111		1		4.00543e-05		530682
7	11111111111		14		0.192504		49997
7	11111111111		13		0.155611		49999
7	11111111111		12		0.123304		49999
7	11111111111		11		0.0953614		50000
7	11111111111		10		0.0718015		50003
7	11111111111		9		0.0524684		50003
7	11111111111		8		0.0370944		50044
7	11111111111		7		0.0251593		50109
7	11111111111		6		0.0162788		50375
7	11111111111		5		0.00992209		51926
7	11111111111		4		0.00560898		57990
7	11111111111		3		0.00284648		80006
7	11111111111		2		0.00122947		169620
7	11111111111		1		0.000393808		530682
0	11111101110101		49		0		26669
1	11111101110101		39		0		45832
2	11111101110101		33		0.167458		48582
2	11111101110101		32		0.132514		48833
2	11111101110101		31		0.106946		49037
2	11111101110101		30		0.0776967		49244
2	11111101110101		29		0.0535591		49424
2	11111101110101		28		0		49716
3	11111101110101		27		0.147968		49776
3	11111101110101		26		0.108092		49818
3	11111101110101		25		0.0782102		49864
3	11111101110101		24		0.0528693		49902
3	11111101110101		23		0.0349859		49932
3	11111101110101		22		0.0221071		49949
3	11111101110101		21		0.0134702		49968
3	11111101110101		20		0.00803536		49977
3	11111101110101		19		0.00350952		49986
3	11111101110101		18		0.00103444		49993
3	11111101110101		17		0		49995
4	11111101110101		23		0.167161		49932
4	11111101110101		22		0.1292		49949
4	11111101110101		21		0.0971859		49968
4	11111101110101		20		0.0709225		49977
4	11111101110101		19		0.0503225		49986
4	11111101110101		18		0.0338523		49993
4	11111101110101		17		0.0213985		49995
4	11111101110101		16		0.0127111		49996
4	11111101110101		15		0.00700158		49997
4	11111101110101		14		0.00342447		49998
4	11111101110101		13		0.00138474		50000
4	11111101110101		12		0.000432849		50000
4	11111101110101		11		8.44002e-05		50000
4	11111101110101		10		2.86102e-06		50000
4	11111101110101		9		0		50000
5	11111101110101		19		0.15967		49986
5	11111101110101		18		0.124147		49993
5	11111101110101		17		0.0935574		49995
5	11111101110101		16		0.0679829		49996
5	11111101110101		15		0.0473518		49997
5	11111101110101		14		0.0313379		49998
5	11111101110101		13		0.0194746		50000
5	11111101110101		12		0.0111356		50000
5	11111101110101		11		0.0057199		50000
5	11111101110101		10		0.00249553		50000
5	11111101110101		9		0.000869393		50000
5	11111101110101		8		0.00019455		50004
5	11111101110101		7		1.33514e-05		50013
5	11111101110101		6		0		50022
6	11111101110101		16		0.168803		49996
6	11111101110101		15		0.131335		49997
6	11111101110101		14		0.0988538		49998
6	11111101110101		13		0.0715456		50000
6	11111101110101		12		0.0493765		50000
6	11111101110101		11		0.0321079		50000
6	11111101110101		10		0.0192389		50000
6	11111101110101		9		0.0103081		50000
6	11111101110101		8		0.00465453		50004
6	11111101110101		7		0.00159615		50013
6	11111101110101		6		0.000401437		50022
6	11111101110101		5		7.05719e-05		50076
6	11111101110101		4		4.76837e-06		50247
6	11111101110101		3		0		51242
7	11111101110101		13		0.158018		50000
7	11111101110101		12		0.120465		50000
7	11111101110101		11		0.0880992		50000
7	11111101110101		10		0.061204		50000
7	11111101110101		9		0.0396329		50000
7	11111101110101		8		0.0232013		50004
7	11111101110101		7		0.011673		50013
7	11111101110101		6		0.00471908		50022
7	11111101110101		5		0.00141042		50076
7	11111101110101		4		0.000305116		50247
7	11111101110101		3		4.1008e-05		51242
7	11111101110101		2		2.86102e-06		61066
7	11111101110101		1		0		634117
0	11111110001111		49		0		26669
1	11111110001111		39		0		45838
2	11111110001111		33		0.186654		48471
2	11111110001111		32		0.11111		48923
2	11111110001111		31		0.0883949		49094
2	11111110001111		30		0.0693728		49274
2	11111110001111		29		0.0535591		49415
2	11111110001111		28		0		49723
3	11111110001111		28		0.199809		49723
3	11111110001111		27		0.154738		49772
3	11111110001111		26		0.114703		49824
3	11111110001111		25		0.0804266		49863
3	11111110001111		24		0.0494618		49915
3	11111110001111		23		0.0361719		49932
3	11111110001111		22		0.0237393		49946
3	11111110001111		21		0.00762922		49968
3	11111110001111		20		0.0045259		49977
3	11111110001111		19		0.00240064		49985
3	11111110001111		18		0.00103444		49991
3	11111110001111		17		0		49994
4	11111110001111		23		0.175533		49932
4	11111110001111		22		0.135863		49946
4	11111110001111		21		0.101008		49968
4	11111110001111		20		0.0720187		49977
4	11111110001111		19		0.0495642		49985
4	11111110001111		18		0.0320756		49991
4	11111110001111		17		0.0186948		49994
4	11111110001111		16		0.0112747		49996
4	11111110001111		15		0.00591809		49999
4	11111110001111		14		0.00225431		50000
4	11111110001111		13		0.000908434		50000
4	11111110001111		12		0.000307024		50000
4	11111110001111		11		6.05583e-05		50000
4	11111110001111		10		0		50000
5	11111110001111		19		0.167108		49985
5	11111110001111		18		0.128343		49991
5	11111110001111		17		0.095301		49994
5	11111110001111		16		0.0679561		49996
5	11111110001111		15		0.0465229		49999
5	11111110001111		14		0.0298586		50000
5	11111110001111		13		0.0177861		50000
5	11111110001111		12		0.00968599		50000
5	11111110001111		11		0.00472093		50000
5	11111110001111		10		0.00199121		50000
5	11111110001111		9		0.000761688		50000
5	11111110001111		8		0.000244141		50000
5	11111110001111		7		5.34058e-05		50003
5	11111110001111		6		1.04904e-05		50003
5	11111110001111		5		9.53674e-07		50051
5	11111110001111		4		0		50113
6	11111110001111		16		0.174633		49996
6	11111110001111		15		0.134805		49999
6	11111110001111		14		0.100437		50000
6	11111110001111		13		0.0715367		50000
6	11111110001111		12		0.0480565		50000
6	11111110001111		11		0.0301583		50000
6	11111110001111		10		0.0174105		50000
6	11111110001111		9		0.00909364		50000
6	11111110001111		8		0.0043118		50000
6	11111110001111		7		0.00175512		50003
6	11111110001111		6		0.000615895		50003
6	11111110001111		5		0.000197411		50051
6	11111110001111		4		4.57764e-05		50113
6	11111110001111		3		9.53674e-06		52129
6	11111110001111		2		2.86102e-06		84594
6	11111110001111		1		0		608589
7	11111110001111		13		0.162124		50000
7	11111110001111		12		0.122039		50000
7	11111110001111		11		0.0874172		50000
7	11111110001111		10		0.0590923		50000
7	11111110001111		9		0.0370144		50000
7	11111110001111		8		0.021426		50000
7	11111110001111		7		0.0111054		50003
7	11111110001111		6		0.0050531		50003
7	11111110001111		5		0.00204545		50051
7	11111110001111		4		0.000680685		50113
7	11111110001111		3		0.000181198		52129
7	11111110001111		2		4.76837e-05		84594
7	11111110001111		1		6.67572e-06		608589
0	111111111111		51		0		26669
1	111111111111		40		0		45503
2	111111111111		32		0.176162		48551
2	111111111111		31		0.144659		48770
2	111111111111		30		0.1165		48977
2	111111111111		29		0.0913037		49159
2	111111111111		28		0		49654
3	111111111111		26		0.163654		49777
3	111111111111		25		0.126498		49818
3	111111111111		24		0.0956491		49854
3	111111111111		23		0.0706258		49883
3	111111111111		22		0.0516532		49906
3	111111111111		21		0.0372761		49933
3	111111111111		20		0.0261285		49946
3	111111111111		19		0.0176194		49961
3	111111111111		18		0.0111122		49973
3	111111111111		17		0.00624204		49982
3	111111111111		16		0		49991
4	111111111111		22		0.192236		49906
4	111111111111		21		0.156663		49933
4	111111111111		20		0.12575		49946
4	111111111111		19		0.0993281		49961
4	111111111111		18		0.0769206		49973
4	111111111111		17		0.0581663		49982
4	111111111111		16		0.0428878		49991
4	111111111111		15		0.0296625		49992
4	111111111111		14		0.0200719		49995
4	111111111111		13		0.0132025		49997
4	111111111111		12		0.00827444		49997
4	111111111111		11		0.00490463		49997
4	111111111111		10		0.00277179		49999
4	111111111111		9		0.0014714		50003
4	111111111111		8		0.00070262		50003
4	111111111111		7		0.000291765		50044
4	111111111111		6		9.44138e-05		50109
4	111111111111		5		1.71661e-05		50370
4	111111111111		4		0		51926
5	111111111111		18		0.191709		49973
5	111111111111		17		0.157673		49982
5	111111111111		16		0.127631		49991
5	111111111111		15		0.101559		49992
5	111111111111		14		0.0788087		49995
5	111111111111		13		0.0596198		49997
5	111111111111		12		0.0435594		49997
5	111111111111		11		0.0306743		49997
5	111111111111		10		0.0210144		49999
5	111111111111		9		0.0139475		50003
5	111111111111		8		0.00886208		50003
5	111111111111		7		0.00536621		50044
5	111111111111		6		0.00303853		50109
5	111111111111		5		0.00161231		50370
5	111111111111		4		0.000780761		51926
5	111111111111		3		0.00032419		57984
5	111111111111		2		0.000110626		79985
5	111111111111		1		2.38419e-05		169587
6	111111111111		14		0.16881		49995
6	111111111111		13		0.137235		49997
6	111111111111		12		0.108681		49997
6	111111111111		11		0.0835999		49997
6	111111111111		10		0.062765		49999
6	111111111111		9		0.0459007		50003
6	111111111111		8		0.0324679		50003
6	111111111111		7		0.0220931		50044
6	111111111111		6		0.014364		50109
6	111111111111		5		0.0088262		50370
6	111111111111		4		0.00504267		51926
6	111111111111		3		0.00259066		57984
6	111111111111		2		0.0011571		79985
6	111111111111		1		0.000378549		169587
7	111111111111		12		0.196682		49997
7	111111111111		11		0.160024		49997
7	111111111111		10		0.127422		49999
7	111111111111		9		0.0991246		50003
7	111111111111		8		0.0749412		50003
7	111111111111		7		0.0548303		50044
7	111111111111		6		0.0386074		50109
7	111111111111		5		0.0259112		50370
7	111111111111		4		0.016366		51926
7	111111111111		3		0.00951976		57984
7	111111111111		2		0.0049032		79985
7	111111111111		1		0.0019874		169587
0	1110100111010011101		44		0		26669
1	1110100111010011101		33		0		46615
2	1110100111010011101		29		0.195809		48407
2	1110100111010011101		28		0.152839		48683
2	1110100111010011101		27		0.115781		48942
2	1110100111010011101		26		0.0831731		49203
2	1110100111010011101		25		0.0434663		49462
2	1110100111010011101		24		0.0269742		49597
2	1110100111010011101		23		0.0133008		49715
2	1110100111010011101		22		0.00571543		49787
2	1110100111010011101		21		0		49849
3	1110100111010011101		23		0.163318		49715
3	1110100111010011101		22		0.120847		49787
3	1110100111010011101		21		0.0851861		49849
3	1110100111010011101		20		0.0580061		49891
3	1110100111010011101		19		0.0362273		49924
3	1110100111010011101		18		0.0208592		49945
3	1110100111010011101		17		0.0107618		49969
3	1110100111010011101		16		0.00461888		49983
3	1110100111010011101		15		0.00118327		49991
3	1110100111010011101		14		0.000119209		49994
3	1110100111010011101		13		0		49997
4	1110100111010011101		19		0.170032		49924
4	1110100111010011101		18		0.12753		49945
4	1110100111010011101		17		0.0917224		49969
4	1110100111010011101		16		0.0625898		49983
4	1110100111010011101		15		0.0397757		49991
4	1110100111010011101		14		0.0230401		49994
4	1110100111010011101		13		0.0119255		49997
4	1110100111010011101		12		0.0050289		49998
4	1110100111010011101		11		0.00184649		49999
4	1110100111010011101		10		0.000476241		49999
4	1110100111010011101		9		8.82149e-05		49999
4	1110100111010011101		8		9.05991e-06		50000
4	1110100111010011101		7		0		50000
5	1110100111010011101		16		0.189544		49983
5	1110100111010011101		15		0.143892		49991
5	1110100111010011101		14		0.104112		49994
5	1110100111010011101		13		0.0710452		49997
5	1110100111010011101		12		0.0447162		49998
5	1110100111010011101		11		0.0256928		49999
5	1110100111010011101		10		0.0130895		49999
5	1110100111010011101		9		0.00579482		49999
5	1110100111010011101		8		0.00206733		50000
5	1110100111010011101		7		0.000577748		50000
5	1110100111010011101		6		0.000117302		50000
5	1110100111010011101		5		1.33514e-05		50000
5	1110100111010011101		4		1.90735e-06		50000
5	1110100111010011101		3		0		50018
6	1110100111010011101		13		0.181249		49997
6	1110100111010011101		12		0.133655		49998
6	1110100111010011101		11		0.0927418		49999
6	1110100111010011101		10		0.0595713		49999
6	1110100111010011101		9		0.0349174		49999
6	1110100111010011101		8		0.0180812		50000
6	1110100111010011101		7		0.00811225		50000
6	1110100111010011101		6		0.00294918		50000
6	1110100111010011101		5		0.000826478		50000
6	1110100111010011101		4		0.000152588		50000
6	1110100111010011101		3		1.71661e-05		50018
6	1110100111010011101		2		0		50507
7	1110100111010011101		11		0.199218		49999
7	1110100111010011101		10		0.145601		49999
7	1110100111010011101		9		0.0995351		49999
7	1110100111010011101		8		0.0623207		50000
7	1110100111010011101		7		0.0350214		50000
7	1110100111010011101		6		0.0170384		50000
7	1110100111010011101		5		0.00687134		50000
7	1110100111010011101		4		0.0020892		50000
7	1110100111010011101		3		0.000438571		50018
7	1110100111010011101		2		5.43594e-05		50507
7	1110100111010011101		1		4.76837e-06		183686
0	111111111000111		48		0		26669
1	111111111000111		37		0		46070
2	111111111000111		31		0.163093		48625
2	111111111000111		30		0.135036		48825
2	111111111000111		29		0.110006		49006
2	111111111000111		28		0.0678393		49296
2	111111111000111		27		0.0528126		49439
2	111111111000111		26		0.0397359		49549
2	111111111000111		25		0		49776
3	111111111000111		25		0.159447		49776
3	111111111000111		24		0.121256		49816
3	111111111000111		23		0.0889896		49860
3	111111111000111		22		0.0582253		49895
3	111111111000111		21		0.0419298		49924
3	111111111000111		20		0.0304629		49940
3	111111111000111		19		0.0161589		49961
3	111111111000111		18		0.0103018		49974
3	111111111000111		17		0.0059337		49976
3	111111111000111		16		0.00171989		49989
3	111111111000111		15		0.000752389		49992
3	111111111000111		14		0.000220299		49994
3	111111111000111		13		0		49995
4	111111111000111		21		0.176692		49924
4	111111111000111		20		0.139667		49940
4	111111111000111		19		0.107402		49961
4	111111111000111		18		0.0797973		49974
4	111111111000111		17		0.0576159		49976
4	111111111000111		16		0.0388361		49989
4	111111111000111		15		0.0254944		49992
4	111111111000111		14		0.0157927		49994
4	111111111000111		13		0.00878835		49995
4	111111111000111		12		0.00461417		49999
4	111111111000111		11		0.00207353		49999
4	111111111000111		10		0.000561535		49999
4	111111111000111		9		0.00011158		50000
4	111111111000111		8		1.19209e-05		50000
4	111111111000111		7		0		50000
5	111111111000111		17		0.168436		49976
5	111111111000111		16		0.132434		49989
5	111111111000111		15		0.100572		49992
5	111111111000111		14		0.0737928		49994
5	111111111000111		13		0.0520834		49995
5	111111111000111		12		0.0347618		49999
5	111111111000111		11		0.0217339		49999
5	111111111000111		10		0.0121922		49999
5	111111111000111		9		0.00593042		50000
5	111111111000111		8		0.00257444		50000
5	111111111000111		7		0.000936091		50000
5	111111111000111		6		0.000236511		50003
5	111111111000111		5		5.05447e-05		50015
5	111111111000111		4		2.86102e-06		50051
5	111111111000111		3		0		50535
6	111111111000111		14		0.174136		49994
6	111111111000111		13		0.136201		49995
6	111111111000111		12		0.10293		49999
6	111111111000111		11		0.0744585		49999
6	111111111000111		10		0.0508921		49999
6	111111111000111		9		0.0318125		50000
6	111111111000111		8		0.0181823		50000
6	111111111000111		7		0.00919098		50000
6	111111111000111		6		0.00386822		50003
6	111111111000111		5		0.00146568		50015
6	111111111000111		4		0.00041765		50051
6	111111111000111		3		7.43866e-05		50535
6	111111111000111		2		2.28882e-05		58427
6	111111111000111		1		1.90735e-06		188303
7	111111111000111		11		0.159055		49999
7	111111111000111		10		0.120469		49999
7	111111111000111		9		0.086008		50000
7	111111111000111		8		0.0574191		50000
7	111111111000111		7		0.0349836		50000
7	111111111000111		6		0.0184135		50003
7	111111111000111		5		0.00888288		50015
7	111111111000111		4		0.00343877		50051
7	111111111000111		3		0.000982761		50535
7	111111111000111		2		0.000293672		58427
7	111111111000111		1		5.24521e-05		188303
0	1111111111111		50		0		26669
1	1111111111111		38		0		45679
2	1111111111111		30		0.170723		48605
2	1111111111111		29		0.140898		48815
2	1111111111111		28		0.114219		49002
2	1111111111111		27		0.090268		49179
2	1111111111111		26		0.0701994		49337
2	1111111111111		25		0		49708
3	1111111111111		24		0.175502		49761
3	1111111111111		23		0.136864		49807
3	1111111111111		22		0.104431		49847
3	1111111111111		21		0.0779688		49883
3	1111111111111		20		0.0580342		49897
3	1111111111111		19		0.0428824		49921
3	1111111111111		18		0.0309738		49946
3	1111111111111		17		0.021785		49957
3	1111111111111		16		0.014821		49969
3	1111111111111		15		0.00952685		49976
3	1111111111111		14		0.00557506		49982
3	1111111111111		13		0.00283247		49987
3	1111111111111		12		0		49993
4	1111111111111		20		0.196803		49897
4	1111111111111		19		0.162025		49921
4	1111111111111		18		0.131419		49946
4	1111111111111		17		0.105		49957
4	1111111111111		16		0.0826717		49969
4	1111111111111		15		0.0638593		49976
4	1111111111111		14		0.0480933		49982
4	1111111111111		13		0.0353255		49987
4	1111111111111		12		0.0252086		49993
4	1111111111111		11		0.0169062		49995
4	1111111111111		10		0.0109545		49997
4	1111111111111		9		0.00674254		49997
4	1111111111111		8		0.00392711		50001
4	1111111111111		7		0.00218153		50003
4	1111111111111		6		0.0011242		50044
4	1111111111111		5		0.000521541		50109
4	1111111111111		4		0.000206947		50370
4	1111111111111		3		6.29425e-05		51926
4	1111111111111		2		1.33514e-05		57984
4	1111111111111		1		9.53674e-07		79983
5	1111111111111		16		0.193884		49969
5	1111111111111		15		0.160867		49976
5	1111111111111		14		0.131214		49982
5	1111111111111		13		0.105238		49987
5	1111111111111		12		0.0829259		49993
5	1111111111111		11		0.0638343		49995
5	1111111111111		10		0.0475526		49997
5	1111111111111		9		0.0340951		49997
5	1111111111111		8		0.0235012		50001
5	1111111111111		7		0.0156369		50003
5	1111111111111		6		0.0099504		50044
5	1111111111111		5		0.00596833		50109
5	1111111111111		4		0.00329906		50370
5	1111111111111		3		0.00166851		51926
5	1111111111111		2		0.000710249		57984
5	1111111111111		1		0.000218391		79983
6	1111111111111		12		0.168768		49993
6	1111111111111		11		0.137828		49995
6	1111111111111		10		0.109982		49997
6	1111111111111		9		0.0852702		49997
6	1111111111111		8		0.0641111		50001
6	1111111111111		7		0.0467193		50003
6	1111111111111		6		0.0328747		50044
6	1111111111111		5		0.0220492		50109
6	1111111111111		4		0.0139513		50370
6	1111111111111		3		0.0081321		51926
6	1111111111111		2		0.00421679		57984
6	1111111111111		1		0.00175798		79983
7	1111111111111		10		0.192547		49997
7	1111111111111		9		0.156881		49997
7	1111111111111		8		0.124602		50001
7	1111111111111		7		0.0963323		50003
7	1111111111111		6		0.0721661		50044
7	1111111111111		5		0.0519496		50109
7	1111111111111		4		0.0355549		50370
7	1111111111111		3		0.0227093		51926
7	1111111111111		2		0.013146		57984
7	1111111111111		1		0.00637591		79983
0	110101111001100010111		42		0		26669
1	110101111001100010111		31		0.196194		43271
1	110101111001100010111		30		0		46945
2	110101111001100010111		26		0.16138		48642
2	110101111001100010111		25		0.131674		48851
2	110101111001100010111		24		0.0944922		49107
2	110101111001100010111		23		0.0640323		49335
2	110101111001100010111		22		0.0375954		49519
2	110101111001100010111		21		0.0219564		49645
2	110101111001100010111		20		0.00917041		49758
2	110101111001100010111		19		0.00189197		49824
2	110101111001100010111		18		0.000476718		49871
2	110101111001100010111		17		0		49910
3	110101111001100010111		21		0.184261		49645
3	110101111001100010111		20		0.139833		49758
3	110101111001100010111		19		0.0989125		49824
3	110101111001100010111		18		0.0648406		49871
3	110101111001100010111		17		0.0393003		49910
3	110101111001100010111		16		0.0227114		49951
3	110101111001100010111		15		0.0122977		49972
3	110101111001100010111		14		0.00539559		49980
3	110101111001100010111		13		0.001634		49988
3	110101111001100010111		12		0.000358522		49993
3	110101111001100010111		11		1.78814e-05		49996
3	110101111001100010111		10		0		49997
4	110101111001100010111		17		0.18429		49910
4	110101111001100010111		16		0.136521		49951
4	110101111001100010111		15		0.0967967		49972
4	110101111001100010111		14		0.0644916		49980
4	110101111001100010111		13		0.0392023		49988
4	110101111001100010111		12		0.0210382		49993
4	110101111001100010111		11		0.00983		49996
4	110101111001100010111		10		0.00398886		49997
4	110101111001100010111		9		0.00137234		49998
4	110101111001100010111		8		0.000370443		49999
4	110101111001100010111		7		6.96182e-05		50000
4	110101111001100010111		6		8.10623e-06		50000
4	110101111001100010111		5		0		50000
5	110101111001100010111		14		0.195918		49980
5	110101111001100010111		13		0.145885		49988
5	110101111001100010111		12		0.10203		49993
5	110101111001100010111		11		0.0656824		49996
5	110101111001100010111		10		0.0381856		49997
5	110101111001100010111		9		0.0196391		49998
5	110101111001100010111		8		0.00870609		49999
5	110101111001100010111		7		0.00325245		50000
5	110101111001100010111		6		0.000960827		50000
5	110101111001100010111		5		0.000228882		50000
5	110101111001100010111		4		3.52859e-05		50000
5	110101111001100010111		3		2.86102e-06		50000
5	110101111001100010111		2		0		50016
6	110101111001100010111		11		0.175422		49996
6	110101111001100010111		10		0.12331		49997
6	110101111001100010111		9		0.0797789		49998
6	110101111001100010111		8		0.0464392		49999
6	110101111001100010111		7		0.0236213		50000
6	110101111001100010111		6		0.0100665		50000
6	110101111001100010111		5		0.00338268		50000
6	110101111001100010111		4		0.000829339		50000
6	110101111001100010111		3		0.000131607		50000
6	110101111001100010111		2		8.58307e-06		50016
6	110101111001100010111		1		9.53674e-07		81915
7	110101111001100010111		9		0.180247		49998
7	110101111001100010111		8		0.123311		49999
7	110101111001100010111		7		0.0762671		50000
7	110101111001100010111		6		0.0413111		50000
7	110101111001100010111		5		0.0186214		50000
7	110101111001100010111		4		0.00662035		50000
7	110101111001100010111		3		0.00163329		50000
7	110101111001100010111		2		0.000224113		50016
7	110101111001100010111		1		1.33514e-05		81915
0	11111111110000111		46		0		26669
1	11111111110000111		34		0		46510
2	11111111110000111		29		0.180228		48540
2	11111111110000111		28		0.150755		48757
2	11111111110000111		27		0.111408		48998
2	11111111110000111		26		0.0910192		49173
2	11111111110000111		25		0.0731981		49317
2	11111111110000111		24		0.0376337		49558
2	11111111110000111		23		0.027777		49652
2	11111111110000111		22		0.018889		49723
2	11111111110000111		21		0		49846
3	11111111110000111		23		0.17493		49652
3	11111111110000111		22		0.139272		49723
3	11111111110000111		21		0.0991795		49846
3	11111111110000111		20		0.0733749		49872
3	11111111110000111		19		0.0533041		49906
3	11111111110000111		18		0.0364297		49933
3	11111111110000111		17		0.023812		49955
3	11111111110000111		16		0.016325		49969
3	11111111110000111		15		0.00986308		49979
3	11111111110000111		14		0.00361598		49984
3	11111111110000111		13		0.00154495		49991
3	11111111110000111		12		0.000357568		49994
3	11111111110000111		11		0		49996
4	11111111110000111		19		0.186912		49906
4	11111111110000111		18		0.150148		49933
4	11111111110000111		17		0.116962		49955
4	11111111110000111		16		0.0895009		49969
4	11111111110000111		15		0.0662565		49979
4	11111111110000111		14		0.0452667		49984
4	11111111110000111		13		0.0294242		49991
4	11111111110000111		12		0.0174268		49994
4	11111111110000111		11		0.0097729		49996
4	11111111110000111		10		0.00527656		49996
4	11111111110000111		9		0.00253403		49998
4	11111111110000111		8		0.000849366		49999
4	11111111110000111		7		0.000171661		50000
4	11111111110000111		6		2.76566e-05		50000
4	11111111110000111		5		0		50000
5	11111111110000111		15		0.175703		49979
5	11111111110000111		14		0.138751		49984
5	11111111110000111		13		0.105411		49991
5	11111111110000111		12		0.0762839		49994
5	11111111110000111		11		0.0525642		49996
5	11111111110000111		10		0.0342157		49996
5	11111111110000111		9		0.0207174		49998
5	11111111110000111		8		0.0109838		49999
5	11111111110000111		7		0.0053007		50000
5	11111111110000111		6		0.00219297		50000
5	11111111110000111		5		0.000772178		50000
5	11111111110000111		4		0.000234604		50013
5	11111111110000111		3		7.05719e-05		50138
5	11111111110000111		2		1.23978e-05		52029
5	11111111110000111		1		0		82958
6	11111111110000111		12		0.174804		49994
6	11111111110000111		11		0.13485		49996
6	11111111110000111		10		0.0994887		49996
6	11111111110000111		9		0.0693657		49998
6	11111111110000111		8		0.0441028		49999
6	11111111110000111		7		0.0264127		50000
6	11111111110000111		6		0.0140754		50000
6	11111111110000111		5		0.00646871		50000
6	11111111110000111		4		0.00249171		50013
6	11111111110000111		3		0.000964642		50138
6	11111111110000111		2		0.000266969		52029
6	11111111110000111		1		4.00543e-05		82958
7	11111111110000111		10		0.195252		49996
7	11111111110000111		9		0.149492		49998
7	11111111110000111		8		0.106376		49999
7	11111111110000111		7		0.0721643		50000
7	11111111110000111		6		0.0447308		50000
7	11111111110000111		5		0.0244134		50000
7	11111111110000111		4		0.0111903		50013
7	11111111110000111		3		0.0051195		50138
7	11111111110000111		2		0.00177324		52029
7	11111111110000111		1		0.000348032		82958
0	11111111111111		49		0		26669
1	11111111111111		36		0		45878
2	11111111111111		29		0.197448		48438
2	11111111111111		28		0.164644		48665
2	11111111111111		27		0.136471		48857
2	11111111111111		26		0.11111		49042
2	11111111111111		25		0.0883949		49196
2	11111111111111		24		0.0693728		49356
2	11111111111111		23		0.0535591		49481
2	11111111111111		22		0		49757
3	11111111111111		22		0.184054		49757
3	11111111111111		21		0.144323		49798
3	11111111111111		20		0.110922		49845
3	11111111111111		19		0.0833949		49876
3	11111111111111		18		0.0626095		49898
3	11111111111111		17		0.046922		49917
3	11111111111111		16		0.0345201		49937
3	11111111111111		15		0.0248413		49959
3	11111111111111		14		0.0174472		49966
3	11111111111111		13		0.011869		49975
3	11111111111111		12		0.00762922		49980
3	11111111111111		11		0.0045259		49985
3	11111111111111		10		0.00240064		49989
3	11111111111111		9		0.00103444		49993
3	11111111111111		8		0		49997
4	11111111111111		18		0.196668		49898
4	11111111111111		17		0.163081		49917
4	11111111111111		16		0.133257		49937
4	11111111111111		15		0.107249		49959
4	11111111111111		14		0.0851023		49966
4	11111111111111		13		0.0664968		49975
4	11111111111111		12		0.0507966		49980
4	11111111111111		11		0.0377952		49985
4	11111111111111		10		0.0273666		49989
4	11111111111111		9		0.0191827		49993
4	11111111111111		8		0.0127977		49997
4	11111111111111		7		0.0079751		50000
4	11111111111111		6		0.00469577		50001
4	11111111111111		5		0.00257158		50044
4	11111111111111		4		0.00130141		50109
4	11111111111111		3		0.000585377		50370
4	11111111111111		2		0.000219345		51926
4	11111111111111		1		5.57899e-05		57984
5	11111111111111		14		0.190987		49966
5	11111111111111		13		0.159166		49975
5	11111111111111		12		0.130437		49980
5	11111111111111		11		0.10492		49985
5	11111111111111		10		0.0827736		49989
5	11111111111111		9		0.06387		49993
5	11111111111111		8		0.0477978		49997
5	11111111111111		7		0.0344607		50000
5	11111111111111		6		0.0237303		50001
5	11111111111111		5		0.0155129		50044
5	11111111111111		4		0.00958019		50109
5	11111111111111		3		0.00546765		50370
5	11111111111111		2		0.0027476		51926
5	11111111111111		1		0.0011133		57984
6	11111111111111		11		0.196788		49985
6	11111111111111		10		0.163303		49989
6	11111111111111		9		0.132993		49993
6	11111111111111		8		0.105712		49997
6	11111111111111		7		0.0816244		50000
6	11111111111111		6		0.0609067		50001
6	11111111111111		5		0.0436242		50044
6	11111111111111		4		0.0297726		50109
6	11111111111111		3		0.019006		50370
6	11111111111111		2		0.0110233		51926
6	11111111111111		1		0.00542498		57984
7	11111111111111		8		0.181805		49997
7	11111111111111		7		0.146954		50000
7	11111111111111		6		0.115465		50001
7	11111111111111		5		0.0876573		50044
7	11111111111111		4		0.063812		50109
7	11111111111111		3		0.0439132		50370
7	11111111111111		2		0.0278498		51926
7	11111111111111		1		0.0154482		57984
0	1111011010001110011011		41		0		26669
1	1111011010001110011011		30		0.196194		43230
1	1111011010001110011011		29		0.176345		43838
1	1111011010001110011011		28		0		47158
2	1111011010001110011011		24		0.154845		48699
2	1111011010001110011011		23		0.122655		48937
2	1111011010001110011011		22		0.0919822		49142
2	1111011010001110011011		21		0.0566156		49370
2	1111011010001110011011		20		0.0326471		49546
2	1111011010001110011011		19		0.0201102		49656
2	1111011010001110011011		18		0.00796109		49767
2	1111011010001110011011		17		0.00152045		49836
2	1111011010001110011011		16		0		49887
3	1111011010001110011011		19		0.171115		49656
3	1111011010001110011011		18		0.129298		49767
3	1111011010001110011011		17		0.0916901		49836
3	1111011010001110011011		16		0.0578136		49887
3	1111011010001110011011		15		0.0346925		49919
3	1111011010001110011011		14		0.0199189		49947
3	1111011010001110011011		13		0.0092935		49972
3	1111011010001110011011		12		0.003429		49987
3	1111011010001110011011		11		0.000965118		49989
3	1111011010001110011011		10		0.000141621		49993
3	1111011010001110011011		9		1.16825e-05		49996
3	1111011010001110011011		8		0		49997
4	1111011010001110011011		15		0.166835		49919
4	1111011010001110011011		14		0.122052		49947
4	1111011010001110011011		13		0.0847288		49972
4	1111011010001110011011		12		0.054126		49987
4	1111011010001110011011		11		0.0306138		49989
4	1111011010001110011011		10		0.0151683		49993
4	1111011010001110011011		9		0.00644362		49996
4	1111011010001110011011		8		0.00228047		49997
4	1111011010001110011011		7		0.000596344		49998
4	1111011010001110011011		6		0.000103474		49999
4	1111011010001110011011		5		9.05991e-06		50000
4	1111011010001110011011		4		0		50000
5	1111011010001110011011		12		0.172183		49987
5	1111011010001110011011		11		0.123555		49989
5	1111011010001110011011		10		0.0820228		49993
5	1111011010001110011011		9		0.0494137		49996
5	1111011010001110011011		8		0.0264285		49997
5	1111011010001110011011		7		0.0118464		49998
5	1111011010001110011011		6		0.00431937		49999
5	1111011010001110011011		5		0.00120187		50000
5	1111011010001110011011		4		0.000244141		50000
5	1111011010001110011011		3		2.76566e-05		50000
5	1111011010001110011011		2		3.8147e-06		50000
5	1111011010001110011011		1		0		57536
6	1111011010001110011011		10		0.198502		49993
6	1111011010001110011011		9		0.14192		49996
6	1111011010001110011011		8		0.0936905		49997
6	1111011010001110011011		7		0.0552466		49998
6	1111011010001110011011		6		0.0279453		49999
6	1111011010001110011011		5		0.0114524		50000
6	1111011010001110011011		4		0.00363165		50000
6	1111011010001110011011		3		0.000794113		50000
6	1111011010001110011011		2		0.000104904		50000
6	1111011010001110011011		1		6.67572e-06		57536
7	1111011010001110011011		8		0.197102		49997
7	1111011010001110011011		7		0.135637		49998
7	1111011010001110011011		6		0.0832782		49999
7	1111011010001110011011		5		0.0435877		50000
7	1111011010001110011011		4		0.0184229		50000
7	1111011010001110011011		3		0.00577396		50000
7	1111011010001110011011		2		0.00114757		50000
7	1111011010001110011011		1		0.000108719		57536
0	11101110110001110110001		40		0		26669
1	11101110110001110110001		29		0.192952		43589
1	11101110110001110110001		28		0.157698		44456
1	11101110110001110110001		27		0		47465
2	11101110110001110110001		24		0.171683		48633
2	11101110110001110110001		23		0.140422		48868
2	11101110110001110110001		22		0.105663		49101
2	11101110110001110110001		21		0.0732474		49322
2	11101110110001110110001		20		0.0531605		49469
2	11101110110001110110001		19		0.0311951		49618
2	11101110110001110110001		18		0.0207172		49700
2	11101110110001110110001		17		0.0095979		49794
2	11101110110001110110001		16		0.00267458		49864
2	11101110110001110110001		15		0.000660896		49907
2	11101110110001110110001		14		0		49932
3	11101110110001110110001		19		0.175256		49618
3	11101110110001110110001		18		0.13509		49700
3	11101110110001110110001		17		0.101765		49794
3	11101110110001110110001		16		0.0715961		49864
3	11101110110001110110001		15		0.0471217		49907
3	11101110110001110110001		14		0.0295933		49932
3	11101110110001110110001		13		0.0175763		49958
3	11101110110001110110001		12		0.009323		49980
3	11101110110001110110001		11		0.00453848		49986
3	11101110110001110110001		10		0.00179917		49992
3	11101110110001110110001		9		0.000485063		49995
3	11101110110001110110001		8		0.000105143		49995
3	11101110110001110110001		7		4.05312e-06		49997
3	11101110110001110110001		6		0		50000
4	11101110110001110110001		15		0.16832		49907
4	11101110110001110110001		14		0.126779		49932
4	11101110110001110110001		13		0.0917137		49958
4	11101110110001110110001		12		0.063051		49980
4	11101110110001110110001		11		0.0408401		49986
4	11101110110001110110001		10		0.0243971		49992
4	11101110110001110110001		9		0.0130528		49995
4	11101110110001110110001		8		0.0061323		49995
4	11101110110001110110001		7		0.00253403		49997
4	11101110110001110110001		6		0.000892222		50000
4	11101110110001110110001		5		0.00025171		50000
4	11101110110001110110001		4		5.14984e-05		50000
4	11101110110001110110001		3		5.72205e-06		50000
4	11101110110001110110001		2		0		50003
5	11101110110001110110001		12		0.170844		49980
5	11101110110001110110001		11		0.126962		49986
5	11101110110001110110001		10		0.0894132		49992
5	11101110110001110110001		9		0.0587261		49995
5	11101110110001110110001		8		0.0353112		49995
5	11101110110001110110001		7		0.0191696		49997
5	11101110110001110110001		6		0.00921649		50000
5	11101110110001110110001		5		0.00377417		50000
5	11101110110001110110001		4		0.00124949		50000
5	11101110110001110110001		3		0.000267923		50000
5	11101110110001110110001		2		3.33786e-05		50003
5	11101110110001110110001		1		0		57691
6	11101110110001110110001		10		0.195979		49992
6	11101110110001110110001		9		0.144784		49995
6	11101110110001110110001		8		0.100113		49995
6	11101110110001110110001		7		0.0638977		49997
6	11101110110001110110001		6		0.0368509		50000
6	11101110110001110110001		5		0.0185839		50000
6	11101110110001110110001		4		0.00777167		50000
6	11101110110001110110001		3		0.00246412		50000
6	11101110110001110110001		2		0.000463367		50003
6	11101110110001110110001		1		4.29153e-05		57691
7	11101110110001110110001		8		0.195551		49995
7	11101110110001110110001		7		0.1389		49997
7	11101110110001110110001		6		0.0908632		50000
7	11101110110001110110001		5		0.0533906		50000
7	11101110110001110110001		4		0.0266587		50000
7	11101110110001110110001		3		0.010512		50000
7	11101110110001110110001		2		0.0028379		50003
7	11101110110001110110001		1		0.000360429		57691
0	1111111111100000111		44		0		26669
1	1111111111100000111		31		0		46901
2	1111111111100000111		27		0.173404		48574
2	1111111111100000111		26		0.149006		48757
2	1111111111100000111		25		0.123824		48950
2	1111111111100000111		24		0.102381		49115
2	1111111111100000111		23		0.0733261		49315
2	1111111111100000111		22		0.0575085		49449
2	1111111111100000111		21		0.0438761		49559
2	1111111111100000111		20		0.0167722		49730
2	1111111111100000111		19		0.0104297		49789
2	1111111111100000111		18		0.00571543		49841
2	1111111111100000111		17		0		49902
3	1111111111100000111		21		0.186335		49559
3	1111111111100000111		20		0.144743		49730
3	1111111111100000111		19		0.111962		49789
3	1111111111100000111		18		0.0838898		49841
3	1111111111100000111		17		0.0555459		49902
3	1111111111100000111		16		0.0399215		49933
3	1111111111100000111		15		0.0278683		49951
3	1111111111100000111		14		0.0189793		49963
3	1111111111100000111		13		0.0123196		49974
3	1111111111100000111		12		0.00586402		49984
3	1111111111100000111		11		0.00242013		49990
3	1111111111100000111		10		0.000525832		49994
3	1111111111100000111		9		0		49994
4	1111111111100000111		17		0.192029		49902
4	1111111111100000111		16		0.152582		49933
4	1111111111100000111		15		0.118886		49951
4	1111111111100000111		14		0.0907257		49963
4	1111111111100000111		13		0.0675645		49974
4	1111111111100000111		12		0.047087		49984
4	1111111111100000111		11		0.0300978		49990
4	1111111111100000111		10		0.0168082		49994
4	1111111111100000111		9		0.00904405		49994
4	1111111111100000111		8		0.00488657		49996
4	1111111111100000111		7		0.00236136		49999
4	1111111111100000111		6		0.00101322		50000
4	1111111111100000111		5		0.00027889		50000
4	1111111111100000111		4		5.72205e-05		50006
4	1111111111100000111		3		9.53674e-06		50032
4	1111111111100000111		2		0		50492
5	1111111111100000111		13		0.172839		49974
5	1111111111100000111		12		0.13546		49984
5	1111111111100000111		11		0.101573		49990
5	1111111111100000111		10		0.0704364		49994
5	1111111111100000111		9		0.046902		49994
5	1111111111100000111		8		0.0291923		49996
5	1111111111100000111		7		0.0166286		49999
5	1111111111100000111		6		0.00896889		50000
5	1111111111100000111		5		0.0039053		50000
5	1111111111100000111		4		0.00168753		50006
5	1111111111100000111		3		0.000629246		50032
5	1111111111100000111		2		0.000173569		50492
5	1111111111100000111		1		4.00543e-05		57986
6	1111111111100000111		10		0.161732		49994
6	1111111111100000111		9		0.121053		49994
6	1111111111100000111		8		0.0856217		49996
6	1111111111100000111		7		0.0558843		49999
6	1111111111100000111		6		0.0342904		50000
6	1111111111100000111		5		0.0177384		50000
6	1111111111100000111		4		0.00929773		50006
6	1111111111100000111		3		0.00420254		50032
6	1111111111100000111		2		0.00141042		50492
6	1111111111100000111		1		0.000429034		57986
7	1111111111100000111		8		0.171779		49996
7	1111111111100000111		7		0.123851		49999
7	1111111111100000111		6		0.0842036		50000
7	1111111111100000111		5		0.0492097		50000
7	1111111111100000111		4		0.0290895		50006
7	1111111111100000111		3		0.0150941		50032
7	1111111111100000111		2		0.00583369		50492
7	1111111111100000111		1		0.00203401		57986
