errors	shape		t		lossrate	PM

0	1111111101		33		0		26005
1	1111111101		25		0.0981961		47084
1	1111111101		24		0		48630
2	1111111101		19		0.196693		54368
2	1111111101		18		0.148797		54765
2	1111111101		17		0.102289		55182
2	1111111101		16		0.0349523		55638
2	1111111101		15		0.00385302		55858
2	1111111101		14		0		55961
3	1111111101		14		0.158818		59093
3	1111111101		13		0.108895		59183
3	1111111101		12		0.0729652		59255
3	1111111101		11		0.0465874		59324
3	1111111101		10		0.027711		59402
3	1111111101		9		0.014642		59475
3	1111111101		8		0.0060463		59612
3	1111111101		7		0.00163823		60022
3	1111111101		6		0.00024271		61810
3	1111111101		5		1.5974e-05		68922
3	1111111101		4		0		96746
4	1111111101		10		0.14762		62534
4	1111111101		9		0.103139		62605
4	1111111101		8		0.0678784		62739
4	1111111101		7		0.0410752		63161
4	1111111101		6		0.022418		65050
4	1111111101		5		0.0108936		72527
4	1111111101		4		0.00460565		101781
4	1111111101		3		0.0015533		221519
4	1111111101		2		0.000347078		717357
4	1111111101		1		3.24249e-05		7309960
5	1111111101		8		0.198538		65891
5	1111111101		7		0.14253		66346
5	1111111101		6		0.095878		68326
5	1111111101		5		0.0593892		76199
5	1111111101		4		0.0330011		106939
5	1111111101		3		0.0157918		232679
5	1111111101		2		0.00573605		753627
5	1111111101		1		0.0011152		7675261
0	11111110011		32		0		26005
1	11111110011		24		0.191393		45629
1	11111110011		23		0.0903245		47628
1	11111110011		22		0		49230
2	11111110011		18		0.191584		54318
2	11111110011		17		0.139583		54769
2	11111110011		16		0.100039		55111
2	11111110011		15		0.0587636		55494
2	11111110011		14		0.0304369		55761
2	11111110011		13		0.00953346		55941
2	11111110011		12		0.00250405		56027
2	11111110011		11		0		56099
3	11111110011		13		0.168111		59070
3	11111110011		12		0.11709		59153
3	11111110011		11		0.0762231		59243
3	11111110011		10		0.0475024		59330
3	11111110011		9		0.0278475		59398
3	11111110011		8		0.0153118		59474
3	11111110011		7		0.00750619		59591
3	11111110011		6		0.00315076		59981
3	11111110011		5		0.0011133		61392
3	11111110011		4		0.000317037		67578
3	11111110011		3		7.36713e-05		92390
3	11111110011		2		1.21593e-05		515215
3	11111110011		1		0		7038764
4	11111110011		9		0.144163		62532
4	11111110011		8		0.0983772		62604
4	11111110011		7		0.062845		62721
4	11111110011		6		0.0368634		63127
4	11111110011		5		0.0194731		64619
4	11111110011		4		0.0088011		71138
4	11111110011		3		0.00342637		97230
4	11111110011		2		0.000930369		542833
4	11111110011		1		0.000226498		7409301
5	11111110011		7		0.187347		65876
5	11111110011		6		0.12969		66306
5	11111110011		5		0.0826494		67876
5	11111110011		4		0.0462346		74727
5	11111110011		3		0.0227485		102200
5	11111110011		2		0.00788522		570190
5	11111110011		1		0.00246888		7779000
0	111111111		34		0		26004
1	111111111		26		0		47603
2	111111111		20		0.199671		54305
2	111111111		19		0.143945		54775
2	111111111		18		0.0704098		55211
2	111111111		17		0		55692
3	111111111		15		0.158103		59072
3	111111111		14		0.106602		59156
3	111111111		13		0.0696067		59248
3	111111111		12		0.0429013		59319
3	111111111		11		0.0241487		59382
3	111111111		10		0.0112721		59451
3	111111111		9		0.00315356		59552
3	111111111		8		0		59781
4	111111111		11		0.151684		62517
4	111111111		10		0.10576		62582
4	111111111		9		0.0694008		62682
4	111111111		8		0.0420865		62912
4	111111111		7		0.0231152		63995
4	111111111		6		0.0114929		68585
4	111111111		5		0.00507826		85682
4	111111111		4		0.00190032		155085
4	111111111		3		0.000543475		440754
4	111111111		2		0.000101089		1604653
4	111111111		1		1.04904e-05		6372091
5	111111111		8		0.15216		66084
5	111111111		7		0.104474		67223
5	111111111		6		0.0667875		72051
5	111111111		5		0.0393333		90035
5	111111111		4		0.0209313		162900
5	111111111		3		0.00968695		462792
5	111111111		2		0.00361073		1684945
5	111111111		1		0.000903666		6690480
0	1111111111		33		0		26004
1	1111111111		24		0		47902
2	1111111111		18		0.192154		54360
2	1111111111		17		0.144413		54749
2	1111111111		16		0.100678		55134
2	1111111111		15		0.0478611		55512
2	1111111111		14		0		55845
3	1111111111		13		0.172776		59079
3	1111111111		12		0.118736		59175
3	1111111111		11		0.0798112		59260
3	1111111111		10		0.0514743		59334
3	1111111111		9		0.0313263		59418
3	1111111111		8		0.0175245		59532
3	1111111111		7		0.0085206		59767
3	1111111111		6		0.0032137		60787
3	1111111111		5		0.000669956		65101
3	1111111111		4		0		81264
4	1111111111		9		0.15711		62552
4	1111111111		8		0.111769		62664
4	1111111111		7		0.075358		62898
4	1111111111		6		0.0475094		63971
4	1111111111		5		0.0273941		68504
4	1111111111		4		0.0139715		85473
4	1111111111		3		0.0060963		154396
4	1111111111		2		0.00213397		438881
4	1111111111		1		0.000491023		1600960
5	1111111111		6		0.149171		67199
5	1111111111		5		0.102371		71963
5	1111111111		4		0.0648934		89798
5	1111111111		3		0.0368712		162133
5	1111111111		2		0.017891		460751
5	1111111111		1		0.00656348		1680880
0	11111111101		32		0		26004
1	11111111101		23		0.0903245		47418
1	11111111101		22		0		48874
2	11111111101		17		0.187889		54454
2	11111111101		16		0.143125		54795
2	11111111101		15		0.105708		55150
2	11111111101		14		0.0692366		55508
2	11111111101		13		0.023032		55821
2	11111111101		12		0.00250405		55966
2	11111111101		11		0		56062
3	11111111101		12		0.17035		59094
3	11111111101		11		0.117444		59200
3	11111111101		10		0.0794652		59283
3	11111111101		9		0.0520502		59359
3	11111111101		8		0.032305		59445
3	11111111101		7		0.0185093		59597
3	11111111101		6		0.00940096		60010
3	11111111101		5		0.00386089		61780
3	11111111101		4		0.00107801		68842
3	11111111101		3		0.000173807		96527
3	11111111101		2		1.57356e-05		209759
3	11111111101		1		0		1737249
4	11111111101		8		0.147828		62575
4	11111111101		7		0.104067		62724
4	11111111101		6		0.069068		63150
4	11111111101		5		0.0423843		65019
4	11111111101		4		0.0232032		72440
4	11111111101		3		0.0107955		101536
4	11111111101		2		0.00383401		220782
4	11111111101		1		0.000724554		1829113
5	11111111101		6		0.187739		66335
5	11111111101		5		0.133235		68295
5	11111111101		4		0.0875573		76107
5	11111111101		3		0.0514404		106662
5	11111111101		2		0.0248302		231876
5	11111111101		1		0.00707591		1920789
0	111111100111		31		0		26004
1	111111100111		22		0.175755		45977
1	111111100111		21		0.082452		47821
1	111111100111		20		0		49206
2	111111100111		16		0.178469		54411
2	111111100111		15		0.130849		54842
2	111111100111		14		0.0943056		55158
2	111111100111		13		0.0639528		55443
2	111111100111		12		0.0382065		55717
2	111111100111		11		0.0188808		55894
2	111111100111		10		0.00589985		56026
2	111111100111		9		0.00144356		56116
2	111111100111		8		0		56211
3	111111100111		11		0.168622		59012
3	111111100111		10		0.1197		59163
3	111111100111		9		0.0805329		59265
3	111111100111		8		0.0500078		59357
3	111111100111		7		0.0286229		59439
3	111111100111		6		0.0149549		59552
3	111111100111		5		0.00709128		59824
3	111111100111		4		0.00290757		60991
3	111111100111		3		0.00100589		65696
3	111111100111		2		0.000229597		165800
3	111111100111		1		5.38826e-05		1756992
4	111111100111		8		0.19446		62486
4	111111100111		7		0.139173		62570
4	111111100111		6		0.0924904		62681
4	111111100111		5		0.0564455		62961
4	111111100111		4		0.0296472		64191
4	111111100111		3		0.0140153		69135
4	111111100111		2		0.0043906		174413
4	111111100111		1		0.0014028		1849589
5	111111100111		5		0.16804		66135
5	111111100111		4		0.106347		67424
5	111111100111		3		0.0606712		72629
5	111111100111		2		0.023882		182995
5	111111100111		1		0.00919384		1941860
0	11111111111		32		0		26004
1	11111111111		22		0		48187
2	11111111111		16		0.18247		54461
2	11111111111		15		0.137956		54815
2	11111111111		14		0.100327		55155
2	11111111111		13		0.0676081		55469
2	11111111111		12		0.0305391		55729
2	11111111111		11		0		55968
3	11111111111		11		0.177372		59105
3	11111111111		10		0.123993		59204
3	11111111111		9		0.0841483		59289
3	11111111111		8		0.0551034		59378
3	11111111111		7		0.0343408		59501
3	11111111111		6		0.0199682		59753
3	11111111111		5		0.01047		60770
3	11111111111		4		0.00467896		65083
3	11111111111		3		0.00159401		81215
3	11111111111		2		0.00032419		146653
3	11111111111		1		2.00272e-05		416621
4	11111111111		7		0.151284		62634
4	11111111111		6		0.107364		62884
4	11111111111		5		0.0718386		63954
4	11111111111		4		0.04456		68485
4	11111111111		3		0.0248111		85420
4	11111111111		2		0.0116861		154282
4	11111111111		1		0.00400931		438609
5	11111111111		5		0.185934		67182
5	11111111111		4		0.132023		71944
5	11111111111		3		0.0865952		89739
5	11111111111		2		0.0504022		161999
5	11111111111		1		0.0238345		460454
0	111111111101		31		0		26004
1	111111111101		21		0.082452		47797
1	111111111101		20		0		49110
2	111111111101		15		0.177007		54551
2	111111111101		14		0.135185		54896
2	111111111101		13		0.100337		55218
2	111111111101		12		0.0711871		55486
2	111111111101		11		0.042902		55745
2	111111111101		10		0.0135574		55962
2	111111111101		9		0.00144356		56077
2	111111111101		8		0		56181
3	111111111101		10		0.168079		59095
3	111111111101		9		0.11943		59221
3	111111111101		8		0.0805528		59320
3	111111111101		7		0.0525748		59412
3	111111111101		6		0.032699		59569
3	111111111101		5		0.0188094		59994
3	111111111101		4		0.00962222		61771
3	111111111101		3		0.00403398		68829
3	111111111101		2		0.00111848		96489
3	111111111101		1		0.000131607		467727
4	111111111101		7		0.187981		62544
4	111111111101		6		0.137389		62696
4	111111111101		5		0.0950861		63134
4	111111111101		4		0.0612993		65010
4	111111111101		3		0.0355577		72427
4	111111111101		2		0.0169226		101497
4	111111111101		1		0.00478125		492113
5	111111111101		4		0.162768		68286
5	111111111101		3		0.109624		76094
5	111111111101		2		0.0643083		106621
5	111111111101		1		0.0244925		516852
0	1111111100111		30		0		26004
1	1111111100111		20		0.160116		46497
1	1111111100111		19		0.0745753		48191
1	1111111100111		18		0		49443
2	1111111100111		14		0.166025		54561
2	1111111100111		13		0.127011		54924
2	1111111100111		12		0.0899749		55262
2	1111111100111		11		0.061695		55517
2	1111111100111		10		0.0387025		55733
2	1111111100111		9		0.0218793		55901
2	1111111100111		8		0.0100094		56046
2	1111111100111		7		0.00312388		56174
2	1111111100111		6		0.000674248		56257
2	1111111100111		5		0		56375
3	1111111100111		9		0.157027		59029
3	1111111100111		8		0.112233		59189
3	1111111100111		7		0.0752105		59318
3	1111111100111		6		0.0467165		59408
3	1111111100111		5		0.0262738		59532
3	1111111100111		4		0.0126066		59816
3	1111111100111		3		0.00544137		60986
3	1111111100111		2		0.00152683		85435
3	1111111100111		1		0.000473142		471588
4	1111111100111		6		0.172885		62536
4	1111111100111		5		0.120055		62661
4	1111111100111		4		0.0734451		62951
4	1111111100111		3		0.0410372		64185
4	1111111100111		2		0.0151725		89870
4	1111111100111		1		0.00594985		496380
5	1111111100111		4		0.191954		66125
5	1111111100111		3		0.125695		67419
5	1111111100111		2		0.0578379		94382
5	1111111100111		1		0.026719		521032
0	111111111111		31		0		26004
1	111111111111		20		0		48507
2	111111111111		14		0.170758		54585
2	111111111111		13		0.12935		54921
2	111111111111		12		0.0943996		55221
2	111111111111		11		0.0661627		55497
2	111111111111		10		0.0417647		55726
2	111111111111		9		0.0171431		55922
2	111111111111		8		0		56101
3	111111111111		9		0.167112		59062
3	111111111111		8		0.12105		59239
3	111111111111		7		0.0824403		59347
3	111111111111		6		0.0536203		59472
3	111111111111		5		0.0330813		59729
3	111111111111		4		0.0189121		60758
3	111111111111		3		0.00960642		65073
3	111111111111		2		0.00401336		81207
3	111111111111		1		0.001109		146630
4	111111111111		6		0.18497		62602
4	111111111111		5		0.135329		62860
4	111111111111		4		0.0934052		63942
4	111111111111		3		0.059661		68475
4	111111111111		2		0.0339523		85412
4	111111111111		1		0.0157049		154258
5	111111111111		3		0.153776		71933
5	111111111111		2		0.101383		89731
5	111111111111		1		0.057925		161973
0	1111111111101		30		0		26004
1	1111111111101		19		0.0745753		48151
1	1111111111101		18		0		49358
2	1111111111101		13		0.163896		54697
2	1111111111101		12		0.124885		55015
2	1111111111101		11		0.0926036		55310
2	1111111111101		10		0.0658376		55546
2	1111111111101		9		0.0432442		55765
2	1111111111101		8		0.022618		55960
2	1111111111101		7		0.00648934		56128
2	1111111111101		6		0.000674248		56237
2	1111111111101		5		0		56391
3	1111111111101		8		0.154137		59098
3	1111111111101		7		0.111527		59264
3	1111111111101		6		0.075537		59380
3	1111111111101		5		0.0480489		59549
3	1111111111101		4		0.0286919		59976
3	1111111111101		3		0.0154714		61762
3	1111111111101		2		0.00676978		68827
3	1111111111101		1		0.00163472		159190
4	1111111111101		5		0.165355		62676
4	1111111111101		4		0.117139		63115
4	1111111111101		3		0.0769342		65001
4	1111111111101		2		0.044163		72425
4	1111111111101		1		0.0164842		167540
5	1111111111101		3		0.183807		68276
5	1111111111101		2		0.122868		76092
5	1111111111101		1		0.0579422		175994
0	11111111100111		29		0		26004
1	11111111100111		18		0.144473		46999
1	11111111100111		17		0.0667135		48535
1	11111111100111		16		0		49695
2	11111111100111		13		0.194343		54342
2	11111111100111		12		0.151643		54736
2	11111111100111		11		0.115342		55074
2	11111111100111		10		0.0848256		55354
2	11111111100111		9		0.0569587		55587
2	11111111100111		8		0.0359524		55790
2	11111111100111		7		0.0200995		55951
2	11111111100111		6		0.0102746		56102
2	11111111100111		5		0.00415581		56227
2	11111111100111		4		0.00121117		56353
2	11111111100111		3		0.000192165		56637
2	11111111100111		2		0		62262
3	11111111100111		8		0.187911		58916
3	11111111100111		7		0.139616		59086
3	11111111100111		6		0.0976127		59240
3	11111111100111		5		0.0636644		59377
3	11111111100111		4		0.0359662		59509
3	11111111100111		3		0.0188273		59801
3	11111111100111		2		0.00624794		65748
3	11111111100111		1		0.00232452		160576
4	11111111100111		5		0.199337		62503
4	11111111100111		4		0.137278		62635
4	11111111100111		3		0.0875721		62935
4	11111111100111		2		0.0378301		69189
4	11111111100111		1		0.017499		169062
5	11111111100111		2		0.109733		72691
5	11111111100111		1		0.058771		177462
0	1111111111111		30		0		26004
1	1111111111111		18		0		48821
2	1111111111111		12		0.156876		54724
2	1111111111111		11		0.118334		55048
2	1111111111111		10		0.0861968		55334
2	1111111111111		9		0.0603674		55570
2	1111111111111		8		0.0393434		55778
2	1111111111111		7		0.0218855		55969
2	1111111111111		6		0.00743735		56134
2	1111111111111		5		0		56299
3	1111111111111		8		0.195876		58909
3	1111111111111		7		0.149105		59101
3	1111111111111		6		0.108058		59278
3	1111111111111		5		0.0739416		59449
3	1111111111111		4		0.0467432		59714
3	1111111111111		3		0.0272878		60740
3	1111111111111		2		0.0141295		65069
3	1111111111111		1		0.00579315		81204
4	1111111111111		4		0.157034		62843
4	1111111111111		3		0.110079		63924
4	1111111111111		2		0.0705866		68471
4	1111111111111		1		0.0391821		85409
5	1111111111111		2		0.167198		71929
5	1111111111111		1		0.108863		89727
0	11111111111101		29		0		26004
1	11111111111101		17		0.0667135		48497
1	11111111111101		16		0		49622
2	11111111111101		12		0.191212		54477
2	11111111111101		11		0.148777		54838
2	11111111111101		10		0.112715		55152
2	11111111111101		9		0.0829912		55422
2	11111111111101		8		0.0585133		55633
2	11111111111101		7		0.0382413		55833
2	11111111111101		6		0.022005		56007
2	11111111111101		5		0.00927556		56182
2	11111111111101		4		0.00215656		56367
2	11111111111101		3		0.000192165		56790
2	11111111111101		2		0		58479
3	11111111111101		7		0.178771		58967
3	11111111111101		6		0.134235		59138
3	11111111111101		5		0.0959485		59322
3	11111111111101		4		0.063635		59524
3	11111111111101		3		0.0383584		59966
3	11111111111101		2		0.020146		61750
3	11111111111101		1		0.00684839		84075
4	11111111111101		4		0.185656		62647
4	11111111111101		3		0.133537		63105
4	11111111111101		2		0.0867572		64988
4	11111111111101		1		0.03961		88471
5	11111111111101		2		0.195066		68263
5	11111111111101		1		0.107816		92939
0	111111111100111		28		0		26004
1	111111111100111		16		0.128845		47466
1	111111111100111		15		0.0588571		48891
1	111111111100111		14		0		49963
2	111111111100111		11		0.175237		54540
2	111111111100111		10		0.135903		54907
2	111111111100111		9		0.101953		55225
2	111111111100111		8		0.0738754		55471
2	111111111100111		7		0.0506291		55668
2	111111111100111		6		0.0308874		55868
2	111111111100111		5		0.0168401		56033
2	111111111100111		4		0.00770044		56183
2	111111111100111		3		0.00307447		56337
2	111111111100111		2		0.000923216		57717
2	111111111100111		1		0.000158787		79723
3	111111111100111		6		0.161543		59000
3	111111111100111		5		0.116395		59164
3	111111111100111		4		0.0750478		59329
3	111111111100111		3		0.044933		59490
3	111111111100111		2		0.0174714		60960
3	111111111100111		1		0.00785613		84128
4	111111111100111		3		0.150945		62617
4	111111111100111		2		0.0742445		64154
4	111111111100111		1		0.0396264		88534
5	111111111100111		2		0.176338		67389
5	111111111100111		1		0.106473		92999
0	11111111111111		29		0		26004
1	11111111111111		16		0		49109
2	11111111111111		11		0.182835		54518
2	11111111111111		10		0.140928		54887
2	11111111111111		9		0.105464		55193
2	11111111111111		8		0.0761216		55454
2	11111111111111		7		0.0526954		55676
2	11111111111111		6		0.0339104		55872
2	11111111111111		5		0.0191875		56040
2	11111111111111		4		0.00849009		56240
2	11111111111111		3		0.00208426		56532
2	11111111111111		2		0		57519
3	11111111111111		6		0.170108		58998
3	11111111111111		5		0.126695		59178
3	11111111111111		4		0.0893342		59387
3	11111111111111		3		0.0586787		59692
3	11111111111111		2		0.0345266		60733
3	11111111111111		1		0.0171267		65059
4	11111111111111		3		0.171563		62818
4	11111111111111		2		0.120746		63915
4	11111111111111		1		0.0762055		68461
5	11111111111111		1		0.173141		71919
0	111111111111101		28		0		26004
1	111111111111101		15		0.0588571		48859
1	111111111111101		14		0		49891
2	111111111111101		10		0.171241		54649
2	111111111111101		9		0.131964		55015
2	111111111111101		8		0.0988326		55300
2	111111111111101		7		0.0716572		55540
2	111111111111101		6		0.0494522		55737
2	111111111111101		5		0.0314129		55938
2	111111111111101		4		0.017525		56108
2	111111111111101		3		0.00761741		56335
2	111111111111101		2		0.00184435		56777
2	111111111111101		1		0.000158787		62009
3	111111111111101		6		0.198208		58866
3	111111111111101		5		0.151499		59066
3	111111111111101		4		0.110269		59244
3	111111111111101		3		0.075158		59490
3	111111111111101		2		0.0451789		59952
3	111111111111101		1		0.0186745		65501
4	111111111111101		3		0.199057		62613
4	111111111111101		2		0.142425		63091
4	111111111111101		1		0.0758446		68934
5	111111111111101		1		0.171368		72417
0	1111111111100111		27		0		26004
1	1111111111100111		14		0.113222		47996
1	1111111111100111		13		0.0510043		49276
1	1111111111100111		12		0		50279
2	1111111111100111		9		0.154548		54739
2	1111111111100111		8		0.118213		55086
2	1111111111100111		7		0.0873528		55371
2	1111111111100111		6		0.0612942		55589
2	1111111111100111		5		0.0402946		55776
2	1111111111100111		4		0.0229742		55980
2	1111111111100111		3		0.0117387		56151
2	1111111111100111		2		0.00362712		56634
2	1111111111100111		1		0.00130332		62045
3	1111111111100111		5		0.178547		58906
3	1111111111100111		4		0.126514		59109
3	1111111111100111		3		0.0849138		59293
3	1111111111100111		2		0.0378714		59806
3	1111111111100111		1		0.0195213		65504
4	1111111111100111		2		0.123819		62955
4	1111111111100111		1		0.0737994		68932
5	1111111111100111		1		0.167801		72415
