0.005
0.004371622
0.003743243
0.0035
0.0035
0.0035
0.0035
0.0035
0.0035
0.0035
0.0035
0.0035
0.0035
0.0035
0.0035
0.0035
0.0035
0.0035
0.0035
0.0035
0.0035
0.0035
0.0035
0.0035
0.0035
0.0035
0.0035
0.0035
0.0035
0.003574324
0.003783784
0.003993243
0.004202703
0.004412162
0.004621622
0.004831081
0.005040541
0.00525
0.00545946
0.005668919
0.005878378
0.006
0.006
0.006013514
0.006432432
0.006851351
0.007135135
0.007344595
0.007662162
0.00829054
0.008918919
0.009364865
0.009783784
0.01101351
0.01310811
0.01489865
0.01385135
0.01280405
0.01309459
0.01393243
0.01524324
0.01754730
0.01985135
0.02039189
0.02081081
0.02203378
0.02391892
0.02573649
0.0272027
0.02866892
0.03094595
0.03345946
0.03548649
0.03674324
0.038
