0.005
0.004432927
0.003865854
0.0035
0.0035
0.0035
0.0035
0.0035
0.0035
0.0035
0.0035
0.0035
0.0035
0.0035
0.0035
0.0035
0.0035
0.0035
0.0035
0.0035
0.0035
0.0035
0.0035
0.0035
0.0035
0.0035
0.0035
0.0035
0.0035
0.0035
0.0035
0.0035
0.003548780
0.003737805
0.003926829
0.004115854
0.004304878
0.004493902
0.004682927
0.004871951
0.005060976
0.00525
0.005439024
0.005628049
0.005817073
0.006
0.006
0.006
0.006146341
0.00652439
0.006902439
0.007140244
0.007329268
0.007554878
0.008121951
0.008689024
0.009170732
0.00954878
0.00992683
0.01152439
0.01341463
0.01484756
0.01390244
0.01295732
0.01289024
0.01364634
0.01440244
0.01631098
0.01839024
0.02008537
0.02046341
0.02084146
0.02198780
0.02368902
0.02539024
0.02673780
0.02806098
0.02965854
0.03192683
0.03419512
0.03573171
0.03686585
0.038
