0.005
0.004198276
0.0035
0.0035
0.0035
0.0035
0.0035
0.0035
0.0035
0.0035
0.0035
0.0035
0.0035
0.0035
0.0035
0.0035
0.0035
0.0035
0.0035
0.0035
0.0035
0.0035
0.0035
0.003646552
0.003913793
0.004181034
0.004448276
0.004715517
0.004982759
0.00525
0.005517241
0.005784483
0.006
0.006
0.006172414
0.006706897
0.00712069
0.007387931
0.007965517
0.008767241
0.00937931
0.009913793
0.01224138
0.01491379
0.01370690
0.01260345
0.01367241
0.01516379
0.01810345
0.02018966
0.02072414
0.02216379
0.02456897
0.02664655
0.02851724
0.03137931
0.03458621
0.03639655
0.038
