0.005
0.004154545
0.0035
0.0035
0.0035
0.0035
0.0035
0.0035
0.0035
0.0035
0.0035
0.0035
0.0035
0.0035
0.0035
0.0035
0.0035
0.0035
0.0035
0.0035
0.0035
0.0035
0.0037
0.003981818
0.004263636
0.004545455
0.004827273
0.005109091
0.005390909
0.005672727
0.005954545
0.006
0.006036364
0.0066
0.007081818
0.007363636
0.007936364
0.008781818
0.009418182
0.009981818
0.01272727
0.01472727
0.01331818
0.01297273
0.0141
0.0165
0.0196
0.02049091
0.02124545
0.02378182
0.02613636
0.02810909
0.03085455
0.03423636
0.03630909
0.038
