0.005
0.004122642
0.0035
0.0035
0.0035
0.0035
0.0035
0.0035
0.0035
0.0035
0.0035
0.0035
0.0035
0.0035
0.0035
0.0035
0.0035
0.0035
0.0035
0.0035
0.0035
0.003641509
0.003933962
0.004226415
0.004518868
0.004811321
0.005103774
0.005396226
0.005688679
0.005981132
0.006
0.006132075
0.006716981
0.007150943
0.007443396
0.008207547
0.009056604
0.00964151
0.01113208
0.01405660
0.01400943
0.01254717
0.01363208
0.01533019
0.01854717
0.02032075
0.02090566
0.02320755
0.02576415
0.02781132
0.0304717
0.03398113
0.03624528
0.038
