0.005
0.004326087
0.003652174
0.0035
0.0035
0.0035
0.0035
0.0035
0.0035
0.0035
0.0035
0.0035
0.0035
0.0035
0.0035
0.0035
0.0035
0.0035
0.0035
0.0035
0.0035
0.0035
0.0035
0.0035
0.0035
0.0035
0.0035
0.003565217
0.003789855
0.004014493
0.004239130
0.004463768
0.004688406
0.004913043
0.005137681
0.005362319
0.005586957
0.005811594
0.006
0.006
0.006
0.00642029
0.006869565
0.00715942
0.007384058
0.007826087
0.0085
0.009115942
0.009565217
0.01007246
0.01231884
0.01456522
0.01409420
0.01297101
0.01302174
0.01392029
0.01537681
0.01784783
0.02005797
0.02050725
0.02095652
0.02282609
0.02484783
0.02656522
0.02813768
0.03021739
0.03291304
0.03530435
0.03665217
0.038
