errors	shape		t		lossrate	PM

0	1111111111		57		0		25585
1	1111111111		48		0		44280
2	1111111111		39		0.167895		48391
2	1111111111		38		0		49360
3	1111111111		35		0.194578		49670
3	1111111111		34		0.150234		49728
3	1111111111		33		0.114391		49773
3	1111111111		32		0.0852076		49818
3	1111111111		31		0.0612951		49857
3	1111111111		30		0.0423968		49886
3	1111111111		29		0.0281295		49923
3	1111111111		28		0		49966
4	1111111111		30		0.198038		49886
4	1111111111		29		0.158306		49923
4	1111111111		28		0.124658		49966
4	1111111111		27		0.0891696		49975
4	1111111111		26		0.0628343		49984
4	1111111111		25		0.0437395		49991
4	1111111111		24		0.029916		49992
4	1111111111		23		0.0198452		49996
4	1111111111		22		0.0125831		49998
4	1111111111		21		0.00741625		49998
4	1111111111		20		0.00394851		49999
4	1111111111		19		0.00180322		49999
4	1111111111		18		0		50000
5	1111111111		25		0.163792		49991
5	1111111111		24		0.129317		49992
5	1111111111		23		0.0999892		49996
5	1111111111		22		0.0755097		49998
5	1111111111		21		0.0552678		49998
5	1111111111		20		0.0391148		49999
5	1111111111		19		0.0269598		49999
5	1111111111		18		0.0179866		50000
5	1111111111		17		0.011178		50000
5	1111111111		16		0.00673592		50000
5	1111111111		15		0.00393236		50000
5	1111111111		14		0.00218868		50000
5	1111111111		13		0.00115997		50000
5	1111111111		12		0.000553906		50000
5	1111111111		11		0.000231743		50004
5	1111111111		10		7.9155e-05		50005
5	1111111111		9		2.00272e-05		50029
5	1111111111		8		0		50124
6	1111111111		22		0.187661		49998
6	1111111111		21		0.150892		49998
6	1111111111		20		0.11846		49999
6	1111111111		19		0.0913408		49999
6	1111111111		18		0.0690311		50000
6	1111111111		17		0.0508224		50000
6	1111111111		16		0.0362703		50000
6	1111111111		15		0.0251407		50000
6	1111111111		14		0.0169175		50000
6	1111111111		13		0.0109733		50000
6	1111111111		12		0.00682211		50000
6	1111111111		11		0.00404584		50004
6	1111111111		10		0.00227195		50005
6	1111111111		9		0.00120568		50029
6	1111111111		8		0.000597775		50124
6	1111111111		7		0.000271738		50403
6	1111111111		6		0.00011158		52031
6	1111111111		5		3.91006e-05		58462
6	1111111111		4		1.14441e-05		82112
6	1111111111		3		4.76837e-06		178318
6	1111111111		2		9.53674e-07		566739
6	1111111111		1		0		2138791
7	1111111111		19		0.190516		49999
7	1111111111		18		0.154286		50000
7	1111111111		17		0.122435		50000
7	1111111111		16		0.0950594		50000
7	1111111111		15		0.0721236		50000
7	1111111111		14		0.053377		50000
7	1111111111		13		0.0384039		50000
7	1111111111		12		0.0267626		50000
7	1111111111		11		0.0179951		50004
7	1111111111		10		0.0116334		50005
7	1111111111		9		0.00722742		50029
7	1111111111		8		0.00427097		50124
7	1111111111		7		0.00236708		50403
7	1111111111		6		0.00123328		52031
7	1111111111		5		0.000577748		58462
7	1111111111		4		0.000243187		82112
7	1111111111		3		7.9155e-05		178318
7	1111111111		2		1.71661e-05		566739
7	1111111111		1		4.76837e-06		2138791
0	111001001010011101		49		0		25585
1	111001001010011101		40		0		45560
2	111001001010011101		35		0.170107		48279
2	111001001010011101		34		0.10295		48756
2	111001001010011101		33		0.0573193		49089
2	111001001010011101		32		0.0356117		49310
2	111001001010011101		31		0.019082		49506
2	111001001010011101		30		0		49676
3	111001001010011101		30		0.162589		49676
3	111001001010011101		29		0.112587		49749
3	111001001010011101		28		0.0739048		49822
3	111001001010011101		27		0.0433599		49874
3	111001001010011101		26		0.0238962		49910
3	111001001010011101		25		0.0123215		49940
3	111001001010011101		24		0.00397128		49961
3	111001001010011101		23		0.000963688		49978
3	111001001010011101		22		9.77516e-05		49987
3	111001001010011101		21		0		49990
4	111001001010011101		26		0.172708		49910
4	111001001010011101		25		0.125021		49940
4	111001001010011101		24		0.0853806		49961
4	111001001010011101		23		0.0542938		49978
4	111001001010011101		22		0.0324185		49987
4	111001001010011101		21		0.0172338		49990
4	111001001010011101		20		0.00781852		49992
4	111001001010011101		19		0.00307375		49993
4	111001001010011101		18		0.000883639		49996
4	111001001010011101		17		0.000210285		49998
4	111001001010011101		16		3.33786e-05		49999
4	111001001010011101		15		1.43051e-06		49999
4	111001001010011101		14		0		49999
5	111001001010011101		22		0.153094		49987
5	111001001010011101		21		0.109325		49990
5	111001001010011101		20		0.0735348		49992
5	111001001010011101		19		0.0460367		49993
5	111001001010011101		18		0.0262808		49996
5	111001001010011101		17		0.013528		49998
5	111001001010011101		16		0.00615793		49999
5	111001001010011101		15		0.00238943		49999
5	111001001010011101		14		0.00076884		49999
5	111001001010011101		13		0.000181198		50000
5	111001001010011101		12		2.81334e-05		50000
5	111001001010011101		11		2.86102e-06		50000
5	111001001010011101		10		0		50000
6	111001001010011101		19		0.158159		49993
6	111001001010011101		18		0.112831		49996
6	111001001010011101		17		0.0756062		49998
6	111001001010011101		16		0.0471701		49999
6	111001001010011101		15		0.0270262		49999
6	111001001010011101		14		0.0139015		49999
6	111001001010011101		13		0.00631618		50000
6	111001001010011101		12		0.00251168		50000
6	111001001010011101		11		0.00080651		50000
6	111001001010011101		10		0.000202179		50000
6	111001001010011101		9		3.24249e-05		50000
6	111001001010011101		8		5.72205e-06		50000
6	111001001010011101		7		0		50000
7	111001001010011101		17		0.193352		49998
7	111001001010011101		16		0.14154		49999
7	111001001010011101		15		0.0978392		49999
7	111001001010011101		14		0.0630331		49999
7	111001001010011101		13		0.0373285		50000
7	111001001010011101		12		0.020071		50000
7	111001001010011101		11		0.00958115		50000
7	111001001010011101		10		0.00397843		50000
7	111001001010011101		9		0.00139618		50000
7	111001001010011101		8		0.000377595		50000
7	111001001010011101		7		5.72205e-05		50000
7	111001001010011101		6		5.72205e-06		50000
7	111001001010011101		5		9.53674e-07		50000
7	111001001010011101		4		0		50000
0	1111111000111		54		0		25585
1	1111111000111		45		0		44862
2	1111111000111		39		0.193689		48111
2	1111111000111		38		0.132312		48546
2	1111111000111		37		0.107233		48780
2	1111111000111		36		0.0850844		49016
2	1111111000111		35		0		49535
3	1111111000111		33		0.163523		49690
3	1111111000111		32		0.106513		49765
3	1111111000111		31		0.0768204		49828
3	1111111000111		30		0.0585259		49857
3	1111111000111		29		0.0317957		49898
3	1111111000111		28		0.0142778		49936
3	1111111000111		27		0.00903034		49960
3	1111111000111		26		0.00511169		49977
3	1111111000111		25		0		49987
4	1111111000111		29		0.189887		49898
4	1111111000111		28		0.144175		49936
4	1111111000111		27		0.107191		49960
4	1111111000111		26		0.0747163		49977
4	1111111000111		25		0.0500154		49987
4	1111111000111		24		0.0334892		49994
4	1111111000111		23		0.0210952		49997
4	1111111000111		22		0.0110177		49997
4	1111111000111		21		0.00563079		49997
4	1111111000111		20		0.00290543		49999
4	1111111000111		19		0.00075835		49999
4	1111111000111		18		0.000142574		50000
4	1111111000111		17		3.91006e-05		50000
4	1111111000111		16		6.19888e-06		50000
4	1111111000111		15		0		50000
5	1111111000111		25		0.186731		49987
5	1111111000111		24		0.14397		49994
5	1111111000111		23		0.108601		49997
5	1111111000111		22		0.0791653		49997
5	1111111000111		21		0.0549601		49997
5	1111111000111		20		0.0365207		49999
5	1111111000111		19		0.0226352		49999
5	1111111000111		18		0.0131879		50000
5	1111111000111		17		0.00724304		50000
5	1111111000111		16		0.00351381		50000
5	1111111000111		15		0.00144422		50000
5	1111111000111		14		0.00052011		50000
5	1111111000111		13		0.000116825		50000
5	1111111000111		12		1.28746e-05		50000
5	1111111000111		11		1.90735e-06		50000
5	1111111000111		10		0		50000
6	1111111000111		21		0.16267		49997
6	1111111000111		20		0.124717		49999
6	1111111000111		19		0.0925012		49999
6	1111111000111		18		0.0657474		50000
6	1111111000111		17		0.0446807		50000
6	1111111000111		16		0.0288719		50000
6	1111111000111		15		0.0173824		50000
6	1111111000111		14		0.00962365		50000
6	1111111000111		13		0.00481015		50000
6	1111111000111		12		0.00211966		50000
6	1111111000111		11		0.000817895		50000
6	1111111000111		10		0.00025934		50000
6	1111111000111		9		6.38962e-05		50001
6	1111111000111		8		9.53674e-06		50005
6	1111111000111		7		0		50009
7	1111111000111		18		0.162385		50000
7	1111111000111		17		0.123923		50000
7	1111111000111		16		0.0913018		50000
7	1111111000111		15		0.0645233		50000
7	1111111000111		14		0.0432784		50000
7	1111111000111		13		0.0272999		50000
7	1111111000111		12		0.0159128		50000
7	1111111000111		11		0.00846881		50000
7	1111111000111		10		0.00401735		50000
7	1111111000111		9		0.00166184		50001
7	1111111000111		8		0.000602543		50005
7	1111111000111		7		0.000179291		50009
7	1111111000111		6		3.71933e-05		50032
7	1111111000111		5		7.62939e-06		50138
7	1111111000111		4		0		50547
0	11111111111		56		0		25585
1	11111111111		46		0		44510
2	11111111111		37		0.166494		48414
2	11111111111		36		0.135873		48653
2	11111111111		35		0		49436
3	11111111111		32		0.171221		49704
3	11111111111		31		0.132814		49750
3	11111111111		30		0.101653		49793
3	11111111111		29		0.0758208		49835
3	11111111111		28		0.0548701		49865
3	11111111111		27		0.0388634		49893
3	11111111111		26		0.0266721		49930
3	11111111111		25		0.0171849		49952
3	11111111111		24		0		49977
4	11111111111		27		0.176537		49893
4	11111111111		26		0.142389		49930
4	11111111111		25		0.112895		49952
4	11111111111		24		0.0874346		49977
4	11111111111		23		0.062466		49988
4	11111111111		22		0.0442137		49991
4	11111111111		21		0.0308499		49994
4	11111111111		20		0.021013		49997
4	11111111111		19		0.0138723		49998
4	11111111111		18		0.00870425		49998
4	11111111111		17		0.00510764		49999
4	11111111111		16		0.00280082		50000
4	11111111111		15		0.0013752		50000
4	11111111111		14		0.000540614		50000
4	11111111111		13		0		50000
5	11111111111		23		0.185939		49988
5	11111111111		22		0.151196		49991
5	11111111111		21		0.120639		49994
5	11111111111		20		0.0942426		49997
5	11111111111		19		0.072055		49998
5	11111111111		18		0.0535653		49998
5	11111111111		17		0.03859		49999
5	11111111111		16		0.0271538		50000
5	11111111111		15		0.0186303		50000
5	11111111111		14		0.0123208		50000
5	11111111111		13		0.00779486		50000
5	11111111111		12		0.00464928		50000
5	11111111111		11		0.00267673		50000
5	11111111111		10		0.00147188		50004
5	11111111111		9		0.000769317		50005
5	11111111111		8		0.000365198		50029
5	11111111111		7		0.000155926		50116
5	11111111111		6		5.24521e-05		50399
5	11111111111		5		1.66893e-05		52007
5	11111111111		4		1.90735e-06		58419
5	11111111111		3		0		82005
6	11111111111		19		0.171398		49998
6	11111111111		18		0.138608		49998
6	11111111111		17		0.109488		49999
6	11111111111		16		0.084875		50000
6	11111111111		15		0.0645358		50000
6	11111111111		14		0.0479104		50000
6	11111111111		13		0.0346099		50000
6	11111111111		12		0.0242739		50000
6	11111111111		11		0.0164683		50000
6	11111111111		10		0.0107734		50004
6	11111111111		9		0.00675768		50005
6	11111111111		8		0.00404304		50029
6	11111111111		7		0.00228047		50116
6	11111111111		6		0.00120664		50399
6	11111111111		5		0.000585377		52007
6	11111111111		4		0.00025171		58419
6	11111111111		3		8.67844e-05		82005
6	11111111111		2		2.95639e-05		178001
6	11111111111		1		4.76837e-06		566144
7	11111111111		16		0.172205		50000
7	11111111111		15		0.139336		50000
7	11111111111		14		0.110544		50000
7	11111111111		13		0.0857778		50000
7	11111111111		12		0.0650352		50000
7	11111111111		11		0.048023		50000
7	11111111111		10		0.0344617		50004
7	11111111111		9		0.0238718		50005
7	11111111111		8		0.0159297		50029
7	11111111111		7		0.0101562		50116
7	11111111111		6		0.0061323		50399
7	11111111111		5		0.00347483		52007
7	11111111111		4		0.00181508		58419
7	11111111111		3		0.000841737		82005
7	11111111111		2		0.000337541		178001
7	11111111111		1		8.58307e-05		566144
0	11111101110101		53		0		25585
1	11111101110101		43		0		45055
2	11111101110101		37		0.18795		48204
2	11111101110101		36		0.151468		48476
2	11111101110101		35		0.124628		48717
2	11111101110101		34		0.0929233		48998
2	11111101110101		33		0.0663867		49206
2	11111101110101		32		0		49609
3	11111101110101		31		0.175785		49679
3	11111101110101		30		0.131682		49733
3	11111101110101		29		0.0977476		49796
3	11111101110101		28		0.0679553		49834
3	11111101110101		27		0.0462782		49881
3	11111101110101		26		0.0304506		49915
3	11111101110101		25		0.0195463		49942
3	11111101110101		24		0.0125536		49964
3	11111101110101		23		0.00622571		49979
3	11111101110101		22		0.00234997		49987
3	11111101110101		21		0		49993
4	11111101110101		26		0.161467		49915
4	11111101110101		25		0.125199		49942
4	11111101110101		24		0.0945621		49964
4	11111101110101		23		0.0699211		49979
4	11111101110101		22		0.0496054		49987
4	11111101110101		21		0.0335386		49993
4	11111101110101		20		0.0214568		49996
4	11111101110101		19		0.0131295		49998
4	11111101110101		18		0.00741911		49999
4	11111101110101		17		0.00372571		49999
4	11111101110101		16		0.00166279		50000
4	11111101110101		15		0.00063163		50000
4	11111101110101		14		0.000181675		50000
4	11111101110101		13		2.6226e-05		50000
4	11111101110101		12		4.76837e-07		50000
4	11111101110101		11		0		50000
5	11111101110101		22		0.163215		49987
5	11111101110101		21		0.128231		49993
5	11111101110101		20		0.0980512		49996
5	11111101110101		19		0.0726327		49998
5	11111101110101		18		0.0518469		49999
5	11111101110101		17		0.0354179		49999
5	11111101110101		16		0.0229865		50000
5	11111101110101		15		0.0140764		50000
5	11111101110101		14		0.00802046		50000
5	11111101110101		13		0.00415653		50000
5	11111101110101		12		0.00189602		50000
5	11111101110101		11		0.000705957		50000
5	11111101110101		10		0.000186443		50000
5	11111101110101		9		1.95503e-05		50000
5	11111101110101		8		0		50003
6	11111101110101		19		0.180409		49998
6	11111101110101		18		0.143172		49999
6	11111101110101		17		0.110512		49999
6	11111101110101		16		0.0826197		50000
6	11111101110101		15		0.0595606		50000
6	11111101110101		14		0.0410871		50000
6	11111101110101		13		0.0268907		50000
6	11111101110101		12		0.0164908		50000
6	11111101110101		11		0.00926751		50000
6	11111101110101		10		0.00458997		50000
6	11111101110101		9		0.00188267		50000
6	11111101110101		8		0.000602543		50003
6	11111101110101		7		0.000136375		50012
6	11111101110101		6		1.33514e-05		50017
6	11111101110101		5		0		50064
7	11111101110101		16		0.178506		50000
7	11111101110101		15		0.14062		50000
7	11111101110101		14		0.107388		50000
7	11111101110101		13		0.0790783		50000
7	11111101110101		12		0.0558105		50000
7	11111101110101		11		0.0372596		50000
7	11111101110101		10		0.023191		50000
7	11111101110101		9		0.0130274		50000
7	11111101110101		8		0.00628871		50003
7	11111101110101		7		0.00247079		50012
7	11111101110101		6		0.000748336		50017
7	11111101110101		5		0.000156403		50064
7	11111101110101		4		2.19345e-05		50257
7	11111101110101		3		1.90735e-06		51289
7	11111101110101		2		0		61804
0	11111110001111		53		0		25585
1	11111110001111		43		0		45047
2	11111110001111		36		0.129212		48551
2	11111110001111		35		0.105327		48782
2	11111110001111		34		0.0842162		48994
2	11111110001111		33		0.0663867		49177
2	11111110001111		32		0		49595
3	11111110001111		31		0.184147		49657
3	11111110001111		30		0.139787		49725
3	11111110001111		29		0.101899		49788
3	11111110001111		28		0.0643859		49844
3	11111110001111		27		0.0487494		49876
3	11111110001111		26		0.0334681		49911
3	11111110001111		25		0.0120855		49948
3	11111110001111		24		0.00777709		49966
3	11111110001111		23		0.00458378		49978
3	11111110001111		22		0.00234997		49987
3	11111110001111		21		0		49994
4	11111110001111		26		0.170511		49911
4	11111110001111		25		0.131247		49948
4	11111110001111		24		0.0972656		49966
4	11111110001111		23		0.0704049		49978
4	11111110001111		22		0.0487721		49987
4	11111110001111		21		0.0305865		49994
4	11111110001111		20		0.0200775		49996
4	11111110001111		19		0.0119477		49997
4	11111110001111		18		0.00566822		49998
4	11111110001111		17		0.00281841		49998
4	11111110001111		16		0.00130427		50000
4	11111110001111		15		0.000414312		50000
4	11111110001111		14		2.3365e-05		50000
4	11111110001111		13		2.38419e-06		50000
4	11111110001111		12		0		50000
5	11111110001111		22		0.170778		49987
5	11111110001111		21		0.13272		49994
5	11111110001111		20		0.0998197		49996
5	11111110001111		19		0.0731128		49997
5	11111110001111		18		0.0514169		49998
5	11111110001111		17		0.0343152		49998
5	11111110001111		16		0.0217628		50000
5	11111110001111		15		0.0127784		50000
5	11111110001111		14		0.00678325		50000
5	11111110001111		13		0.00337887		50000
5	11111110001111		12		0.00147808		50000
5	11111110001111		11		0.000524402		50000
5	11111110001111		10		0.000160694		50000
5	11111110001111		9		4.00543e-05		50000
5	11111110001111		8		3.8147e-06		50000
5	11111110001111		7		0		50005
6	11111110001111		19		0.186979		49997
6	11111110001111		18		0.147615		49998
6	11111110001111		17		0.113143		49998
6	11111110001111		16		0.083793		50000
6	11111110001111		15		0.0594655		50000
6	11111110001111		14		0.0400641		50000
6	11111110001111		13		0.0253973		50000
6	11111110001111		12		0.0150218		50000
6	11111110001111		11		0.00814158		50000
6	11111110001111		10		0.00396985		50000
6	11111110001111		9		0.00171512		50000
6	11111110001111		8		0.000670195		50000
6	11111110001111		7		0.00022316		50005
6	11111110001111		6		5.53131e-05		50005
6	11111110001111		5		1.04904e-05		50032
6	11111110001111		4		2.86102e-06		50119
6	11111110001111		3		0		52339
7	11111110001111		16		0.184285		50000
7	11111110001111		15		0.144271		50000
7	11111110001111		14		0.109		50000
7	11111110001111		13		0.0790608		50000
7	11111110001111		12		0.0545923		50000
7	11111110001111		11		0.0354961		50000
7	11111110001111		10		0.0214764		50000
7	11111110001111		9		0.0118068		50000
7	11111110001111		8		0.00595129		50000
7	11111110001111		7		0.00264198		50005
7	11111110001111		6		0.00102371		50005
7	11111110001111		5		0.000348985		50032
7	11111110001111		4		0.000104904		50119
7	11111110001111		3		2.47955e-05		52339
7	11111110001111		2		4.76837e-06		87044
7	11111110001111		1		9.53674e-07		654352
0	111111111111		55		0		25585
1	111111111111		44		0		44732
2	111111111111		36		0.196999		48177
2	111111111111		35		0.163874		48442
2	111111111111		34		0.134621		48674
2	111111111111		33		0.10829		48879
2	111111111111		32		0		49509
3	111111111111		30		0.189152		49691
3	111111111111		29		0.148596		49730
3	111111111111		28		0.115519		49774
3	111111111111		27		0.0880069		49817
3	111111111111		26		0.0654014		49848
3	111111111111		25		0.0479719		49879
3	111111111111		24		0.0346113		49907
3	111111111111		23		0.0242052		49940
3	111111111111		22		0.0160935		49960
3	111111111111		21		0.00981444		49975
3	111111111111		20		0		49990
4	111111111111		25		0.189353		49879
4	111111111111		24		0.155034		49907
4	111111111111		23		0.125294		49940
4	111111111111		22		0.0995811		49960
4	111111111111		21		0.0775595		49975
4	111111111111		20		0.059073		49990
4	111111111111		19		0.0421436		49994
4	111111111111		18		0.0296606		49996
4	111111111111		17		0.02044		49996
4	111111111111		16		0.0137171		49998
4	111111111111		15		0.00882143		49999
4	111111111111		14		0.00536621		50000
4	111111111111		13		0.00311983		50000
4	111111111111		12		0.00169802		50000
4	111111111111		11		0.000831723		50000
4	111111111111		10		0.000347555		50000
4	111111111111		9		0.000101566		50004
4	111111111111		8		0		50005
5	111111111111		21		0.197627		49975
5	111111111111		20		0.164039		49990
5	111111111111		19		0.134313		49994
5	111111111111		18		0.107707		49996
5	111111111111		17		0.0845459		49996
5	111111111111		16		0.0649367		49998
5	111111111111		15		0.0485194		49999
5	111111111111		14		0.0351111		50000
5	111111111111		13		0.0247906		50000
5	111111111111		12		0.0170951		50000
5	111111111111		11		0.0114052		50000
5	111111111111		10		0.00728989		50000
5	111111111111		9		0.0044542		50004
5	111111111111		8		0.00258112		50005
5	111111111111		7		0.0014047		50029
5	111111111111		6		0.000725031		50116
5	111111111111		5		0.000339448		50391
5	111111111111		4		0.000133514		52006
5	111111111111		3		5.34058e-05		58416
5	111111111111		2		1.23978e-05		81976
5	111111111111		1		2.38419e-06		177961
6	111111111111		17		0.182686		49996
6	111111111111		16		0.150701		49998
6	111111111111		15		0.12171		49999
6	111111111111		14		0.0958996		50000
6	111111111111		13		0.074025		50000
6	111111111111		12		0.0560356		50000
6	111111111111		11		0.0413559		50000
6	111111111111		10		0.0296412		50000
6	111111111111		9		0.0205764		50004
6	111111111111		8		0.0137538		50005
6	111111111111		7		0.00882334		50029
6	111111111111		6		0.00534719		50116
6	111111111111		5		0.00305945		50391
6	111111111111		4		0.00160563		52006
6	111111111111		3		0.000751197		58416
6	111111111111		2		0.00029844		81976
6	111111111111		1		9.15527e-05		177961
7	111111111111		14		0.181872		50000
7	111111111111		13		0.14853		50000
7	111111111111		12		0.119135		50000
7	111111111111		11		0.093534		50000
7	111111111111		10		0.0716873		50000
7	111111111111		9		0.0535179		50004
7	111111111111		8		0.0387275		50005
7	111111111111		7		0.0270345		50029
7	111111111111		6		0.0180971		50116
7	111111111111		5		0.0114892		50391
7	111111111111		4		0.00681168		52006
7	111111111111		3		0.00369722		58416
7	111111111111		2		0.0017342		81976
7	111111111111		1		0.000617802		177961
0	1110100111010011101		48		0		25585
1	1110100111010011101		37		0		45911
2	1110100111010011101		32		0.177063		48249
2	1110100111010011101		31		0.138426		48557
2	1110100111010011101		30		0.103613		48858
2	1110100111010011101		29		0.0574881		49186
2	1110100111010011101		28		0.0386109		49349
2	1110100111010011101		27		0.022132		49527
2	1110100111010011101		26		0.0116089		49640
2	1110100111010011101		25		0		49765
3	1110100111010011101		26		0.154402		49640
3	1110100111010011101		25		0.114164		49765
3	1110100111010011101		24		0.0816995		49812
3	1110100111010011101		23		0.0553694		49863
3	1110100111010011101		22		0.0357279		49898
3	1110100111010011101		21		0.0213957		49926
3	1110100111010011101		20		0.0118638		49956
3	1110100111010011101		19		0.00468534		49973
3	1110100111010011101		18		0.00138497		49980
3	1110100111010011101		17		0.000126839		49988
3	1110100111010011101		16		0		49990
4	1110100111010011101		22		0.17211		49898
4	1110100111010011101		21		0.131721		49926
4	1110100111010011101		20		0.0973822		49956
4	1110100111010011101		19		0.0685875		49973
4	1110100111010011101		18		0.0457346		49980
4	1110100111010011101		17		0.0283661		49988
4	1110100111010011101		16		0.0161859		49990
4	1110100111010011101		15		0.00802618		49993
4	1110100111010011101		14		0.00337219		49996
4	1110100111010011101		13		0.00108039		49999
4	1110100111010011101		12		0.000266969		49999
4	1110100111010011101		11		2.81334e-05		49999
4	1110100111010011101		10		9.53674e-07		50000
4	1110100111010011101		9		0		50000
5	1110100111010011101		18		0.158904		49980
5	1110100111010011101		17		0.119762		49988
5	1110100111010011101		16		0.0864428		49990
5	1110100111010011101		15		0.0588626		49993
5	1110100111010011101		14		0.0374653		49996
5	1110100111010011101		13		0.021782		49999
5	1110100111010011101		12		0.0114741		49999
5	1110100111010011101		11		0.00522912		49999
5	1110100111010011101		10		0.00202072		50000
5	1110100111010011101		9		0.000606358		50000
5	1110100111010011101		8		0.000124454		50000
5	1110100111010011101		7		1.14441e-05		50000
5	1110100111010011101		6		0		50000
6	1110100111010011101		15		0.161632		49993
6	1110100111010011101		14		0.120323		49996
6	1110100111010011101		13		0.0848549		49999
6	1110100111010011101		12		0.0561859		49999
6	1110100111010011101		11		0.0343115		49999
6	1110100111010011101		10		0.0190424		50000
6	1110100111010011101		9		0.00936389		50000
6	1110100111010011101		8		0.00396037		50000
6	1110100111010011101		7		0.00136852		50000
6	1110100111010011101		6		0.000351846		50000
6	1110100111010011101		5		6.29425e-05		50000
6	1110100111010011101		4		8.58307e-06		50000
6	1110100111010011101		3		9.53674e-07		50017
6	1110100111010011101		2		0		50509
7	1110100111010011101		13		0.187891		49999
7	1110100111010011101		12		0.140598		49999
7	1110100111010011101		11		0.0994123		49999
7	1110100111010011101		10		0.0656681		50000
7	1110100111010011101		9		0.0398545		50000
7	1110100111010011101		8		0.0217806		50000
7	1110100111010011101		7		0.0104771		50000
7	1110100111010011101		6		0.00421304		50000
7	1110100111010011101		5		0.00132853		50000
7	1110100111010011101		4		0.000307024		50000
7	1110100111010011101		3		5.05447e-05		50017
7	1110100111010011101		2		9.53674e-07		50509
7	1110100111010011101		1		0		195776
0	111111111000111		52		0		25585
1	111111111000111		41		0		45322
2	111111111000111		35		0.183732		48231
2	111111111000111		34		0.154349		48456
2	111111111000111		33		0.128076		48678
2	111111111000111		32		0.0826361		49054
2	111111111000111		31		0.0656781		49200
2	111111111000111		30		0.0512708		49336
2	111111111000111		29		0		49656
3	111111111000111		29		0.190758		49656
3	111111111000111		28		0.149163		49715
3	111111111000111		27		0.112679		49777
3	111111111000111		26		0.0751715		49824
3	111111111000111		25		0.0556745		49867
3	111111111000111		24		0.0421091		49893
3	111111111000111		23		0.023855		49934
3	111111111000111		22		0.016248		49953
3	111111111000111		21		0.0104014		49965
3	111111111000111		20		0.00372785		49981
3	111111111000111		19		0.00199336		49990
3	111111111000111		18		0.000862479		49995
3	111111111000111		17		0		49998
4	111111111000111		24		0.175546		49893
4	111111111000111		23		0.139262		49934
4	111111111000111		22		0.107434		49953
4	111111111000111		21		0.0814203		49965
4	111111111000111		20		0.058155		49981
4	111111111000111		19		0.0410226		49990
4	111111111000111		18		0.0278438		49995
4	111111111000111		17		0.0172732		49998
4	111111111000111		16		0.0105951		49998
4	111111111000111		15		0.0060783		49998
4	111111111000111		14		0.00271857		49999
4	111111111000111		13		0.00115567		49999
4	111111111000111		12		0.000352323		49999
4	111111111000111		11		3.67165e-05		50000
4	111111111000111		10		4.29153e-06		50000
4	111111111000111		9		0		50000
5	111111111000111		20		0.176441		49981
5	111111111000111		19		0.140284		49990
5	111111111000111		18		0.109006		49995
5	111111111000111		17		0.0823738		49998
5	111111111000111		16		0.0599982		49998
5	111111111000111		15		0.0422145		49998
5	111111111000111		14		0.0281117		49999
5	111111111000111		13		0.0175838		49999
5	111111111000111		12		0.0101038		49999
5	111111111000111		11		0.0052163		50000
5	111111111000111		10		0.00242746		50000
5	111111111000111		9		0.000923216		50000
5	111111111000111		8		0.000270307		50000
5	111111111000111		7		4.95911e-05		50001
5	111111111000111		6		1.90735e-06		50005
5	111111111000111		5		0		50009
6	111111111000111		17		0.191062		49998
6	111111111000111		16		0.153402		49998
6	111111111000111		15		0.11993		49998
6	111111111000111		14		0.0908779		49999
6	111111111000111		13		0.066264		49999
6	111111111000111		12		0.0460244		49999
6	111111111000111		11		0.0300797		50000
6	111111111000111		10		0.0181533		50000
6	111111111000111		9		0.00986636		50000
6	111111111000111		8		0.00483012		50000
6	111111111000111		7		0.00198835		50001
6	111111111000111		6		0.000653028		50005
6	111111111000111		5		0.000204086		50009
6	111111111000111		4		4.673e-05		50032
6	111111111000111		3		6.67572e-06		50538
6	111111111000111		2		9.53674e-07		59094
6	111111111000111		1		0		200235
7	111111111000111		14		0.186339		49999
7	111111111000111		13		0.147786		49999
7	111111111000111		12		0.113322		49999
7	111111111000111		11		0.083391		50000
7	111111111000111		10		0.0581748		50000
7	111111111000111		9		0.0377094		50000
7	111111111000111		8		0.0226441		50000
7	111111111000111		7		0.0121036		50001
7	111111111000111		6		0.00546294		50005
7	111111111000111		5		0.00223863		50009
7	111111111000111		4		0.000733078		50032
7	111111111000111		3		0.000183105		50538
7	111111111000111		2		3.91006e-05		59094
7	111111111000111		1		3.8147e-06		200235
0	1111111111111		54		0		25585
1	1111111111111		42		0		44910
2	1111111111111		34		0.191752		48229
2	1111111111111		33		0.160167		48485
2	1111111111111		32		0.132312		48691
2	1111111111111		31		0.107233		48890
2	1111111111111		30		0.0850844		49094
2	1111111111111		29		0		49581
3	1111111111111		27		0.161695		49719
3	1111111111111		26		0.127022		49762
3	1111111111111		25		0.097876		49804
3	1111111111111		24		0.0738866		49836
3	1111111111111		23		0.055379		49871
3	1111111111111		22		0.0411067		49899
3	1111111111111		21		0.0298653		49921
3	1111111111111		20		0.0210872		49952
3	1111111111111		19		0.0142778		49967
3	1111111111111		18		0.00903034		49982
3	1111111111111		17		0.00511169		49990
3	1111111111111		16		0		49996
4	1111111111111		23		0.19715		49871
4	1111111111111		22		0.163205		49899
4	1111111111111		21		0.133476		49921
4	1111111111111		20		0.107682		49952
4	1111111111111		19		0.0855646		49967
4	1111111111111		18		0.0667399		49982
4	1111111111111		17		0.0509486		49990
4	1111111111111		16		0.037993		49996
4	1111111111111		15		0.0267538		49996
4	1111111111111		14		0.0184547		49998
4	1111111111111		13		0.0123857		49999
4	1111111111111		12		0.00795949		50000
4	1111111111111		11		0.00487041		50000
4	1111111111111		10		0.00286549		50000
4	1111111111111		9		0.001589		50000
4	1111111111111		8		0.00081265		50004
4	1111111111111		7		0.000373304		50005
4	1111111111111		6		0.000142574		50029
4	1111111111111		5		3.91006e-05		50116
4	1111111111111		4		6.19888e-06		50391
4	1111111111111		3		0		52006
5	1111111111111		18		0.170554		49982
5	1111111111111		17		0.141005		49990
5	1111111111111		16		0.11489		49996
5	1111111111111		15		0.0921494		49996
5	1111111111111		14		0.0722691		49998
5	1111111111111		13		0.0553061		49999
5	1111111111111		12		0.0410002		50000
5	1111111111111		11		0.0294306		50000
5	1111111111111		10		0.0206026		50000
5	1111111111111		9		0.0140058		50000
5	1111111111111		8		0.0091669		50004
5	1111111111111		7		0.00573272		50005
5	1111111111111		6		0.0033865		50029
5	1111111111111		5		0.00187695		50116
5	1111111111111		4		0.000943244		50391
5	1111111111111		3		0.00042665		52006
5	1111111111111		2		0.000155449		58416
5	1111111111111		1		4.3869e-05		81975
6	1111111111111		15		0.186612		49996
6	1111111111111		14		0.15547		49998
6	1111111111111		13		0.127209		49999
6	1111111111111		12		0.101668		50000
6	1111111111111		11		0.0791556		50000
6	1111111111111		10		0.0602885		50000
6	1111111111111		9		0.0447982		50000
6	1111111111111		8		0.0323452		50004
6	1111111111111		7		0.0224987		50005
6	1111111111111		6		0.0150256		50029
6	1111111111111		5		0.00953013		50116
6	1111111111111		4		0.00562793		50391
6	1111111111111		3		0.00305849		52006
6	1111111111111		2		0.00144565		58416
6	1111111111111		1		0.000532985		81975
7	1111111111111		12		0.183902		50000
7	1111111111111		11		0.150804		50000
7	1111111111111		10		0.121261		50000
7	1111111111111		9		0.095433		50000
7	1111111111111		8		0.0731751		50004
7	1111111111111		7		0.0544561		50005
7	1111111111111		6		0.0391161		50029
7	1111111111111		5		0.0269297		50116
7	1111111111111		4		0.0174873		50391
7	1111111111111		3		0.010563		52006
7	1111111111111		2		0.00569999		58416
7	1111111111111		1		0.00250024		81975
0	110101111001100010111		46		0		25585
1	110101111001100010111		34		0		46251
2	110101111001100010111		30		0.187366		48143
2	110101111001100010111		29		0.156453		48423
2	110101111001100010111		28		0.115045		48783
2	110101111001100010111		27		0.0820377		49046
2	110101111001100010111		26		0.0529709		49269
2	110101111001100010111		25		0.0339813		49436
2	110101111001100010111		24		0.0178262		49585
2	110101111001100010111		23		0.00591195		49699
2	110101111001100010111		22		0.00292945		49777
2	110101111001100010111		21		0		49842
3	110101111001100010111		24		0.178386		49585
3	110101111001100010111		23		0.134432		49699
3	110101111001100010111		22		0.0962375		49777
3	110101111001100010111		21		0.065792		49842
3	110101111001100010111		20		0.0424304		49878
3	110101111001100010111		19		0.0257019		49910
3	110101111001100010111		18		0.0143887		49940
3	110101111001100010111		17		0.00691372		49957
3	110101111001100010111		16		0.00283009		49973
3	110101111001100010111		15		0.00060302		49982
3	110101111001100010111		14		0.000124693		49990
3	110101111001100010111		13		0		49993
4	110101111001100010111		20		0.191437		49878
4	110101111001100010111		19		0.147242		49910
4	110101111001100010111		18		0.108336		49940
4	110101111001100010111		17		0.0759751		49957
4	110101111001100010111		16		0.0500472		49973
4	110101111001100010111		15		0.0301015		49982
4	110101111001100010111		14		0.0161545		49990
4	110101111001100010111		13		0.00765479		49993
4	110101111001100010111		12		0.00321203		49995
4	110101111001100010111		11		0.00112754		49997
4	110101111001100010111		10		0.000338018		49998
4	110101111001100010111		9		7.05719e-05		49999
4	110101111001100010111		8		1.14441e-05		50000
4	110101111001100010111		7		1.90735e-06		50000
4	110101111001100010111		6		0		50000
5	110101111001100010111		16		0.170154		49973
5	110101111001100010111		15		0.126939		49982
5	110101111001100010111		14		0.0894831		49990
5	110101111001100010111		13		0.0586624		49993
5	110101111001100010111		12		0.035193		49995
5	110101111001100010111		11		0.0189994		49997
5	110101111001100010111		10		0.0090549		49998
5	110101111001100010111		9		0.00374043		49999
5	110101111001100010111		8		0.0013333		50000
5	110101111001100010111		7		0.000350416		50000
5	110101111001100010111		6		5.8651e-05		50000
5	110101111001100010111		5		8.10623e-06		50000
5	110101111001100010111		4		9.53674e-07		50000
5	110101111001100010111		3		0		50000
6	110101111001100010111		13		0.164517		49993
6	110101111001100010111		12		0.118663		49995
6	110101111001100010111		11		0.0798991		49997
6	110101111001100010111		10		0.0492714		49998
6	110101111001100010111		9		0.0274214		49999
6	110101111001100010111		8		0.01345		50000
6	110101111001100010111		7		0.0055995		50000
6	110101111001100010111		6		0.00190556		50000
6	110101111001100010111		5		0.00050056		50000
6	110101111001100010111		4		9.63211e-05		50000
6	110101111001100010111		3		1.04904e-05		50000
6	110101111001100010111		2		0		50017
7	110101111001100010111		11		0.181534		49997
7	110101111001100010111		10		0.129818		49998
7	110101111001100010111		9		0.0860071		49999
7	110101111001100010111		8		0.0518411		50000
7	110101111001100010111		7		0.0277154		50000
7	110101111001100010111		6		0.0126424		50000
7	110101111001100010111		5		0.0046137		50000
7	110101111001100010111		4		0.00126946		50000
7	110101111001100010111		3		0.000230789		50000
7	110101111001100010111		2		3.24249e-05		50017
7	110101111001100010111		1		9.53674e-07		84873
0	11111111110000111		50		0		25585
1	11111111110000111		38		0		45784
2	11111111110000111		32		0.171651		48345
2	11111111110000111		31		0.129924		48656
2	11111111110000111		30		0.107799		48895
2	11111111110000111		29		0.0886622		49060
2	11111111110000111		28		0.0493392		49327
2	11111111110000111		27		0.0379872		49428
2	11111111110000111		26		0.0281193		49542
2	11111111110000111		25		0		49742
3	11111111110000111		26		0.171678		49542
3	11111111110000111		25		0.127618		49742
3	11111111110000111		24		0.0971293		49799
3	11111111110000111		23		0.0723957		49840
3	11111111110000111		22		0.0502279		49885
3	11111111110000111		21		0.0348067		49922
3	11111111110000111		20		0.025457		49944
3	11111111110000111		19		0.0171415		49955
3	11111111110000111		18		0.00799257		49969
3	11111111110000111		17		0.00460845		49980
3	11111111110000111		16		0.00219578		49986
3	11111111110000111		15		0.000297964		49994
3	11111111110000111		14		7.10487e-05		49997
3	11111111110000111		13		5.24521e-06		49998
3	11111111110000111		12		0		49998
4	11111111110000111		22		0.191065		49885
4	11111111110000111		21		0.153484		49922
4	11111111110000111		20		0.121687		49944
4	11111111110000111		19		0.0949519		49955
4	11111111110000111		18		0.0703366		49969
4	11111111110000111		17		0.0505521		49980
4	11111111110000111		16		0.034649		49986
4	11111111110000111		15		0.0217676		49994
4	11111111110000111		14		0.0134669		49997
4	11111111110000111		13		0.00795949		49998
4	11111111110000111		12		0.00429708		49998
4	11111111110000111		11		0.00183225		49999
4	11111111110000111		10		0.000641644		49999
4	11111111110000111		9		0.00012207		50000
4	11111111110000111		8		0		50000
5	11111111110000111		18		0.188761		49969
5	11111111110000111		17		0.151837		49980
5	11111111110000111		16		0.119137		49986
5	11111111110000111		15		0.0905505		49994
5	11111111110000111		14		0.0659897		49997
5	11111111110000111		13		0.046351		49998
5	11111111110000111		12		0.0309715		49998
5	11111111110000111		11		0.0193427		49999
5	11111111110000111		10		0.0109318		49999
5	11111111110000111		9		0.00542545		50000
5	11111111110000111		8		0.00237042		50000
5	11111111110000111		7		0.00102895		50000
5	11111111110000111		6		0.000377595		50000
5	11111111110000111		5		9.29832e-05		50001
5	11111111110000111		4		1.23978e-05		50008
5	11111111110000111		3		4.76837e-07		50133
5	11111111110000111		2		0		52243
6	11111111110000111		15		0.198768		49994
6	11111111110000111		14		0.159862		49997
6	11111111110000111		13		0.124624		49998
6	11111111110000111		12		0.0936023		49998
6	11111111110000111		11		0.06742		49999
6	11111111110000111		10		0.0457305		49999
6	11111111110000111		9		0.0286283		50000
6	11111111110000111		8		0.0160733		50000
6	11111111110000111		7		0.00856334		50000
6	11111111110000111		6		0.00403827		50000
6	11111111110000111		5		0.00157231		50001
6	11111111110000111		4		0.000510097		50008
6	11111111110000111		3		0.000154495		50133
6	11111111110000111		2		3.43323e-05		52243
6	11111111110000111		1		9.53674e-07		85523
7	11111111110000111		12		0.18753		49998
7	11111111110000111		11		0.147066		49999
7	11111111110000111		10		0.110463		49999
7	11111111110000111		9		0.0784264		50000
7	11111111110000111		8		0.0511726		50000
7	11111111110000111		7		0.0316898		50000
7	11111111110000111		6		0.0177562		50000
7	11111111110000111		5		0.00867683		50001
7	11111111110000111		4		0.00357652		50008
7	11111111110000111		3		0.00139427		50133
7	11111111110000111		2		0.000406206		52243
7	11111111110000111		1		6.29425e-05		85523
0	11111111111111		53		0		25585
1	11111111111111		40		0		45110
2	11111111111111		32		0.185664		48291
2	11111111111111		31		0.155665		48523
2	11111111111111		30		0.129212		48712
2	11111111111111		29		0.105327		48915
2	11111111111111		28		0.0842162		49111
2	11111111111111		27		0.0663867		49264
2	11111111111111		26		0		49646
3	11111111111111		25		0.172018		49702
3	11111111111111		24		0.136109		49752
3	11111111111111		23		0.105667		49795
3	11111111111111		22		0.0804761		49823
3	11111111111111		21		0.0611093		49863
3	11111111111111		20		0.0461777		49894
3	11111111111111		19		0.0343102		49917
3	11111111111111		18		0.0249501		49938
3	11111111111111		17		0.0176857		49962
3	11111111111111		16		0.0120855		49976
3	11111111111111		15		0.00777709		49984
3	11111111111111		14		0.00458378		49992
3	11111111111111		13		0.00234997		49997
3	11111111111111		12		0		49998
4	11111111111111		20		0.167263		49894
4	11111111111111		19		0.137972		49917
4	11111111111111		18		0.112317		49938
4	11111111111111		17		0.0902643		49962
4	11111111111111		16		0.0714867		49976
4	11111111111111		15		0.0555191		49984
4	11111111111111		14		0.0421711		49992
4	11111111111111		13		0.031306		49997
4	11111111111111		12		0.0225984		49998
4	11111111111111		11		0.0154045		49999
4	11111111111111		10		0.0101703		50000
4	11111111111111		9		0.00641048		50000
4	11111111111111		8		0.00384545		50000
4	11111111111111		7		0.00220293		50004
4	11111111111111		6		0.00117803		50005
4	11111111111111		5		0.000579178		50029
4	11111111111111		4		0.00025028		50116
4	11111111111111		3		9.01222e-05		50391
4	11111111111111		2		2.3365e-05		52006
4	11111111111111		1		2.38419e-06		58416
5	11111111111111		16		0.172235		49976
5	11111111111111		15		0.143372		49984
5	11111111111111		14		0.117516		49992
5	11111111111111		13		0.0948837		49997
5	11111111111111		12		0.0753059		49998
5	11111111111111		11		0.0584465		49999
5	11111111111111		10		0.043999		50000
5	11111111111111		9		0.0320055		50000
5	11111111111111		8		0.0224562		50000
5	11111111111111		7		0.0152575		50004
5	11111111111111		6		0.00995845		50005
5	11111111111111		5		0.00615793		50029
5	11111111111111		4		0.00355566		50116
5	11111111111111		3		0.00188458		50391
5	11111111111111		2		0.000866532		52006
5	11111111111111		1		0.000296056		58416
6	11111111111111		13		0.185158		49997
6	11111111111111		12		0.154643		49998
6	11111111111111		11		0.126912		49999
6	11111111111111		10		0.10196		50000
6	11111111111111		9		0.0797789		50000
6	11111111111111		8		0.0607079		50000
6	11111111111111		7		0.0448965		50004
6	11111111111111		6		0.0321264		50005
6	11111111111111		5		0.021997		50029
6	11111111111111		4		0.0142437		50116
6	11111111111111		3		0.00859457		50391
6	11111111111111		2		0.00466305		52006
6	11111111111111		1		0.00206065		58416
7	11111111111111		10		0.179192		50000
7	11111111111111		9		0.146887		50000
7	11111111111111		8		0.117621		50000
7	11111111111111		7		0.0918882		50004
7	11111111111111		6		0.0696967		50005
7	11111111111111		5		0.0509898		50029
7	11111111111111		4		0.0355623		50116
7	11111111111111		3		0.0233289		50391
7	11111111111111		2		0.0139663		52006
7	11111111111111		1		0.00715733		58416
0	1111011010001110011011		45		0		25585
1	1111011010001110011011		32		0		46518
2	1111011010001110011011		28		0.182767		48219
2	1111011010001110011011		27		0.149396		48484
2	1111011010001110011011		26		0.11704		48772
2	1111011010001110011011		25		0.0750676		49098
2	1111011010001110011011		24		0.0472292		49302
2	1111011010001110011011		23		0.0330421		49448
2	1111011010001110011011		22		0.0163512		49596
2	1111011010001110011011		21		0.00654477		49696
2	1111011010001110011011		20		0.00250763		49775
2	1111011010001110011011		19		0.00083673		49831
2	1111011010001110011011		18		0		49876
3	1111011010001110011011		22		0.169031		49596
3	1111011010001110011011		21		0.129648		49696
3	1111011010001110011011		20		0.094819		49775
3	1111011010001110011011		19		0.0649086		49831
3	1111011010001110011011		18		0.0401323		49876
3	1111011010001110011011		17		0.0225371		49904
3	1111011010001110011011		16		0.0124748		49943
3	1111011010001110011011		15		0.006356		49963
3	1111011010001110011011		14		0.00234377		49974
3	1111011010001110011011		13		0.000688076		49985
3	1111011010001110011011		12		9.82285e-05		49994
3	1111011010001110011011		11		1.5974e-05		49996
3	1111011010001110011011		10		0		49996
4	1111011010001110011011		18		0.18363		49876
4	1111011010001110011011		17		0.139243		49904
4	1111011010001110011011		16		0.100515		49943
4	1111011010001110011011		15		0.0694731		49963
4	1111011010001110011011		14		0.04506		49974
4	1111011010001110011011		13		0.0260221		49985
4	1111011010001110011011		12		0.013018		49994
4	1111011010001110011011		11		0.0058707		49996
4	1111011010001110011011		10		0.00233042		49996
4	1111011010001110011011		9		0.000780761		49997
4	1111011010001110011011		8		0.000205517		49997
4	1111011010001110011011		7		3.91006e-05		49998
4	1111011010001110011011		6		6.19888e-06		50000
4	1111011010001110011011		5		4.76837e-07		50000
4	1111011010001110011011		4		0		50000
5	1111011010001110011011		14		0.15617		49974
5	1111011010001110011011		13		0.114163		49985
5	1111011010001110011011		12		0.077632		49994
5	1111011010001110011011		11		0.0485358		49996
5	1111011010001110011011		10		0.0275002		49996
5	1111011010001110011011		9		0.0138629		49997
5	1111011010001110011011		8		0.00597733		49997
5	1111011010001110011011		7		0.00213587		49998
5	1111011010001110011011		6		0.000624478		50000
5	1111011010001110011011		5		0.000125408		50000
5	1111011010001110011011		4		2.14577e-05		50000
5	1111011010001110011011		3		1.43051e-06		50000
5	1111011010001110011011		2		0		50001
6	1111011010001110011011		12		0.193619		49994
6	1111011010001110011011		11		0.142772		49996
6	1111011010001110011011		10		0.0985495		49996
6	1111011010001110011011		9		0.0626997		49997
6	1111011010001110011011		8		0.0358437		49997
6	1111011010001110011011		7		0.0178274		49998
6	1111011010001110011011		6		0.0074603		50000
6	1111011010001110011011		5		0.00252879		50000
6	1111011010001110011011		4		0.000593007		50000
6	1111011010001110011011		3		0.000104904		50000
6	1111011010001110011011		2		7.62939e-06		50001
6	1111011010001110011011		1		0		58224
7	1111011010001110011011		9		0.149527		49997
7	1111011010001110011011		8		0.10081		49997
7	1111011010001110011011		7		0.0613419		49998
7	1111011010001110011011		6		0.0324365		50000
7	1111011010001110011011		5		0.014302		50000
7	1111011010001110011011		4		0.00493068		50000
7	1111011010001110011011		3		0.00125426		50000
7	1111011010001110011011		2		0.000200272		50001
7	1111011010001110011011		1		6.67572e-06		58224
0	11101110110001110110001		44		0		25585
1	11101110110001110110001		32		0.182677		43372
1	11101110110001110110001		31		0		46841
2	11101110110001110110001		28		0.199316		48161
2	11101110110001110110001		27		0.166593		48437
2	11101110110001110110001		26		0.130438		48712
2	11101110110001110110001		25		0.0923876		49024
2	11101110110001110110001		24		0.0707807		49190
2	11101110110001110110001		23		0.0445994		49394
2	11101110110001110110001		22		0.0327424		49516
2	11101110110001110110001		21		0.019129		49622
2	11101110110001110110001		20		0.00833875		49741
2	11101110110001110110001		19		0.00324035		49803
2	11101110110001110110001		18		0.000492454		49861
2	11101110110001110110001		17		0		49902
3	11101110110001110110001		22		0.172859		49516
3	11101110110001110110001		21		0.137539		49622
3	11101110110001110110001		20		0.104627		49741
3	11101110110001110110001		19		0.0765457		49803
3	11101110110001110110001		18		0.0523807		49861
3	11101110110001110110001		17		0.0346789		49902
3	11101110110001110110001		16		0.0215737		49932
3	11101110110001110110001		15		0.012316		49956
3	11101110110001110110001		14		0.00678873		49972
3	11101110110001110110001		13		0.00315428		49981
3	11101110110001110110001		12		0.00127089		49989
3	11101110110001110110001		11		0.000323713		49994
3	11101110110001110110001		10		5.74589e-05		49994
3	11101110110001110110001		9		1.09673e-05		49995
3	11101110110001110110001		8		0		49996
4	11101110110001110110001		18		0.182242		49861
4	11101110110001110110001		17		0.142377		49902
4	11101110110001110110001		16		0.107218		49932
4	11101110110001110110001		15		0.0776808		49956
4	11101110110001110110001		14		0.0539424		49972
4	11101110110001110110001		13		0.035451		49981
4	11101110110001110110001		12		0.0216948		49989
4	11101110110001110110001		11		0.0120645		49994
4	11101110110001110110001		10		0.00600767		49994
4	11101110110001110110001		9		0.00269479		49995
4	11101110110001110110001		8		0.00106466		49996
4	11101110110001110110001		7		0.000377595		49996
4	11101110110001110110001		6		0.000108242		49997
4	11101110110001110110001		5		2.6226e-05		49999
4	11101110110001110110001		4		3.33786e-06		50000
4	11101110110001110110001		3		9.53674e-07		50000
4	11101110110001110110001		2		0		50005
5	11101110110001110110001		15		0.199557		49956
5	11101110110001110110001		14		0.156041		49972
5	11101110110001110110001		13		0.117485		49981
5	11101110110001110110001		12		0.0846066		49989
5	11101110110001110110001		11		0.0574609		49994
5	11101110110001110110001		10		0.0363833		49994
5	11101110110001110110001		9		0.021202		49995
5	11101110110001110110001		8		0.0112247		49996
5	11101110110001110110001		7		0.00534201		49996
5	11101110110001110110001		6		0.00221676		49997
5	11101110110001110110001		5		0.000757873		49999
5	11101110110001110110001		4		0.00018692		50000
5	11101110110001110110001		3		4.1008e-05		50000
5	11101110110001110110001		2		4.29153e-06		50005
5	11101110110001110110001		1		0		58433
6	11101110110001110110001		12		0.190185		49989
6	11101110110001110110001		11		0.144347		49994
6	11101110110001110110001		10		0.104114		49994
6	11101110110001110110001		9		0.0704266		49995
6	11101110110001110110001		8		0.0441521		49996
6	11101110110001110110001		7		0.0253053		49996
6	11101110110001110110001		6		0.0129728		49997
6	11101110110001110110001		5		0.00574744		49999
6	11101110110001110110001		4		0.00209206		50000
6	11101110110001110110001		3		0.000564396		50000
6	11101110110001110110001		2		8.39233e-05		50005
6	11101110110001110110001		1		3.8147e-06		58433
7	11101110110001110110001		9		0.15133		49995
7	11101110110001110110001		8		0.106107		49996
7	11101110110001110110001		7		0.0690941		49996
7	11101110110001110110001		6		0.0409737		49997
7	11101110110001110110001		5		0.0214242		49999
7	11101110110001110110001		4		0.00944042		50000
7	11101110110001110110001		3		0.00318211		50000
7	11101110110001110110001		2		0.000715971		50005
7	11101110110001110110001		1		6.86646e-05		58433
0	1111111111100000111		48		0		25585
1	1111111111100000111		35		0		46248
2	1111111111100000111		31		0.196082		48120
2	1111111111100000111		30		0.170954		48355
2	1111111111100000111		29		0.14459		48588
2	1111111111100000111		28		0.121028		48811
2	1111111111100000111		27		0.0897933		49030
2	1111111111100000111		26		0.0733415		49186
2	1111111111100000111		25		0.0582006		49319
2	1111111111100000111		24		0.0261735		49540
2	1111111111100000111		23		0.0184192		49631
2	1111111111100000111		22		0.0116089		49711
2	1111111111100000111		21		0		49830
3	1111111111100000111		24		0.179637		49540
3	1111111111100000111		23		0.144792		49631
3	1111111111100000111		22		0.11342		49711
3	1111111111100000111		21		0.0785137		49830
3	1111111111100000111		20		0.0586534		49876
3	1111111111100000111		19		0.0430211		49912
3	1111111111100000111		18		0.0303161		49932
3	1111111111100000111		17		0.0216936		49947
3	1111111111100000111		16		0.0133368		49968
3	1111111111100000111		15		0.00789183		49976
3	1111111111100000111		14		0.00388056		49981
3	1111111111100000111		13		0.000765026		49989
3	1111111111100000111		12		0.000184298		49996
3	1111111111100000111		11		1.74046e-05		49996
3	1111111111100000111		10		0		49996
4	1111111111100000111		20		0.197843		49876
4	1111111111100000111		19		0.160488		49912
4	1111111111100000111		18		0.128449		49932
4	1111111111100000111		17		0.10105		49947
4	1111111111100000111		16		0.0775111		49968
4	1111111111100000111		15		0.0567771		49976
4	1111111111100000111		14		0.0392403		49981
4	1111111111100000111		13		0.0242534		49989
4	1111111111100000111		12		0.014536		49996
4	1111111111100000111		11		0.00837564		49996
4	1111111111100000111		10		0.00456482		49996
4	1111111111100000111		9		0.00242937		49998
4	1111111111100000111		8		0.00100517		50000
4	1111111111100000111		7		0.000302255		50000
4	1111111111100000111		6		5.14984e-05		50000
4	1111111111100000111		5		0		50000
5	1111111111100000111		16		0.192309		49968
5	1111111111100000111		15		0.155856		49976
5	1111111111100000111		14		0.122581		49981
5	1111111111100000111		13		0.0924848		49989
5	1111111111100000111		12		0.0662302		49996
5	1111111111100000111		11		0.0452248		49996
5	1111111111100000111		10		0.0288997		49996
5	1111111111100000111		9		0.0180578		49998
5	1111111111100000111		8		0.0103256		50000
5	1111111111100000111		7		0.00509578		50000
5	1111111111100000111		6		0.00228667		50000
5	1111111111100000111		5		0.000843167		50000
5	1111111111100000111		4		0.000332296		50004
5	1111111111100000111		3		0.000110149		50026
5	1111111111100000111		2		1.7643e-05		50496
5	1111111111100000111		1		3.8147e-06		58702
6	1111111111100000111		13		0.197445		49989
6	1111111111100000111		12		0.157019		49996
6	1111111111100000111		11		0.120059		49996
6	1111111111100000111		10		0.0866832		49996
6	1111111111100000111		9		0.0605807		49998
6	1111111111100000111		8		0.0397775		50000
6	1111111111100000111		7		0.02372		50000
6	1111111111100000111		6		0.0132034		50000
6	1111111111100000111		5		0.00617212		50000
6	1111111111100000111		4		0.00293589		50004
6	1111111111100000111		3		0.00121808		50026
6	1111111111100000111		2		0.000359476		50496
6	1111111111100000111		1		0.000104904		58702
7	1111111111100000111		10		0.174719		49996
7	1111111111100000111		9		0.132959		49998
7	1111111111100000111		8		0.0960289		50000
7	1111111111100000111		7		0.0643877		50000
7	1111111111100000111		6		0.0405272		50000
7	1111111111100000111		5		0.0219681		50000
7	1111111111100000111		4		0.0119029		50004
7	1111111111100000111		3		0.00564784		50026
7	1111111111100000111		2		0.00195885		50496
7	1111111111100000111		1		0.000629246		58702
