errors	shape		t		lossrate	PM

0	1111111111		46		0		28455
1	1111111111		37		0		46067
2	1111111111		30		0.183941		48714
2	1111111111		29		0.146681		48906
2	1111111111		28		0.113949		49139
2	1111111111		27		0		49719
3	1111111111		25		0.175106		49823
3	1111111111		24		0.130317		49869
3	1111111111		23		0.0948289		49907
3	1111111111		22		0.0667034		49936
3	1111111111		21		0.0458502		49953
3	1111111111		20		0.0306882		49963
3	1111111111		19		0.0194539		49982
3	1111111111		18		0.0111176		49990
3	1111111111		17		0		49996
4	1111111111		21		0.189104		49953
4	1111111111		20		0.148478		49963
4	1111111111		19		0.114165		49982
4	1111111111		18		0.0854159		49990
4	1111111111		17		0.0618685		49996
4	1111111111		16		0.0412169		49996
4	1111111111		15		0.0268879		49997
4	1111111111		14		0.0169761		49999
4	1111111111		13		0.0101973		49999
4	1111111111		12		0.00569004		49999
4	1111111111		11		0.00295156		50004
4	1111111111		10		0.00139284		50005
4	1111111111		9		0.000547707		50024
4	1111111111		8		0.000150204		50092
4	1111111111		7		0		50314
5	1111111111		17		0.173753		49996
5	1111111111		16		0.136912		49996
5	1111111111		15		0.104653		49997
5	1111111111		14		0.0775647		49999
5	1111111111		13		0.0555133		49999
5	1111111111		12		0.0380104		49999
5	1111111111		11		0.0250877		50004
5	1111111111		10		0.0159795		50005
5	1111111111		9		0.00966144		50024
5	1111111111		8		0.00549042		50092
5	1111111111		7		0.00288928		50314
5	1111111111		6		0.00140095		51568
5	1111111111		5		0.000618756		56772
5	1111111111		4		0.000235558		75457
5	1111111111		3		7.05719e-05		152776
5	1111111111		2		1.23978e-05		466850
5	1111111111		1		1.90735e-06		1742178
6	1111111111		14		0.176091		49999
6	1111111111		13		0.138237		49999
6	1111111111		12		0.10489		49999
6	1111111111		11		0.0771908		50004
6	1111111111		10		0.0551583		50005
6	1111111111		9		0.0379645		50024
6	1111111111		8		0.0250078		50092
6	1111111111		7		0.0156791		50314
6	1111111111		6		0.00926089		51568
6	1111111111		5		0.00507116		56772
6	1111111111		4		0.00252974		75457
6	1111111111		3		0.00109994		152776
6	1111111111		2		0.000394762		466850
6	1111111111		1		9.72748e-05		1742178
0	111001001010011101		38		0		28455
1	111001001010011101		29		0		47260
2	111001001010011101		25		0.144304		48917
2	111001001010011101		24		0.0995914		49208
2	111001001010011101		23		0.0514775		49477
2	111001001010011101		22		0.0224008		49663
2	111001001010011101		21		0.00922924		49777
2	111001001010011101		20		0.00200212		49853
2	111001001010011101		19		0		49916
3	111001001010011101		21		0.168178		49777
3	111001001010011101		20		0.11563		49853
3	111001001010011101		19		0.0707993		49916
3	111001001010011101		18		0.0389791		49949
3	111001001010011101		17		0.0186658		49968
3	111001001010011101		16		0.00728041		49982
3	111001001010011101		15		0.00239897		49989
3	111001001010011101		14		0.000593483		49995
3	111001001010011101		13		3.05176e-05		50000
3	111001001010011101		12		0		50000
4	111001001010011101		17		0.142576		49968
4	111001001010011101		16		0.093531		49982
4	111001001010011101		15		0.0559622		49989
4	111001001010011101		14		0.0303248		49995
4	111001001010011101		13		0.0137331		50000
4	111001001010011101		12		0.00511336		50000
4	111001001010011101		11		0.00167799		50000
4	111001001010011101		10		0.000434279		50000
4	111001001010011101		9		6.38962e-05		50000
4	111001001010011101		8		1.90735e-06		50000
4	111001001010011101		7		0		50000
5	111001001010011101		15		0.197973		49989
5	111001001010011101		14		0.138684		49995
5	111001001010011101		13		0.0900209		50000
5	111001001010011101		12		0.0523663		50000
5	111001001010011101		11		0.0269167		50000
5	111001001010011101		10		0.0120254		50000
5	111001001010011101		9		0.00453299		50000
5	111001001010011101		8		0.00135523		50000
5	111001001010011101		7		0.000286043		50000
5	111001001010011101		6		4.19617e-05		50000
5	111001001010011101		5		9.53674e-07		50000
5	111001001010011101		4		0		50000
6	111001001010011101		12		0.16472		50000
6	111001001010011101		11		0.107865		50000
6	111001001010011101		10		0.0640771		50000
6	111001001010011101		9		0.033769		50000
6	111001001010011101		8		0.0152885		50000
6	111001001010011101		7		0.00565356		50000
6	111001001010011101		6		0.00163615		50000
6	111001001010011101		5		0.000333726		50000
6	111001001010011101		4		4.19617e-05		50000
6	111001001010011101		3		0		50086
0	1111111000111		43		0		28455
1	1111111000111		34		0		46610
2	1111111000111		29		0.191323		48672
2	1111111000111		28		0.135611		48970
2	1111111000111		27		0.081907		49280
2	1111111000111		26		0.0623037		49435
2	1111111000111		25		0.046042		49586
2	1111111000111		24		0		49817
3	1111111000111		24		0.176221		49817
3	1111111000111		23		0.129764		49861
3	1111111000111		22		0.0916596		49908
3	1111111000111		21		0.0554817		49947
3	1111111000111		20		0.0353287		49962
3	1111111000111		19		0.024044		49972
3	1111111000111		18		0.0105087		49987
3	1111111000111		17		0.00326574		49993
3	1111111000111		16		0.00151616		49994
3	1111111000111		15		0.000510097		49994
3	1111111000111		14		0		49997
4	1111111000111		20		0.176588		49962
4	1111111000111		19		0.132662		49972
4	1111111000111		18		0.0956352		49987
4	1111111000111		17		0.0644782		49993
4	1111111000111		16		0.0414761		49994
4	1111111000111		15		0.0242757		49994
4	1111111000111		14		0.013194		49997
4	1111111000111		13		0.00672501		49998
4	1111111000111		12		0.00285363		49998
4	1111111000111		11		0.000722647		49999
4	1111111000111		10		0.000150204		50000
4	1111111000111		9		2.14577e-05		50000
4	1111111000111		8		0		50004
5	1111111000111		17		0.19675		49993
5	1111111000111		16		0.149272		49994
5	1111111000111		15		0.108941		49994
5	1111111000111		14		0.0757084		49997
5	1111111000111		13		0.0496883		49998
5	1111111000111		12		0.030421		49998
5	1111111000111		11		0.0166258		49999
5	1111111000111		10		0.00803375		50000
5	1111111000111		9		0.00332946		50000
5	1111111000111		8		0.00117898		50004
5	1111111000111		7		0.000310838		50011
5	1111111000111		6		5.72205e-05		50027
5	1111111000111		5		5.72205e-06		50108
5	1111111000111		4		0		50432
6	1111111000111		14		0.189154		49997
6	1111111000111		13		0.142466		49998
6	1111111000111		12		0.10229		49998
6	1111111000111		11		0.0692113		49999
6	1111111000111		10		0.0431744		50000
6	1111111000111		9		0.0242273		50000
6	1111111000111		8		0.0122271		50004
6	1111111000111		7		0.00531119		50011
6	1111111000111		6		0.00192839		50027
6	1111111000111		5		0.000597775		50108
6	1111111000111		4		0.000138283		50432
6	1111111000111		3		1.81198e-05		58074
6	1111111000111		2		2.86102e-06		171450
6	1111111000111		1		9.53674e-07		2019608
0	11111111111		45		0		28455
1	11111111111		35		0		46265
2	11111111111		28		0.178423		48749
2	11111111111		27		0.143245		48932
2	11111111111		26		0.112379		49157
2	11111111111		25		0.085355		49328
2	11111111111		24		0		49764
3	11111111111		23		0.192151		49812
3	11111111111		22		0.145156		49861
3	11111111111		21		0.107279		49896
3	11111111111		20		0.0770425		49924
3	11111111111		19		0.0546405		49947
3	11111111111		18		0.038209		49961
3	11111111111		17		0.0258154		49972
3	11111111111		16		0.0166727		49989
3	11111111111		15		0.00994331		49992
3	11111111111		14		0.00513232		49996
3	11111111111		13		0		49996
4	11111111111		19		0.198431		49947
4	11111111111		18		0.158307		49961
4	11111111111		17		0.123904		49972
4	11111111111		16		0.0950874		49989
4	11111111111		15		0.0712202		49992
4	11111111111		14		0.0517321		49996
4	11111111111		13		0.0363553		49996
4	11111111111		12		0.0237336		49997
4	11111111111		11		0.0150077		49998
4	11111111111		10		0.00900954		50003
4	11111111111		9		0.00504696		50004
4	11111111111		8		0.00266433		50023
4	11111111111		7		0.00130093		50090
4	11111111111		6		0.000554383		50311
4	11111111111		5		0.000191689		51551
4	11111111111		4		4.95911e-05		56745
4	11111111111		3		7.62939e-06		75389
4	11111111111		2		0		152630
5	11111111111		15		0.181297		49992
5	11111111111		14		0.144821		49996
5	11111111111		13		0.113287		49996
5	11111111111		12		0.0865831		49997
5	11111111111		11		0.0639914		49998
5	11111111111		10		0.0453519		50003
5	11111111111		9		0.0306799		50004
5	11111111111		8		0.0199532		50023
5	11111111111		7		0.012423		50090
5	11111111111		6		0.00727946		50311
5	11111111111		5		0.00396228		51551
5	11111111111		4		0.0019598		56745
5	11111111111		3		0.000856996		75389
5	11111111111		2		0.000296533		152630
5	11111111111		1		7.53403e-05		466476
6	11111111111		12		0.1808		49997
6	11111111111		11		0.144246		49998
6	11111111111		10		0.11157		50003
6	11111111111		9		0.0831951		50004
6	11111111111		8		0.059982		50023
6	11111111111		7		0.0416959		50090
6	11111111111		6		0.0276495		50311
6	11111111111		5		0.0172971		51551
6	11111111111		4		0.0100731		56745
6	11111111111		3		0.00530642		75389
6	11111111111		2		0.00239944		152630
6	11111111111		1		0.000815988		466476
0	11111101110101		42		0		28455
1	11111101110101		32		0		46774
2	11111101110101		27		0.170803		48783
2	11111101110101		26		0.130013		49007
2	11111101110101		25		0.0987417		49214
2	11111101110101		24		0.0773467		49373
2	11111101110101		23		0.0525319		49553
2	11111101110101		22		0.0322058		49670
2	11111101110101		21		0		49844
3	11111101110101		22		0.188135		49670
3	11111101110101		21		0.143325		49844
3	11111101110101		20		0.0981213		49904
3	11111101110101		19		0.0685133		49932
3	11111101110101		18		0.0468475		49950
3	11111101110101		17		0.0293228		49964
3	11111101110101		16		0.0177735		49978
3	11111101110101		15		0.00991732		49988
3	11111101110101		14		0.00510907		49992
3	11111101110101		13		0.00225526		49995
3	11111101110101		12		0.000531077		49997
3	11111101110101		11		3.57628e-05		49997
3	11111101110101		10		0		49999
4	11111101110101		18		0.181776		49950
4	11111101110101		17		0.139841		49964
4	11111101110101		16		0.103714		49978
4	11111101110101		15		0.074564		49988
4	11111101110101		14		0.0513305		49992
4	11111101110101		13		0.033551		49995
4	11111101110101		12		0.0204096		49997
4	11111101110101		11		0.0111134		49997
4	11111101110101		10		0.0053823		49999
4	11111101110101		9		0.0021649		49999
4	11111101110101		8		0.000566781		50002
4	11111101110101		7		3.43323e-05		50009
4	11111101110101		6		0		50014
5	11111101110101		15		0.19768		49988
5	11111101110101		14		0.154206		49992
5	11111101110101		13		0.116429		49995
5	11111101110101		12		0.0844245		49997
5	11111101110101		11		0.0580688		49997
5	11111101110101		10		0.0373716		49999
5	11111101110101		9		0.0220212		49999
5	11111101110101		8		0.0112799		50002
5	11111101110101		7		0.00450832		50009
5	11111101110101		6		0.0013352		50014
5	11111101110101		5		0.000270784		50058
5	11111101110101		4		2.76566e-05		50202
5	11111101110101		3		0		51017
6	11111101110101		12		0.189875		49997
6	11111101110101		11		0.14582		49997
6	11111101110101		10		0.107173		49999
6	11111101110101		9		0.0744886		49999
6	11111101110101		8		0.0478832		50002
6	11111101110101		7		0.0271394		50009
6	11111101110101		6		0.0126913		50014
6	11111101110101		5		0.00458139		50058
6	11111101110101		4		0.0011304		50202
6	11111101110101		3		0.000167847		51017
6	11111101110101		2		1.33514e-05		59501
6	11111101110101		1		0		551756
0	11111110001111		42		0		28455
1	11111110001111		32		0		46777
2	11111110001111		27		0.180864		48724
2	11111110001111		26		0.146651		48920
2	11111110001111		25		0.0788897		49291
2	11111110001111		24		0.0604131		49447
2	11111110001111		23		0.0451295		49582
2	11111110001111		22		0.0322058		49668
2	11111110001111		21		0		49852
3	11111110001111		22		0.193511		49668
3	11111110001111		21		0.139395		49852
3	11111110001111		20		0.102281		49887
3	11111110001111		19		0.0713614		49926
3	11111110001111		18		0.0452367		49950
3	11111110001111		17		0.0262107		49966
3	11111110001111		16		0.0173172		49978
3	11111110001111		15		0.00958163		49986
3	11111110001111		14		0.00199217		49994
3	11111110001111		13		0.000850797		49995
3	11111110001111		12		0.000259817		49996
3	11111110001111		11		3.57628e-05		49998
3	11111110001111		10		0		49998
4	11111110001111		18		0.190149		49950
4	11111110001111		17		0.145043		49966
4	11111110001111		16		0.107245		49978
4	11111110001111		15		0.0768321		49986
4	11111110001111		14		0.0507558		49994
4	11111110001111		13		0.0314538		49995
4	11111110001111		12		0.0179477		49996
4	11111110001111		11		0.00895423		49998
4	11111110001111		10		0.00395894		49998
4	11111110001111		9		0.00164944		50000
4	11111110001111		8		0.000464797		50000
4	11111110001111		7		4.00543e-05		50004
4	11111110001111		6		0		50005
5	11111110001111		14		0.161039		49994
5	11111110001111		13		0.119581		49995
5	11111110001111		12		0.0846873		49996
5	11111110001111		11		0.0564865		49998
5	11111110001111		10		0.0347526		49998
5	11111110001111		9		0.0193895		50000
5	11111110001111		8		0.00975496		50000
5	11111110001111		7		0.00414556		50004
5	11111110001111		6		0.00148189		50005
5	11111110001111		5		0.000481486		50027
5	11111110001111		4		0.00011158		50093
5	11111110001111		3		2.19345e-05		51905
5	11111110001111		2		5.72205e-06		79485
5	11111110001111		1		0		531857
6	11111110001111		12		0.196434		49996
6	11111110001111		11		0.148858		49998
6	11111110001111		10		0.106978		49998
6	11111110001111		9		0.0715978		50000
6	11111110001111		8		0.044585		50000
6	11111110001111		7		0.0248404		50004
6	11111110001111		6		0.0119331		50005
6	11111110001111		5		0.00529122		50027
6	11111110001111		4		0.00191122		50093
6	11111110001111		3		0.000506282		51905
6	11111110001111		2		0.000134468		79485
6	11111110001111		1		1.71661e-05		531857
0	111111111111		44		0		28455
1	111111111111		33		0		46448
2	111111111111		26		0.171745		48792
2	111111111111		25		0.138706		48965
2	111111111111		24		0.109618		49185
2	111111111111		23		0.0841188		49350
2	111111111111		22		0.0632835		49485
2	111111111111		21		0		49812
3	111111111111		20		0.156121		49856
3	111111111111		19		0.116571		49883
3	111111111111		18		0.0846838		49914
3	111111111111		17		0.0610428		49941
3	111111111111		16		0.0437523		49960
3	111111111111		15		0.030543		49969
3	111111111111		14		0.0206605		49980
3	111111111111		13		0.0134283		49991
3	111111111111		12		0.00813776		49993
3	111111111111		11		0.00439394		49996
3	111111111111		10		0.00196928		49997
3	111111111111		9		0		50001
4	111111111111		16		0.162341		49960
4	111111111111		15		0.128547		49969
4	111111111111		14		0.0998897		49980
4	111111111111		13		0.0761808		49991
4	111111111111		12		0.0566246		49993
4	111111111111		11		0.0407436		49996
4	111111111111		10		0.0283688		49997
4	111111111111		9		0.0189053		50001
4	111111111111		8		0.0116305		50002
4	111111111111		7		0.00675297		50022
4	111111111111		6		0.00364208		50089
4	111111111111		5		0.00182128		50308
4	111111111111		4		0.000824571		51550
4	111111111111		3		0.000311315		56744
4	111111111111		2		8.72612e-05		75373
4	111111111111		1		1.43051e-05		152602
5	111111111111		13		0.181719		49991
5	111111111111		12		0.146456		49993
5	111111111111		11		0.115405		49996
5	111111111111		10		0.0889103		49997
5	111111111111		9		0.0666549		50001
5	111111111111		8		0.048111		50002
5	111111111111		7		0.0330592		50022
5	111111111111		6		0.0215268		50089
5	111111111111		5		0.0132703		50308
5	111111111111		4		0.00763446		51550
5	111111111111		3		0.00397652		56744
5	111111111111		2		0.00178748		75373
5	111111111111		1		0.000610173		152602
6	111111111111		10		0.177669		49997
6	111111111111		9		0.141914		50001
6	111111111111		8		0.110075		50002
6	111111111111		7		0.0823607		50022
6	111111111111		6		0.0591156		50089
6	111111111111		5		0.0405208		50308
6	111111111111		4		0.0261953		51550
6	111111111111		3		0.0156294		56744
6	111111111111		2		0.00828153		75373
6	111111111111		1		0.00355852		152602
0	1110100111010011101		37		0		28455
1	1110100111010011101		27		0.190717		44105
1	1110100111010011101		26		0		47527
2	1110100111010011101		22		0.145786		48935
2	1110100111010011101		21		0.107976		49163
2	1110100111010011101		20		0.0753937		49385
2	1110100111010011101		19		0.0477662		49555
2	1110100111010011101		18		0.0203798		49722
2	1110100111010011101		17		0.00963593		49804
2	1110100111010011101		16		0.00250405		49875
2	1110100111010011101		15		0.000201464		49925
2	1110100111010011101		14		0		49956
3	1110100111010011101		18		0.185991		49722
3	1110100111010011101		17		0.137794		49804
3	1110100111010011101		16		0.0956456		49875
3	1110100111010011101		15		0.0607088		49925
3	1110100111010011101		14		0.0361894		49956
3	1110100111010011101		13		0.0195264		49970
3	1110100111010011101		12		0.00873446		49977
3	1110100111010011101		11		0.00301999		49986
3	1110100111010011101		10		0.000597775		49995
3	1110100111010011101		9		1.09673e-05		49998
3	1110100111010011101		8		0		49999
4	1110100111010011101		14		0.165065		49956
4	1110100111010011101		13		0.117478		49970
4	1110100111010011101		12		0.0788842		49977
4	1110100111010011101		11		0.048357		49986
4	1110100111010011101		10		0.0264103		49995
4	1110100111010011101		9		0.0119972		49998
4	1110100111010011101		8		0.00468677		49999
4	1110100111010011101		7		0.00138855		49999
4	1110100111010011101		6		0.000289381		50000
4	1110100111010011101		5		2.3365e-05		50000
4	1110100111010011101		4		0		50000
5	1110100111010011101		11		0.158108		49986
5	1110100111010011101		10		0.109292		49995
5	1110100111010011101		9		0.0688073		49998
5	1110100111010011101		8		0.0388458		49999
5	1110100111010011101		7		0.0188385		49999
5	1110100111010011101		6		0.00758141		50000
5	1110100111010011101		5		0.00232428		50000
5	1110100111010011101		4		0.000504375		50000
5	1110100111010011101		3		5.53131e-05		50010
5	1110100111010011101		2		0		50419
6	1110100111010011101		9		0.174847		49998
6	1110100111010011101		8		0.118765		49999
6	1110100111010011101		7		0.0726562		49999
6	1110100111010011101		6		0.0390795		50000
6	1110100111010011101		5		0.0174217		50000
6	1110100111010011101		4		0.00603849		50000
6	1110100111010011101		3		0.00145423		50010
6	1110100111010011101		2		0.000182152		50419
6	1110100111010011101		1		1.62125e-05		163040
0	111111111000111		41		0		28455
1	111111111000111		30		0		47016
2	111111111000111		25		0.172416		48797
2	111111111000111		24		0.12548		49045
2	111111111000111		23		0.1002		49213
2	111111111000111		22		0.0787472		49359
2	111111111000111		21		0.0433202		49600
2	111111111000111		20		0.0313089		49685
2	111111111000111		19		0.0208946		49759
2	111111111000111		18		0		49895
3	111111111000111		20		0.18262		49685
3	111111111000111		19		0.143348		49759
3	111111111000111		18		0.102351		49895
3	111111111000111		17		0.0731478		49922
3	111111111000111		16		0.0508839		49950
3	111111111000111		15		0.0313641		49967
3	111111111000111		14		0.0205568		49974
3	111111111000111		13		0.01297		49982
3	111111111000111		12		0.00522482		49991
3	111111111000111		11		0.00236946		49995
3	111111111000111		10		0.000673532		49997
3	111111111000111		9		0		49999
4	111111111000111		16		0.181501		49950
4	111111111000111		15		0.141608		49967
4	111111111000111		14		0.106333		49974
4	111111111000111		13		0.0779284		49982
4	111111111000111		12		0.053303		49991
4	111111111000111		11		0.0341734		49995
4	111111111000111		10		0.0200598		49997
4	111111111000111		9		0.0101241		49999
4	111111111000111		8		0.00490367		50000
4	111111111000111		7		0.00194168		50000
4	111111111000111		6		0.000398099		50004
4	111111111000111		5		7.05719e-05		50011
4	111111111000111		4		3.33786e-06		50027
4	111111111000111		3		0		50449
5	111111111000111		13		0.196475		49982
5	111111111000111		12		0.153569		49991
5	111111111000111		11		0.115236		49995
5	111111111000111		10		0.0823581		49997
5	111111111000111		9		0.0544796		49999
5	111111111000111		8		0.0333726		50000
5	111111111000111		7		0.0183125		50000
5	111111111000111		6		0.00798267		50004
5	111111111000111		5		0.00318307		50011
5	111111111000111		4		0.00100654		50027
5	111111111000111		3		0.000188828		50449
5	111111111000111		2		4.3869e-05		57295
5	111111111000111		1		6.67572e-06		168466
6	111111111000111		10		0.183347		49997
6	111111111000111		9		0.137832		49999
6	111111111000111		8		0.0978684		50000
6	111111111000111		7		0.0641262		50000
6	111111111000111		6		0.0360552		50004
6	111111111000111		5		0.0186298		50011
6	111111111000111		4		0.00792211		50027
6	111111111000111		3		0.00240988		50449
6	111111111000111		2		0.000757873		57295
6	111111111000111		1		0.000133514		168466
0	1111111111111		43		0		28455
1	1111111111111		31		0		46632
2	1111111111111		24		0.164362		48839
2	1111111111111		23		0.133292		49005
2	1111111111111		22		0.105858		49221
2	1111111111111		21		0.081907		49369
2	1111111111111		20		0.0623037		49510
2	1111111111111		19		0.046042		49628
2	1111111111111		18		0		49852
3	1111111111111		19		0.196766		49628
3	1111111111111		18		0.163159		49852
3	1111111111111		17		0.122655		49878
3	1111111111111		16		0.0897692		49909
3	1111111111111		15		0.0652367		49943
3	1111111111111		14		0.0473278		49955
3	1111111111111		13		0.0336395		49967
3	1111111111111		12		0.0232982		49977
3	1111111111111		11		0.0156509		49986
3	1111111111111		10		0.0100746		49993
3	1111111111111		9		0.0060361		49995
3	1111111111111		8		0.00326574		50001
3	1111111111111		7		0.00151616		50002
3	1111111111111		6		0.000510097		50021
3	1111111111111		5		0		50087
4	1111111111111		15		0.198324		49943
4	1111111111111		14		0.161153		49955
4	1111111111111		13		0.128539		49967
4	1111111111111		12		0.10059		49977
4	1111111111111		11		0.0772563		49986
4	1111111111111		10		0.0580127		49993
4	1111111111111		9		0.0422437		49995
4	1111111111111		8		0.0296639		50001
4	1111111111111		7		0.0200055		50002
4	1111111111111		6		0.0127276		50021
4	1111111111111		5		0.00748676		50087
4	1111111111111		4		0.00397891		50307
4	1111111111111		3		0.00188124		51550
4	1111111111111		2		0.000754535		56744
4	1111111111111		1		0.000221252		75373
5	1111111111111		11		0.176207		49986
5	1111111111111		10		0.142368		49993
5	1111111111111		9		0.112378		49995
5	1111111111111		8		0.0863574		50001
5	1111111111111		7		0.064443		50002
5	1111111111111		6		0.0462127		50021
5	1111111111111		5		0.0314829		50087
5	1111111111111		4		0.0201149		50307
5	1111111111111		3		0.0117813		51550
5	1111111111111		2		0.00611907		56744
5	1111111111111		1		0.00258493		75373
6	1111111111111		8		0.167938		50001
6	1111111111111		7		0.13305		50002
6	1111111111111		6		0.102016		50021
6	1111111111111		5		0.0751168		50087
6	1111111111111		4		0.0525841		50307
6	1111111111111		3		0.0343889		51550
6	1111111111111		2		0.020454		56744
6	1111111111111		1		0.0103393		75373
0	110101111001100010111		35		0		28455
1	110101111001100010111		25		0.168844		44486
1	110101111001100010111		24		0.148491		45132
1	110101111001100010111		23		0		47832
2	110101111001100010111		20		0.169368		48831
2	110101111001100010111		19		0.112704		49126
2	110101111001100010111		18		0.0852103		49309
2	110101111001100010111		17		0.0567924		49503
2	110101111001100010111		16		0.0305488		49668
2	110101111001100010111		15		0.00977194		49796
2	110101111001100010111		14		0.00339764		49872
2	110101111001100010111		13		0.000331819		49916
2	110101111001100010111		12		0		49951
3	110101111001100010111		16		0.19858		49668
3	110101111001100010111		15		0.148644		49796
3	110101111001100010111		14		0.0988272		49872
3	110101111001100010111		13		0.0597897		49916
3	110101111001100010111		12		0.0338477		49951
3	110101111001100010111		11		0.0173721		49974
3	110101111001100010111		10		0.00710952		49987
3	110101111001100010111		9		0.00199026		49992
3	110101111001100010111		8		0.000292718		49994
3	110101111001100010111		7		1.19209e-05		50000
3	110101111001100010111		6		0		50000
4	110101111001100010111		12		0.161883		49951
4	110101111001100010111		11		0.111363		49974
4	110101111001100010111		10		0.0703273		49987
4	110101111001100010111		9		0.0391651		49992
4	110101111001100010111		8		0.0185413		49994
4	110101111001100010111		7		0.00709391		50000
4	110101111001100010111		6		0.00211161		50000
4	110101111001100010111		5		0.000415266		50000
4	110101111001100010111		4		3.67165e-05		50000
4	110101111001100010111		3		1.90735e-06		50000
4	110101111001100010111		2		0		50012
5	110101111001100010111		9		0.140643		49992
5	110101111001100010111		8		0.0895765		49994
5	110101111001100010111		7		0.0502365		50000
5	110101111001100010111		6		0.0236949		50000
5	110101111001100010111		5		0.00875336		50000
5	110101111001100010111		4		0.00240797		50000
5	110101111001100010111		3		0.000394762		50000
5	110101111001100010111		2		2.76566e-05		50012
5	110101111001100010111		1		9.53674e-07		76339
6	110101111001100010111		7		0.142335		50000
6	110101111001100010111		6		0.085586		50000
6	110101111001100010111		5		0.0433578		50000
6	110101111001100010111		4		0.0174199		50000
6	110101111001100010111		3		0.00489461		50000
6	110101111001100010111		2		0.000717878		50012
6	110101111001100010111		1		4.76837e-05		76339
0	11111111110000111		39		0		28455
1	11111111110000111		27		0		47451
2	11111111110000111		24		0.198096		48607
2	11111111110000111		23		0.16393		48821
2	11111111110000111		22		0.13798		49011
2	11111111110000111		21		0.111447		49168
2	11111111110000111		20		0.0780799		49379
2	11111111110000111		19		0.0600571		49498
2	11111111110000111		18		0.044601		49611
2	11111111110000111		17		0.0182278		49764
2	11111111110000111		16		0.0109764		49816
2	11111111110000111		15		0.00563127		49885
2	11111111110000111		14		0		49942
3	11111111110000111		18		0.191201		49611
3	11111111110000111		17		0.146836		49764
3	11111111110000111		16		0.111033		49816
3	11111111110000111		15		0.0807486		49885
3	11111111110000111		14		0.0525236		49942
3	11111111110000111		13		0.0356336		49960
3	11111111110000111		12		0.0231617		49974
3	11111111110000111		11		0.0143852		49981
3	11111111110000111		10		0.00685287		49987
3	11111111110000111		9		0.00277179		49996
3	11111111110000111		8		0.000487685		49999
3	11111111110000111		7		0		49999
4	11111111110000111		14		0.183542		49942
4	11111111110000111		13		0.141726		49960
4	11111111110000111		12		0.106021		49974
4	11111111110000111		11		0.0770223		49981
4	11111111110000111		10		0.0523216		49987
4	11111111110000111		9		0.0320872		49996
4	11111111110000111		8		0.0164157		49999
4	11111111110000111		7		0.00805879		49999
4	11111111110000111		6		0.00374806		49999
4	11111111110000111		5		0.00142473		50000
4	11111111110000111		4		0.000359476		50010
4	11111111110000111		3		7.10487e-05		50110
4	11111111110000111		2		6.67572e-06		51654
4	11111111110000111		1		0		77669
5	11111111110000111		11		0.190626		49981
5	11111111110000111		10		0.146874		49987
5	11111111110000111		9		0.106964		49996
5	11111111110000111		8		0.070205		49999
5	11111111110000111		7		0.0437181		49999
5	11111111110000111		6		0.0245725		49999
5	11111111110000111		5		0.0119133		50000
5	11111111110000111		4		0.00465167		50010
5	11111111110000111		3		0.0018608		50110
5	11111111110000111		2		0.000563443		51654
5	11111111110000111		1		8.86917e-05		77669
6	11111111110000111		8		0.162311		49999
6	11111111110000111		7		0.115661		49999
6	11111111110000111		6		0.0756961		49999
6	11111111110000111		5		0.043812		50000
6	11111111110000111		4		0.0206138		50010
6	11111111110000111		3		0.00999951		50110
6	11111111110000111		2		0.00377226		51654
6	11111111110000111		1		0.000833154		77669
0	11111111111111		42		0		28455
1	11111111111111		29		0		46838
2	11111111111111		23		0.190696		48704
2	11111111111111		22		0.156323		48896
2	11111111111111		21		0.127026		49065
2	11111111111111		20		0.101298		49251
2	11111111111111		19		0.0788897		49398
2	11111111111111		18		0.0604131		49532
2	11111111111111		17		0.0451295		49633
2	11111111111111		16		0.0322058		49713
2	11111111111111		15		0		49877
3	11111111111111		17		0.186748		49633
3	11111111111111		16		0.154955		49713
3	11111111111111		15		0.125437		49877
3	11111111111111		14		0.0921524		49910
3	11111111111111		13		0.0672413		49937
3	11111111111111		12		0.0489921		49957
3	11111111111111		11		0.0350651		49962
3	11111111111111		10		0.0245484		49975
3	11111111111111		9		0.0167168		49983
3	11111111111111		8		0.010955		49992
3	11111111111111		7		0.00679463		49999
3	11111111111111		6		0.00389057		50001
3	11111111111111		5		0.00199217		50021
3	11111111111111		4		0.000850797		50087
3	11111111111111		3		0.000259817		50306
3	11111111111111		2		3.57628e-05		51550
3	11111111111111		1		0		56744
4	11111111111111		13		0.190398		49937
4	11111111111111		12		0.15539		49957
4	11111111111111		11		0.124318		49962
4	11111111111111		10		0.0975109		49975
4	11111111111111		9		0.0749651		49983
4	11111111111111		8		0.0562133		49992
4	11111111111111		7		0.0408086		49999
4	11111111111111		6		0.0284801		50001
4	11111111111111		5		0.0189288		50021
4	11111111111111		4		0.0117578		50087
4	11111111111111		3		0.00663596		50306
4	11111111111111		2		0.00322396		51550
4	11111111111111		1		0.0012095		56744
5	11111111111111		9		0.165823		49983
5	11111111111111		8		0.133366		49992
5	11111111111111		7		0.104479		49999
5	11111111111111		6		0.079326		50001
5	11111111111111		5		0.0580544		50021
5	11111111111111		4		0.0404257		50087
5	11111111111111		3		0.0262836		50306
5	11111111111111		2		0.0154735		51550
5	11111111111111		1		0.00767797		56744
6	11111111111111		7		0.189855		49999
6	11111111111111		6		0.152238		50001
6	11111111111111		5		0.118322		50021
6	11111111111111		4		0.0881984		50087
6	11111111111111		3		0.0622366		50306
6	11111111111111		2		0.0406096		51550
6	11111111111111		1		0.0233131		56744
0	1111011010001110011011		34		0		28455
1	1111011010001110011011		25		0.196927		43717
1	1111011010001110011011		24		0.175053		44367
1	1111011010001110011011		23		0.148491		45097
1	1111011010001110011011		22		0.129166		45674
1	1111011010001110011011		21		0		48013
2	1111011010001110011011		18		0.154912		48923
2	1111011010001110011011		17		0.1012		49212
2	1111011010001110011011		16		0.0716673		49383
2	1111011010001110011011		15		0.0424245		49581
2	1111011010001110011011		14		0.0205437		49726
2	1111011010001110011011		13		0.00722575		49842
2	1111011010001110011011		12		0.0028165		49896
2	1111011010001110011011		11		0.00065279		49936
2	1111011010001110011011		10		0		49963
3	1111011010001110011011		14		0.170528		49726
3	1111011010001110011011		13		0.118557		49842
3	1111011010001110011011		12		0.0772647		49896
3	1111011010001110011011		11		0.0464392		49936
3	1111011010001110011011		10		0.0249036		49963
3	1111011010001110011011		9		0.0105847		49979
3	1111011010001110011011		8		0.00348437		49993
3	1111011010001110011011		7		0.000870824		49999
3	1111011010001110011011		6		8.72612e-05		50000
3	1111011010001110011011		5		1.19209e-05		50000
3	1111011010001110011011		4		0		50000
4	1111011010001110011011		11		0.182287		49936
4	1111011010001110011011		10		0.127881		49963
4	1111011010001110011011		9		0.0831755		49979
4	1111011010001110011011		8		0.0482068		49993
4	1111011010001110011011		7		0.0234132		49999
4	1111011010001110011011		6		0.0090549		50000
4	1111011010001110011011		5		0.00260061		50000
4	1111011010001110011011		4		0.000517726		50000
4	1111011010001110011011		3		6.19888e-05		50000
4	1111011010001110011011		2		6.67572e-06		50000
4	1111011010001110011011		1		0		56251
5	1111011010001110011011		8		0.153675		49993
5	1111011010001110011011		7		0.0989423		49999
5	1111011010001110011011		6		0.0550826		50000
5	1111011010001110011011		5		0.0250161		50000
5	1111011010001110011011		4		0.00878173		50000
5	1111011010001110011011		3		0.00209492		50000
5	1111011010001110011011		2		0.000292718		50000
5	1111011010001110011011		1		3.43323e-05		56251
6	1111011010001110011011		6		0.147781		50000
6	1111011010001110011011		5		0.0855833		50000
6	1111011010001110011011		4		0.040605		50000
6	1111011010001110011011		3		0.0144176		50000
6	1111011010001110011011		2		0.0032382		50000
6	1111011010001110011011		1		0.000361383		56251
0	11101110110001110110001		33		0		28455
1	11101110110001110110001		23		0.16712		44835
1	11101110110001110110001		22		0.147795		45388
1	11101110110001110110001		21		0.110346		46170
1	11101110110001110110001		20		0		48299
2	11101110110001110110001		18		0.158673		48917
2	11101110110001110110001		17		0.120416		49138
2	11101110110001110110001		16		0.0912983		49322
2	11101110110001110110001		15		0.0595494		49500
2	11101110110001110110001		14		0.0362802		49658
2	11101110110001110110001		13		0.0211451		49755
2	11101110110001110110001		12		0.00896585		49854
2	11101110110001110110001		11		0.00392783		49913
2	11101110110001110110001		10		0.000629246		49948
2	11101110110001110110001		9		0		49976
3	11101110110001110110001		14		0.174778		49658
3	11101110110001110110001		13		0.129229		49755
3	11101110110001110110001		12		0.0903784		49854
3	11101110110001110110001		11		0.0588087		49913
3	11101110110001110110001		10		0.0364839		49948
3	11101110110001110110001		9		0.020056		49976
3	11101110110001110110001		8		0.0101755		49989
3	11101110110001110110001		7		0.00408244		49995
3	11101110110001110110001		6		0.00118995		49998
3	11101110110001110110001		5		0.000144958		50000
3	11101110110001110110001		4		1.52588e-05		50000
3	11101110110001110110001		3		0		50000
4	11101110110001110110001		11		0.183886		49913
4	11101110110001110110001		10		0.134031		49948
4	11101110110001110110001		9		0.0921524		49976
4	11101110110001110110001		8		0.0590766		49989
4	11101110110001110110001		7		0.0341384		49995
4	11101110110001110110001		6		0.0172005		49998
4	11101110110001110110001		5		0.00707304		50000
4	11101110110001110110001		4		0.0023005		50000
4	11101110110001110110001		3		0.00050199		50000
4	11101110110001110110001		2		4.95911e-05		50006
4	11101110110001110110001		1		1.43051e-06		56192
5	11101110110001110110001		8		0.156458		49989
5	11101110110001110110001		7		0.106326		49995
5	11101110110001110110001		6		0.065816		49998
5	11101110110001110110001		5		0.0356258		50000
5	11101110110001110110001		4		0.0159626		50000
5	11101110110001110110001		3		0.00536805		50000
5	11101110110001110110001		2		0.00116378		50006
5	11101110110001110110001		1		0.000100136		56192
6	11101110110001110110001		6		0.151705		49998
6	11101110110001110110001		5		0.096359		50000
6	11101110110001110110001		4		0.0525606		50000
6	11101110110001110110001		3		0.0227326		50000
6	11101110110001110110001		2		0.00678611		50006
6	11101110110001110110001		1		0.00092274		56192
0	1111111111100000111		37		0		28455
1	1111111111100000111		25		0.190717		44320
1	1111111111100000111		24		0		47795
2	1111111111100000111		21		0.158115		48835
2	1111111111100000111		20		0.130609		49043
2	1111111111100000111		19		0.108676		49212
2	1111111111100000111		18		0.0873295		49333
2	1111111111100000111		17		0.0681697		49450
2	1111111111100000111		16		0.0427812		49611
2	1111111111100000111		15		0.0303008		49703
2	1111111111100000111		14		0.0194561		49789
2	1111111111100000111		13		0.00379413		49895
2	1111111111100000111		12		0.00140023		49933
2	1111111111100000111		11		0.000201464		49959
2	1111111111100000111		10		0		49974
3	1111111111100000111		16		0.189869		49611
3	1111111111100000111		15		0.15175		49703
3	1111111111100000111		14		0.117307		49789
3	1111111111100000111		13		0.0797118		49895
3	1111111111100000111		12		0.0538021		49933
3	1111111111100000111		11		0.0340863		49959
3	1111111111100000111		10		0.0200761		49974
3	1111111111100000111		9		0.012809		49987
3	1111111111100000111		8		0.00695044		49993
3	1111111111100000111		7		0.00291401		49998
3	1111111111100000111		6		0.000819325		49999
3	1111111111100000111		5		0		49999
4	1111111111100000111		12		0.178314		49933
4	1111111111100000111		11		0.134837		49959
4	1111111111100000111		10		0.095295		49974
4	1111111111100000111		9		0.0662346		49987
4	1111111111100000111		8		0.0435384		49993
4	1111111111100000111		7		0.0255088		49998
4	1111111111100000111		6		0.0134744		49999
4	1111111111100000111		5		0.00532538		49999
4	1111111111100000111		4		0.00245458		50005
4	1111111111100000111		3		0.000997066		50024
4	1111111111100000111		2		0.00027889		50423
4	1111111111100000111		1		6.91414e-05		56842
5	1111111111100000111		9		0.17048		49987
5	1111111111100000111		8		0.125125		49993
5	1111111111100000111		7		0.0852162		49998
5	1111111111100000111		6		0.0541964		49999
5	1111111111100000111		5		0.0281363		49999
5	1111111111100000111		4		0.0152341		50005
5	1111111111100000111		3		0.0072217		50024
5	1111111111100000111		2		0.0025174		50423
5	1111111111100000111		1		0.000820756		56842
6	1111111111100000111		7		0.182438		49998
6	1111111111100000111		6		0.129508		49999
6	1111111111100000111		5		0.0777046		49999
6	1111111111100000111		4		0.0480084		50005
6	1111111111100000111		3		0.0261341		50024
6	1111111111100000111		2		0.0106979		50423
6	1111111111100000111		1		0.004062		56842
