errors	shape		t		lossrate	PM

0	111001001010001011		28		0		31659
1	111001001010001011		23		0.191687		44721
1	111001001010001011		22		0.158234		45592
1	111001001010001011		21		0.134518		46284
1	111001001010001011		20		0		48541
2	111001001010001011		18		0.159978		49200
2	111001001010001011		17		0.0814092		49543
2	111001001010001011		16		0.0402023		49731
2	111001001010001011		15		0.0232081		49819
2	111001001010001011		14		0.00691921		49914
2	111001001010001011		13		0.000724792		49964
2	111001001010001011		12		0		49988
3	111001001010001011		15		0.176617		49819
3	111001001010001011		14		0.11026		49914
3	111001001010001011		13		0.0633583		49964
3	111001001010001011		12		0.0296352		49988
3	111001001010001011		11		0.011063		49992
3	111001001010001011		10		0.00328475		49994
3	111001001010001011		9		0.000631154		49996
3	111001001010001011		8		0.000130177		50000
3	111001001010001011		7		2.0504e-05		50000
3	111001001010001011		6		0		50000
4	111001001010001011		12		0.160303		49988
4	111001001010001011		11		0.0962435		49992
4	111001001010001011		10		0.0505544		49994
4	111001001010001011		9		0.0219443		49996
4	111001001010001011		8		0.00756818		50000
4	111001001010001011		7		0.00206494		50000
4	111001001010001011		6		0.000424743		50000
4	111001001010001011		5		5.38826e-05		50001
4	111001001010001011		4		2.86102e-06		50001
4	111001001010001011		3		0		50152
5	111001001010001011		10		0.18069		49994
5	111001001010001011		9		0.108552		49996
5	111001001010001011		8		0.0558672		50000
5	111001001010001011		7		0.0239211		50000
5	111001001010001011		6		0.00825316		50000
5	111001001010001011		5		0.00212729		50001
5	111001001010001011		4		0.000396669		50001
5	111001001010001011		3		4.00543e-05		50152
5	111001001010001011		2		0		63020
0	111111100011		34		0		31659
1	111111100011		26		0		47882
2	111111100011		22		0.167275		49218
2	111111100011		21		0.116216		49413
2	111111100011		20		0.0876151		49534
2	111111100011		19		0.0414736		49726
2	111111100011		18		0.0271287		49813
2	111111100011		17		0		49942
3	111111100011		18		0.1791		49813
3	111111100011		17		0.117306		49942
3	111111100011		16		0.0785297		49960
3	111111100011		15		0.0466775		49976
3	111111100011		14		0.0282993		49981
3	111111100011		13		0.015972		49985
3	111111100011		12		0.00539988		49992
3	111111100011		11		0.00185698		49997
3	111111100011		10		7.05719e-05		49998
3	111111100011		9		0		50008
4	111111100011		15		0.191079		49976
4	111111100011		14		0.138361		49981
4	111111100011		13		0.0958732		49985
4	111111100011		12		0.060956		49992
4	111111100011		11		0.0350609		49997
4	111111100011		10		0.0174376		49998
4	111111100011		9		0.00822055		50008
4	111111100011		8		0.0032838		50011
4	111111100011		7		0.000716448		50037
4	111111100011		6		6.48499e-05		50125
4	111111100011		5		0		50475
5	111111100011		12		0.182037		49992
5	111111100011		11		0.128734		49997
5	111111100011		10		0.0847467		49998
5	111111100011		9		0.050807		50008
5	111111100011		8		0.0277506		50011
5	111111100011		7		0.0126678		50037
5	111111100011		6		0.00452447		50125
5	111111100011		5		0.00139618		50475
5	111111100011		4		0.000315607		52278
5	111111100011		3		4.29153e-05		78145
5	111111100011		2		2.86102e-06		443585
5	111111100011		1		0		6302680
0	111111111		37		0		31659
1	111111111		29		0		47400
2	111111111		23		0.167071		49239
2	111111111		22		0.126389		49394
2	111111111		21		0.091469		49541
2	111111111		20		0		49870
3	111111111		19		0.185591		49906
3	111111111		18		0.131042		49930
3	111111111		17		0.0890124		49956
3	111111111		16		0.0585816		49970
3	111111111		15		0.037781		49982
3	111111111		14		0.0231235		49988
3	111111111		13		0.0130453		49990
3	111111111		12		0.00620246		49999
3	111111111		11		0		50000
4	111111111		15		0.162992		49982
4	111111111		14		0.12052		49988
4	111111111		13		0.0864289		49990
4	111111111		12		0.0595198		49999
4	111111111		11		0.0390213		50000
4	111111111		10		0.0231715		50022
4	111111111		9		0.0130839		50074
4	111111111		8		0.00677049		50232
4	111111111		7		0.00317115		51208
4	111111111		6		0.00133425		55301
4	111111111		5		0.000460505		70167
4	111111111		4		0.000114918		131476
4	111111111		3		1.38283e-05		378861
4	111111111		2		0		1387919
5	111111111		12		0.165362		49999
5	111111111		11		0.12359		50000
5	111111111		10		0.0892743		50022
5	111111111		9		0.0613007		50074
5	111111111		8		0.039413		50232
5	111111111		7		0.0237759		51208
5	111111111		6		0.0134989		55301
5	111111111		5		0.00702763		70167
5	111111111		4		0.00326574		131476
5	111111111		3		0.00130665		378861
5	111111111		2		0.000415742		1387919
5	111111111		1		8.4877e-05		5519005
0	1111111111		36		0		31659
1	1111111111		27		0		47557
2	1111111111		21		0.159822		49270
2	1111111111		20		0.122108		49419
2	1111111111		19		0.0895519		49555
2	1111111111		18		0.0634244		49664
2	1111111111		17		0		49904
3	1111111111		16		0.143771		49929
3	1111111111		15		0.0992766		49953
3	1111111111		14		0.066694		49970
3	1111111111		13		0.0445827		49980
3	1111111111		12		0.0287204		49984
3	1111111111		11		0.0176325		49992
3	1111111111		10		0.0100972		49997
3	1111111111		9		0.00502986		50021
3	1111111111		8		0.00196171		50072
3	1111111111		7		0		50223
4	1111111111		13		0.167747		49980
4	1111111111		12		0.126204		49984
4	1111111111		11		0.0923563		49992
4	1111111111		10		0.0655866		49997
4	1111111111		9		0.0445194		50021
4	1111111111		8		0.0287464		50072
4	1111111111		7		0.0173917		50223
4	1111111111		6		0.00938702		51193
4	1111111111		5		0.00459421		55234
4	1111111111		4		0.00199783		69987
4	1111111111		3		0.000741661		130902
4	1111111111		2		0.000204563		377381
4	1111111111		1		2.86102e-05		1385169
5	1111111111		10		0.166423		49997
5	1111111111		9		0.125794		50021
5	1111111111		8		0.091858		50072
5	1111111111		7		0.0643404		50223
5	1111111111		6		0.0424532		51193
5	1111111111		5		0.0259055		55234
5	1111111111		4		0.0145135		69987
5	1111111111		3		0.00730127		130902
5	1111111111		2		0.00310129		377381
5	1111111111		1		0.000963688		1385169
0	111001001010011101		28		0		31659
1	111001001010011101		22		0.191687		44820
1	111001001010011101		21		0.165767		45536
1	111001001010011101		20		0.134518		46295
1	111001001010011101		19		0		48525
2	111001001010011101		17		0.187436		49085
2	111001001010011101		16		0.121236		49374
2	111001001010011101		15		0.0629719		49635
2	111001001010011101		14		0.0297948		49784
2	111001001010011101		13		0.0100063		49886
2	111001001010011101		12		0.00295961		49949
2	111001001010011101		11		0.000243664		49974
2	111001001010011101		10		0		49989
3	111001001010011101		13		0.144558		49886
3	111001001010011101		12		0.0883958		49949
3	111001001010011101		11		0.047929		49974
3	111001001010011101		10		0.0211623		49989
3	111001001010011101		9		0.00763679		49994
3	111001001010011101		8		0.00180084		49995
3	111001001010011101		7		0.000182629		49997
3	111001001010011101		6		1.14441e-05		50000
3	111001001010011101		5		0		50000
4	111001001010011101		10		0.129019		49989
4	111001001010011101		9		0.0746973		49994
4	111001001010011101		8		0.037603		49995
4	111001001010011101		7		0.0153327		49997
4	111001001010011101		6		0.00439769		50000
4	111001001010011101		5		0.000816941		50000
4	111001001010011101		4		7.39098e-05		50000
4	111001001010011101		3		0		50060
5	111001001010011101		8		0.141526		49995
5	111001001010011101		7		0.0808323		49997
5	111001001010011101		6		0.038247		50000
5	111001001010011101		5		0.0139946		50000
5	111001001010011101		4		0.00361645		50000
5	111001001010011101		3		0.000551999		50060
5	111001001010011101		2		2.95639e-05		51910
5	111001001010011101		1		0		1432252
0	1111111000111		33		0		31659
1	1111111000111		24		0		48015
2	1111111000111		21		0.195795		49080
2	1111111000111		20		0.153959		49255
2	1111111000111		19		0.123782		49401
2	1111111000111		18		0.0786437		49561
2	1111111000111		17		0.0388034		49741
2	1111111000111		16		0.0257746		49825
2	1111111000111		15		0.0147961		49901
2	1111111000111		14		0		49962
3	1111111000111		16		0.181631		49825
3	1111111000111		15		0.127316		49901
3	1111111000111		14		0.0824175		49962
3	1111111000111		13		0.0532985		49971
3	1111111000111		12		0.0324573		49980
3	1111111000111		11		0.0161352		49985
3	1111111000111		10		0.00702953		49991
3	1111111000111		9		0.00251025		49995
3	1111111000111		8		0.000181198		50000
3	1111111000111		7		0		50010
4	1111111000111		13		0.19688		49971
4	1111111000111		12		0.144164		49980
4	1111111000111		11		0.100801		49985
4	1111111000111		10		0.0646228		49991
4	1111111000111		9		0.0367187		49995
4	1111111000111		8		0.0177127		50000
4	1111111000111		7		0.00757718		50010
4	1111111000111		6		0.00260919		50026
4	1111111000111		5		0.000717402		50085
4	1111111000111		4		0.000107288		50297
4	1111111000111		3		1.04904e-05		56079
4	1111111000111		2		0		143650
5	1111111000111		10		0.183876		49991
5	1111111000111		9		0.128996		49995
5	1111111000111		8		0.083085		50000
5	1111111000111		7		0.0477424		50010
5	1111111000111		6		0.0232236		50026
5	1111111000111		5		0.0100004		50085
5	1111111000111		4		0.00333989		50297
5	1111111000111		3		0.00081408		56079
5	1111111000111		2		0.000185966		143650
5	1111111000111		1		2.19345e-05		1571462
0	11111111111		35		0		31659
1	11111111111		25		0		47710
2	11111111111		20		0.193899		49149
2	11111111111		19		0.151522		49300
2	11111111111		18		0.116366		49442
2	11111111111		17		0.0862004		49572
2	11111111111		16		0.0619759		49680
2	11111111111		15		0.0427872		49762
2	11111111111		14		0		49929
3	11111111111		15		0.190585		49762
3	11111111111		14		0.150971		49929
3	11111111111		13		0.105246		49952
3	11111111111		12		0.0714455		49967
3	11111111111		11		0.0484173		49979
3	11111111111		10		0.0319515		49986
3	11111111111		9		0.0202947		49991
3	11111111111		8		0.012268		50019
3	11111111111		7		0.00684011		50070
3	11111111111		6		0.00333893		50222
3	11111111111		5		0.00131947		51182
3	11111111111		4		0.000332296		55223
3	11111111111		3		0		69938
4	11111111111		11		0.164651		49979
4	11111111111		10		0.125046		49986
4	11111111111		9		0.092303		49991
4	11111111111		8		0.0661331		50019
4	11111111111		7		0.0454333		50070
4	11111111111		6		0.0295755		50222
4	11111111111		5		0.0180278		51182
4	11111111111		4		0.00997257		55223
4	11111111111		3		0.00480306		69938
4	11111111111		2		0.00187176		130804
4	11111111111		1		0.000522494		377127
5	11111111111		8		0.158745		50019
5	11111111111		7		0.119973		50070
5	11111111111		6		0.0870281		50222
5	11111111111		5		0.0601631		51182
5	11111111111		4		0.0388632		55223
5	11111111111		3		0.0228817		69938
5	11111111111		2		0.0117248		130804
5	11111111111		1		0.00473613		377127
0	11111101110101		32		0		31659
1	11111101110101		22		0		48196
2	11111101110101		19		0.199759		49098
2	11111101110101		18		0.149678		49285
2	11111101110101		17		0.105697		49481
2	11111101110101		16		0.0738321		49598
2	11111101110101		15		0.0510927		49714
2	11111101110101		14		0.0349866		49818
2	11111101110101		13		0.017863		49895
2	11111101110101		12		0.00633419		49946
2	11111101110101		11		0		49973
3	11111101110101		14		0.167683		49818
3	11111101110101		13		0.125041		49895
3	11111101110101		12		0.0872175		49946
3	11111101110101		11		0.0563843		49973
3	11111101110101		10		0.0339546		49978
3	11111101110101		9		0.0194231		49986
3	11111101110101		8		0.00955141		49994
3	11111101110101		7		0.00338268		50006
3	11111101110101		6		0.000413358		50010
3	11111101110101		5		0		50036
4	11111101110101		11		0.183593		49973
4	11111101110101		10		0.136146		49978
4	11111101110101		9		0.0960289		49986
4	11111101110101		8		0.0632766		49994
4	11111101110101		7		0.0373905		50006
4	11111101110101		6		0.0173163		50010
4	11111101110101		5		0.00593138		50036
4	11111101110101		4		0.00143427		50134
4	11111101110101		3		0.000154495		50772
4	11111101110101		2		0		57125
5	11111101110101		8		0.167036		49994
5	11111101110101		7		0.118235		50006
5	11111101110101		6		0.0747268		50010
5	11111101110101		5		0.0390346		50036
5	11111101110101		4		0.0154303		50134
5	11111101110101		3		0.00404775		50772
5	11111101110101		2		0.000595868		57125
5	11111101110101		1		3.43323e-05		434438
0	11111110001111		32		0		31659
1	11111110001111		22		0		48149
2	11111110001111		18		0.140569		49308
2	11111110001111		17		0.111394		49441
2	11111110001111		16		0.0821287		49568
2	11111110001111		15		0.0348693		49764
2	11111110001111		14		0.0231608		49840
2	11111110001111		13		0.0135391		49908
2	11111110001111		12		0.00633419		49943
2	11111110001111		11		0		49973
3	11111110001111		14		0.175184		49840
3	11111110001111		13		0.127468		49908
3	11111110001111		12		0.0881001		49943
3	11111110001111		11		0.0522348		49973
3	11111110001111		10		0.0314755		49977
3	11111110001111		9		0.0157045		49982
3	11111110001111		8		0.00605839		49992
3	11111110001111		7		0.00242037		49999
3	11111110001111		6		0.000752151		50001
3	11111110001111		5		0.000100136		50025
3	11111110001111		4		0		50077
4	11111110001111		11		0.194949		49973
4	11111110001111		10		0.14063		49977
4	11111110001111		9		0.0943899		49982
4	11111110001111		8		0.0585749		49992
4	11111110001111		7		0.0322289		49999
4	11111110001111		6		0.0148705		50001
4	11111110001111		5		0.00608683		50025
4	11111110001111		4		0.00195789		50077
4	11111110001111		3		0.000468612		51363
4	11111110001111		2		0.000119209		72476
4	11111110001111		1		2.14577e-05		419215
5	11111110001111		8		0.168803		49992
5	11111110001111		7		0.11396		49999
5	11111110001111		6		0.0671852		50001
5	11111110001111		5		0.0367205		50025
5	11111110001111		4		0.0166174		50077
5	11111110001111		3		0.00544584		51363
5	11111110001111		2		0.0018732		72476
5	11111110001111		1		0.000416696		419215
0	111111111111		34		0		31659
1	111111111111		23		0		47864
2	111111111111		18		0.181437		49194
2	111111111111		17		0.142027		49341
2	111111111111		16		0.109499		49476
2	111111111111		15		0.0816923		49603
2	111111111111		14		0.0591849		49702
2	111111111111		13		0.0414736		49771
2	111111111111		12		0.0271287		49842
2	111111111111		11		0		49953
3	111111111111		13		0.177682		49771
3	111111111111		12		0.140739		49842
3	111111111111		11		0.10672		49953
3	111111111111		10		0.0727035		49968
3	111111111111		9		0.049435		49981
3	111111111111		8		0.0327659		49985
3	111111111111		7		0.021005		50013
3	111111111111		6		0.0128425		50070
3	111111111111		5		0.00728422		50220
3	111111111111		4		0.00369722		51182
3	111111111111		3		0.00157279		55218
3	111111111111		2		0.000481486		69932
3	111111111111		1		7.05719e-05		130792
4	111111111111		10		0.197334		49968
4	111111111111		9		0.1549		49981
4	111111111111		8		0.117859		49985
4	111111111111		7		0.086917		50013
4	111111111111		6		0.061877		50070
4	111111111111		5		0.0419024		50220
4	111111111111		4		0.0266429		51182
4	111111111111		3		0.0155111		55218
4	111111111111		2		0.00784498		69932
4	111111111111		1		0.00302476		130792
5	111111111111		7		0.185836		50013
5	111111111111		6		0.143886		50070
5	111111111111		5		0.106849		50220
5	111111111111		4		0.0754361		51182
5	111111111111		3		0.0497754		55218
5	111111111111		2		0.0296181		69932
5	111111111111		1		0.0147231		130792
0	1110100111010011101		27		0		31659
1	1110100111010011101		19		0.165767		45599
1	1110100111010011101		18		0.142051		46205
1	1110100111010011101		17		0.111551		46853
1	1110100111010011101		16		0		48717
2	1110100111010011101		14		0.164449		49201
2	1110100111010011101		13		0.113742		49438
2	1110100111010011101		12		0.0641904		49651
2	1110100111010011101		11		0.0355635		49774
2	1110100111010011101		10		0.0139844		49885
2	1110100111010011101		9		0.00436521		49944
2	1110100111010011101		8		0		49976
3	1110100111010011101		11		0.197012		49774
3	1110100111010011101		10		0.133464		49885
3	1110100111010011101		9		0.0851259		49944
3	1110100111010011101		8		0.0461195		49976
3	1110100111010011101		7		0.0233061		49985
3	1110100111010011101		6		0.00681597		49992
3	1110100111010011101		5		0.00138521		49997
3	1110100111010011101		4		0.000126839		49998
3	1110100111010011101		3		0		50005
4	1110100111010011101		8		0.172627		49976
4	1110100111010011101		7		0.112287		49985
4	1110100111010011101		6		0.0625281		49992
4	1110100111010011101		5		0.0291344		49997
4	1110100111010011101		4		0.00973225		49998
4	1110100111010011101		3		0.00203449		50005
4	1110100111010011101		2		0.000103951		50288
4	1110100111010011101		1		0		133187
5	1110100111010011101		6		0.175		49992
5	1110100111010011101		5		0.10579		49997
5	1110100111010011101		4		0.0517633		49998
5	1110100111010011101		3		0.0189424		50005
5	1110100111010011101		2		0.00415796		50288
5	1110100111010011101		1		0.000226974		133187
0	111111111000111		31		0		31659
1	111111111000111		20		0		48372
2	111111111000111		17		0.164669		49221
2	111111111000111		16		0.129364		49365
2	111111111000111		15		0.103509		49487
2	111111111000111		14		0.0667806		49639
2	111111111000111		13		0.0474669		49740
2	111111111000111		12		0.031945		49823
2	111111111000111		11		0.0113732		49926
2	111111111000111		10		0.00539178		49950
2	111111111000111		9		0.00178939		49972
2	111111111000111		8		0		49982
3	111111111000111		12		0.15806		49823
3	111111111000111		11		0.112617		49926
3	111111111000111		10		0.0773241		49950
3	111111111000111		9		0.0485344		49972
3	111111111000111		8		0.0269594		49982
3	111111111000111		7		0.0146488		49987
3	111111111000111		6		0.00591761		49994
3	111111111000111		5		0.0014357		50008
3	111111111000111		4		0.000204563		50025
3	111111111000111		3		0		50365
4	111111111000111		9		0.166972		49972
4	111111111000111		8		0.119562		49982
4	111111111000111		7		0.0791425		49987
4	111111111000111		6		0.0444916		49994
4	111111111000111		5		0.0224474		50008
4	111111111000111		4		0.00888997		50025
4	111111111000111		3		0.00219297		50365
4	111111111000111		2		0.000686407		55491
4	111111111000111		1		0.000124454		140635
5	111111111000111		7		0.195155		49987
5	111111111000111		6		0.132208		49994
5	111111111000111		5		0.0831436		50008
5	111111111000111		4		0.0441968		50025
5	111111111000111		3		0.0158715		50365
5	111111111000111		2		0.00632948		55491
5	111111111000111		1		0.00162375		140635
0	1111111111111		33		0		31659
1	1111111111111		21		0		48064
2	1111111111111		16		0.167775		49249
2	1111111111111		15		0.131451		49389
2	1111111111111		14		0.101532		49520
2	1111111111111		13		0.075704		49645
2	1111111111111		12		0.0550078		49719
2	1111111111111		11		0.0388034		49791
2	1111111111111		10		0.0257746		49859
2	1111111111111		9		0.0147961		49922
2	1111111111111		8		0		49973
3	1111111111111		11		0.162499		49791
3	1111111111111		10		0.128157		49859
3	1111111111111		9		0.0969582		49922
3	1111111111111		8		0.0701061		49973
3	1111111111111		7		0.0473695		49982
3	1111111111111		6		0.0310717		50007
3	1111111111111		5		0.0195793		50063
3	1111111111111		4		0.0116551		50220
3	1111111111111		3		0.00629866		51180
3	1111111111111		2		0.0029164		55218
3	1111111111111		1		0.000988007		69930
4	1111111111111		8		0.17779		49973
4	1111111111111		7		0.139525		49982
4	1111111111111		6		0.105529		50007
4	1111111111111		5		0.076656		50063
4	1111111111111		4		0.0530307		50220
4	1111111111111		3		0.0342402		51180
4	1111111111111		2		0.0200247		55218
4	1111111111111		1		0.00984514		69930
5	1111111111111		5		0.162427		50063
5	1111111111111		4		0.122449		50220
5	1111111111111		3		0.087244		51180
5	1111111111111		2		0.0575081		55218
5	1111111111111		1		0.0333791		69930
0	110101111001100010111		25		0		31659
1	110101111001100010111		17		0.176621		45426
1	110101111001100010111		16		0.126985		46445
1	110101111001100010111		15		0.0893363		47217
1	110101111001100010111		14		0.0676805		47741
1	110101111001100010111		13		0		48962
2	110101111001100010111		12		0.16062		49235
2	110101111001100010111		11		0.0918419		49536
2	110101111001100010111		10		0.0500191		49703
2	110101111001100010111		9		0.0271006		49809
2	110101111001100010111		8		0.0152212		49883
2	110101111001100010111		7		0.00519919		49946
2	110101111001100010111		6		0.000791967		49978
2	110101111001100010111		5		0		49989
3	110101111001100010111		9		0.16308		49809
3	110101111001100010111		8		0.104824		49883
3	110101111001100010111		7		0.0620403		49946
3	110101111001100010111		6		0.0305361		49978
3	110101111001100010111		5		0.0115943		49989
3	110101111001100010111		4		0.00324202		49995
3	110101111001100010111		3		0.000536323		49998
3	110101111001100010111		2		3.14713e-05		50005
3	110101111001100010111		1		0		69175
4	110101111001100010111		6		0.128387		49978
4	110101111001100010111		5		0.0695494		49989
4	110101111001100010111		4		0.0304487		49995
4	110101111001100010111		3		0.00964159		49998
4	110101111001100010111		2		0.00169325		50005
4	110101111001100010111		1		0.00014782		69175
5	110101111001100010111		5		0.188344		49989
5	110101111001100010111		4		0.10521		49995
5	110101111001100010111		3		0.0459026		49998
5	110101111001100010111		2		0.0125708		50005
5	110101111001100010111		1		0.00167513		69175
0	11111111110000111		29		0		31659
1	11111111110000111		19		0.184154		45493
1	11111111110000111		18		0.158234		46053
1	11111111110000111		17		0		48640
2	11111111110000111		15		0.198628		49099
2	11111111110000111		14		0.121685		49390
2	11111111110000111		13		0.0938166		49521
2	11111111110000111		12		0.0727758		49625
2	11111111110000111		11		0.0520768		49734
2	11111111110000111		10		0.0275654		49848
2	11111111110000111		9		0.015474		49907
2	11111111110000111		8		0.00486451		49945
2	11111111110000111		7		0		49978
3	11111111110000111		11		0.195399		49734
3	11111111110000111		10		0.150106		49848
3	11111111110000111		9		0.108297		49907
3	11111111110000111		8		0.0658218		49945
3	11111111110000111		7		0.0354492		49978
3	11111111110000111		6		0.0192267		49984
3	11111111110000111		5		0.00925666		49990
3	11111111110000111		4		0.00299674		50003
3	11111111110000111		3		0.000906527		50074
3	11111111110000111		2		0.000173569		51223
3	11111111110000111		1		1.00136e-05		70842
4	11111111110000111		8		0.197245		49945
4	11111111110000111		7		0.141097		49978
4	11111111110000111		6		0.0912303		49984
4	11111111110000111		5		0.0524521		49990
4	11111111110000111		4		0.02298		50003
4	11111111110000111		3		0.0110389		50074
4	11111111110000111		2		0.00410473		51223
4	11111111110000111		1		0.000871301		70842
5	11111111110000111		5		0.145339		49990
5	11111111110000111		4		0.0770622		50003
5	11111111110000111		3		0.0434983		50074
5	11111111110000111		2		0.0200252		51223
5	11111111110000111		1		0.00578916		70842
0	11111111111111		32		0		31659
1	11111111111111		19		0		48228
2	11111111111111		15		0.19359		49131
2	11111111111111		14		0.153251		49312
2	11111111111111		13		0.119986		49443
2	11111111111111		12		0.0920872		49572
2	11111111111111		11		0.0684032		49670
2	11111111111111		10		0.0495687		49750
2	11111111111111		9		0.0348693		49822
2	11111111111111		8		0.0231608		49878
2	11111111111111		7		0.0135391		49932
2	11111111111111		6		0.00633419		49959
2	11111111111111		5		0		50005
3	11111111111111		10		0.181735		49750
3	11111111111111		9		0.145328		49822
3	11111111111111		8		0.11351		49878
3	11111111111111		7		0.0850604		49932
3	11111111111111		6		0.0609524		49959
3	11111111111111		5		0.042114		50005
3	11111111111111		4		0.0267352		50059
3	11111111111111		3		0.015948		50216
3	11111111111111		2		0.00861818		51179
3	11111111111111		1		0.0038383		55217
4	11111111111111		7		0.196802		49932
4	11111111111111		6		0.155321		49959
4	11111111111111		5		0.119802		50005
4	11111111111111		4		0.08868		50059
4	11111111111111		3		0.0618489		50216
4	11111111111111		2		0.0398806		51179
4	11111111111111		1		0.0226268		55217
5	11111111111111		4		0.175807		50059
5	11111111111111		3		0.133273		50216
5	11111111111111		2		0.0949481		51179
5	11111111111111		1		0.0614564		55217
0	1111011010001110011011		24		0		31659
1	1111011010001110011011		17		0.19922		44698
1	1111011010001110011011		16		0.1733		45453
1	1111011010001110011011		15		0.119084		46538
1	1111011010001110011011		14		0.0973015		47059
1	1111011010001110011011		13		0.0676804		47720
1	1111011010001110011011		12		0.0452793		48221
1	1111011010001110011011		11		0		49151
2	1111011010001110011011		11		0.180353		49151
2	1111011010001110011011		10		0.10204		49471
2	1111011010001110011011		9		0.0532556		49669
2	1111011010001110011011		8		0.0303084		49798
2	1111011010001110011011		7		0.0180999		49882
2	1111011010001110011011		6		0.00692725		49944
2	1111011010001110011011		5		0.00204855		49977
2	1111011010001110011011		4		0.0005337		49990
2	1111011010001110011011		3		0		49995
3	1111011010001110011011		8		0.164958		49798
3	1111011010001110011011		7		0.106481		49882
3	1111011010001110011011		6		0.0634186		49944
3	1111011010001110011011		5		0.0300552		49977
3	1111011010001110011011		4		0.0103592		49990
3	1111011010001110011011		3		0.00321919		49995
3	1111011010001110011011		2		0.000561535		49997
3	1111011010001110011011		1		7.34329e-05		54558
4	1111011010001110011011		6		0.197434		49944
4	1111011010001110011011		5		0.121824		49977
4	1111011010001110011011		4		0.0594202		49990
4	1111011010001110011011		3		0.0233303		49995
4	1111011010001110011011		2		0.00601006		49997
4	1111011010001110011011		1		0.000864625		54558
5	1111011010001110011011		4		0.16729		49990
5	1111011010001110011011		3		0.0817339		49995
5	1111011010001110011011		2		0.0278823		49997
5	1111011010001110011011		1		0.00513089		54558
0	11101110110001110110001		23		0		31659
1	11101110110001110110001		16		0.180833		45361
1	11101110110001110110001		15		0.157117		46035
1	11101110110001110110001		14		0.134151		46569
1	11101110110001110110001		13		0.0918884		47379
1	11101110110001110110001		12		0.0714088		47836
1	11101110110001110110001		11		0.0226391		48782
1	11101110110001110110001		10		0		49411
2	11101110110001110110001		10		0.123112		49411
2	11101110110001110110001		9		0.0759643		49590
2	11101110110001110110001		8		0.0445581		49735
2	11101110110001110110001		7		0.0246295		49855
2	11101110110001110110001		6		0.0127535		49927
2	11101110110001110110001		5		0.00673282		49966
2	11101110110001110110001		4		0.00197858		49986
2	11101110110001110110001		3		0.000391901		49994
2	11101110110001110110001		2		0		50000
3	11101110110001110110001		8		0.17797		49735
3	11101110110001110110001		7		0.118713		49855
3	11101110110001110110001		6		0.0733466		49927
3	11101110110001110110001		5		0.0426135		49966
3	11101110110001110110001		4		0.0208907		49986
3	11101110110001110110001		3		0.00758809		49994
3	11101110110001110110001		2		0.00173658		50000
3	11101110110001110110001		1		0.000173092		54383
4	11101110110001110110001		6		0.196012		49927
4	11101110110001110110001		5		0.129618		49966
4	11101110110001110110001		4		0.0756926		49986
4	11101110110001110110001		3		0.0357913		49994
4	11101110110001110110001		2		0.0117508		50000
4	11101110110001110110001		1		0.00189459		54383
5	11101110110001110110001		4		0.174776		49986
5	11101110110001110110001		3		0.0978125		49994
5	11101110110001110110001		2		0.0403067		50000
5	11101110110001110110001		1		0.00872785		54383
0	1111111111100000111		27		0		31659
1	1111111111100000111		17		0.158234		45964
1	1111111111100000111		16		0.134518		46497
1	1111111111100000111		15		0.111551		47003
1	1111111111100000111		14		0		48919
2	1111111111100000111		13		0.190581		49129
2	1111111111100000111		12		0.138696		49335
2	1111111111100000111		11		0.0862794		49550
2	1111111111100000111		10		0.0615019		49678
2	1111111111100000111		9		0.0436937		49769
2	1111111111100000111		8		0.0287128		49850
2	1111111111100000111		7		0.0160782		49903
2	1111111111100000111		6		0.00286621		49957
2	1111111111100000111		5		0		49978
3	1111111111100000111		9		0.17114		49769
3	1111111111100000111		8		0.127374		49850
3	1111111111100000111		7		0.0885205		49903
3	1111111111100000111		6		0.0521164		49957
3	1111111111100000111		5		0.0222264		49978
3	1111111111100000111		4		0.0111945		49990
3	1111111111100000111		3		0.00514895		50012
3	1111111111100000111		2		0.00179988		50280
3	1111111111100000111		1		0.000594437		54941
4	1111111111100000111		6		0.160075		49957
4	1111111111100000111		5		0.0924147		49978
4	1111111111100000111		4		0.0559744		49990
4	1111111111100000111		3		0.0299193		50012
4	1111111111100000111		2		0.012048		50280
4	1111111111100000111		1		0.00482678		54941
5	1111111111100000111		4		0.141795		49990
5	1111111111100000111		3		0.0873493		50012
5	1111111111100000111		2		0.0416484		50280
5	1111111111100000111		1		0.0185193		54941
