101001111000101
10110000001100101
10111110101110111001
1011111010111011101
101111110111011101
10111111011101111
1011111111110111
101111111111111
11000000100100101
110101111001100010111
1101101101101
11011011011011
11011011011011011
111001001010001011
111001001010011101
1110100111010011101
11101110110001110110001
11101110111011
111011101110111
11101110111011101
111011101110111011
1111011010001110011011
1111100001
1111100011
11111001
111110011
1111101
111111
11111100011
1111110011
11111101
11111101110101
1111111
111111100011
1111111000111
11111110001111
11111110011
111111100111
111111101
11111111
1111111100111
1111111101
111111111
111111111000111
11111111100111
11111111101
1111111111
11111111110000111
111111111100111
111111111101
11111111111
1111111111100000111
1111111111100111
1111111111101
111111111111
11111111111101
1111111111111
111111111111101
11111111111111
11101110111
11011011011
1101101101